tr4 0 None 1
tr4 0 0098219 1
tr4 0 0098389 1
tr4 0 0098515 1
tr4 0 0098577 1
tr4 0 0098653 1
tr4 0 0098868 1
tr4 0 0098891 1
tr4 0 None 1
tr4 0 None 1
tr4 0 0099252 1
tr4 0 0099265 1
tr4 0 None 1
tr4 0 0099321 1
tr4 0 0099459 1
tr4 0 None 1
tr4 0 0099492 1
tr4 0 0099592 1
tr4 0 0099594 1
tr4 0 0099638 1
tr4 0 0099686 1
tr4 0 0099719 1
tr4 0 None 1
tr4 0 0099778 1
tr4 0 0099860 1
tr4 0 0099888 1
tr4 0 0099957 1
tr4 0 0100082 1
tr4 0 None 1
tr4 0 None 1
tr4 0 0100343 1
tr4 0 None 1
tr4 0 0100497 1
tr4 0 0100541 1
tr4 0 0100552 1
tr4 0 0100600 1
tr4 0 0100711 1
tr4 0 0100785 1
tr4 0 0101165 1
tr5 0 0117013 1
tr5 0 0117023 1
tr5 0 0117037 1
tr5 0 0117039 1
tr5 0 0117047 1
tr5 0 0117050 1
tr5 0 0117052 1
tr5 0 0117071 1
tr5 0 0117104 1
tr5 0 0117131 1
tr5 0 0117144 1
tr5 0 None 1
tr5 0 0117191 1
tr5 0 0117195 1
tr5 0 0117243 1
tr5 0 0117273 1
tr5 0 0117307 1
tr5 0 0117344 1
tr5 0 0117406 1
tr5 0 0117499 1
tr5 0 0117503 1
tr5 0 0117516 1
tr5 0 0117556 1
tr5 0 0117561 1
tr5 0 0117604 1
tr5 0 0117609 1
tr5 0 0117641 1
tr5 0 0117647 1
tr5 0 0117651 1
tr5 0 0117667 1
tr5 0 0117715 1
tr5 0 0117748 1
tr5 0 0117750 1
tr5 0 0117797 1
tr5 0 0117800 1
tr5 0 0117806 1
tr5 0 0117864 1
tr5 0 0117878 1
tr5 0 0117879 1
tr5 0 0117920 1
tr5 0 0117944 1
tr5 0 0117945 1
tr5 0 0117951 1
tr5 0 0117985 1
tr5 0 0117987 1
tr5 0 0118009 1
tr5 0 0118012 1
tr5 0 0118023 1
tr5 0 0118039 1
tr5 0 0118041 1
tr5 0 0118043 1
tr5 0 0118049 1
tr5 0 0118053 1
tr5 0 0118065 1
tr5 0 0118143 1
tr5 0 0118179 1
tr5 0 0118218 1
tr5 0 0118219 1
tr5 0 0118223 1
tr5 0 0118227 1
tr5 0 0118231 1
tr5 0 0118234 1
tr5 0 0118240 1
tr5 0 0118253 1
tr5 0 0118281 1
tr5 0 0118303 1
tr5 0 0118305 1
tr5 0 0118312 1
tr5 0 0118335 1
tr5 0 0118343 1
tr5 0 0118347 1
tr5 0 0118358 1
tr5 0 0118380 1
tr5 0 0118382 1
tr5 0 0118428 1
tr5 0 0118437 1
tr5 0 0118459 1
tr5 0 0118461 1
tr5 0 0118480 1
tr5 0 0118485 1
tr5 0 0118492 1
tr5 0 0118501 1
tr5 0 0118503 1
tr5 0 0118521 1
tr5 0 0118535 1
tr5 0 0118567 1
tr5 0 0118573 1
tr5 0 0118586 1
tr5 0 0118595 1
tr5 0 0118630 1
tr5 0 None 1
tr5 0 0118659 1
tr5 0 0118723 1
tr5 0 0118729 1
tr5 0 0118745 1
tr5 0 None 1
tr5 0 0118748 1
tr5 0 0118772 1
tr5 0 0118781 1
tr5 0 0118782 1
tr5 0 0118794 1
tr5 0 None 1
tr5 0 0118862 1
tr5 0 0118885 1
tr5 0 0118930 1
tr5 0 0118950 1
tr5 0 0118962 1
tr5 0 0118980 1
tr5 0 0119015 1
tr5 0 0119016 1
tr5 0 0119017 1
tr5 0 0119025 1
tr5 0 0119091 1
tr5 0 0119092 1
tr5 0 0119128 1
tr5 0 0119166 1
tr5 0 0119196 1
tr5 0 0119201 1
tr5 0 0119224 1
tr5 0 0119247 1
tr5 0 0119252 1
tr5 0 0119253 1
tr5 0 0119295 1
tr5 0 0119327 1
tr5 0 0119330 1
tr5 0 0119331 1
tr5 0 0119350 1
tr5 0 0119382 1
tr5 0 0119399 1
tr5 0 0119403 1
tr5 0 None 1
tr5 0 0119433 1
tr5 0 0119464 1
tr5 0 0119475 1
tr5 0 0119480 1
tr5 0 0119494 1
tr5 0 0119506 1
tr5 0 0119521 1
tr5 0 0119537 1
tr5 0 0119564 1
tr5 0 0119590 1
tr5 0 0119621 1
tr5 0 0119715 1
tr5 0 0119716 1
tr5 0 0119750 1
tr5 0 0119755 1
tr5 0 0119782 1
tr5 0 0119794 1
tr5 0 0119811 1
tr5 0 0119884 1
tr5 0 0119900 1
tr5 0 0119925 1
tr5 0 0119946 1
tr5 0 0119957 1
tr5 0 0119976 1
tr5 0 0119983 1
tr5 0 0119985 1
tr5 0 0119987 1
tr5 0 0119989 1
tr5 0 0120036 1
tr5 0 0120062 1
tr5 0 0120063 1
tr5 0 0120107 1
tr5 0 0120124 1
tr5 0 0120147 1
tr5 0 0120163 1
tr5 0 0120175 1
tr5 0 None 1
tr5 0 0120216 1
tr5 0 0120229 1
tr5 0 0120293 1
tr5 0 0120322 1
tr5 0 0120391 1
tr5 0 0120401 1
tr5 0 0120403 1
tr5 0 0120417 1
tr5 0 0120422 1
tr5 0 0120427 1
tr5 0 0120438 1
tr5 0 0120458 1
tr5 0 0120463 1
tr5 0 0120514 1
tr5 0 0120546 1
tr5 0 0120553 1
tr5 0 0120569 1
tr5 0 0120586 1
tr5 0 0120600 1
tr5 0 0120606 1
tr5 0 0120622 1
tr5 0 0120632 1
tr5 0 0120635 1
tr5 0 0120662 1
tr5 0 0120701 1
tr5 0 0120706 1
tr5 0 0120712 1
tr5 0 0120722 1
tr5 0 0120723 1
tr5 0 0120750 1
tr5 0 0120772 1
tr5 0 0120800 1
tr5 0 0120806 1
tr5 0 0120813 1
tr5 0 0120833 1
tr5 0 0120834 1
tr5 0 0120886 1
tr5 0 0120913 1
tr5 0 0120914 1
tr5 0 0120921 1
tr5 0 0120926 1
tr5 0 0120942 1
tr5 0 0120974 1
tr5 0 0120976 1
tr5 0 0121003 1
tr5 0 0121013 1
tr5 0 0121023 1
tr5 0 0121034 1
tr5 0 0121045 1
tr5 0 0121053 1
tr5 0 0121065 1
tr5 0 0121068 1
tr5 0 0121069 1
tr5 0 0121080 1
tr5 0 0121093 1
tr5 0 0121098 1
tr5 0 0121099 1
tr5 0 0121122 1
tr5 0 0121138 1
tr5 0 0121167 1
tr5 0 0121176 1
tr5 0 0121177 1
tr5 0 0121179 1
tr5 0 0121187 1
tr5 0 0121220 1
tr5 0 0121227 1
tr5 0 0121235 1
tr5 0 0121240 1
tr5 0 0121243 1
tr5 0 0121255 1
tr5 0 0121286 1
tr5 0 0121298 1
tr5 0 0121328 1
tr5 0 0121333 1
tr5 0 0121355 1
tr5 0 0121357 1
tr5 0 0121378 1
tr5 0 0121393 1
tr5 0 0121396 1
tr5 0 0121418 1
tr5 0 0121423 1
tr5 0 0121424 1
tr5 0 0121435 1
tr5 0 0121455 1
tr5 0 0121461 1
tr5 0 0121495 1
tr5 0 0121506 1
tr5 0 0121553 1
tr5 0 0121594 1
tr5 0 0121600 1
tr5 0 0121604 1
tr5 0 0121625 1
tr5 0 0121631 1
tr5 0 0121656 1
tr5 0 0121681 1
tr5 0 0121705 1
tr5 0 0121712 1
tr5 0 0121721 1
tr5 0 0121780 1
tr5 0 0121813 1
tr5 0 0121828 1
tr5 0 0121853 1
tr5 0 None 1
tr5 0 0121952 1
tr5 0 0121981 1
tr5 0 0121992 1
tr5 0 0121998 1
tr5 0 0122008 1
tr5 0 0122016 1
tr5 0 0122027 1
tr5 0 0122058 1
tr5 0 0122084 1
tr5 0 0122093 1
tr5 0 0122100 1
tr5 0 0122108 1
tr5 0 0122119 1
tr5 0 0122124 1
tr5 0 0122131 1
tr5 0 0122162 1
tr5 0 0122206 1
tr5 0 0122208 1
tr5 0 0122214 1
tr5 0 0122224 1
tr5 0 0122262 1
tr5 0 0122295 1
tr5 0 0122298 1
tr5 0 0122310 1
tr5 0 0122324 1
tr5 0 0122354 1
tr5 0 0122382 1
tr5 0 0122400 1
tr5 0 0122403 1
tr5 0 0122408 1
tr5 0 0122410 1
tr5 0 0122433 1
tr5 0 0122457 1
tr5 0 0122458 1
tr5 0 0122489 1
tr5 0 0122499 1
tr5 0 0122504 1
tr5 0 0122510 1
tr5 0 0122511 1
tr5 0 0122528 1
tr5 0 0122559 1
tr5 0 0122592 1
tr5 0 0122593 1
tr5 0 0122600 1
tr5 0 0122687 1
tr5 0 0122689 1
tr5 0 0122709 1
tr5 0 0122738 1
tr5 0 0122739 1
tr5 0 0122750 1
tr5 0 0122792 1
tr5 0 0122797 1
tr5 0 0122799 1
tr5 0 0122827 1
tr5 0 0122855 1
tr5 0 0122884 1
tr5 0 0122885 1
tr5 0 0122886 1
tr5 0 0122929 1
tr5 0 None 1
tr5 0 0122964 1
tr5 0 0122965 1
tr5 0 0123000 1
tr5 0 0123014 1
tr5 0 0123016 1
tr5 0 0123019 1
tr5 0 0123030 1
tr5 0 0123044 1
tr5 0 0123101 1
tr5 0 0123121 1
tr5 0 0123122 1
tr5 0 0123149 1
tr5 0 0123169 1
tr5 0 0123181 1
tr5 0 0123198 1
tr5 0 0123239 1
tr5 0 0123382 1
tr5 0 0123423 1
tr5 0 0123438 1
tr5 0 0123499 1
tr5 0 0123513 1
tr5 0 0123541 1
tr5 0 0123542 1
tr5 0 0123543 1
tr5 0 0123551 1
tr5 0 0123566 1
tr5 0 0123640 1
tr5 0 None 1
tr5 0 0123682 1
tr5 0 0123691 1
tr5 0 0123692 1
tr5 0 0123739 1
tr5 0 0123742 1
tr5 0 0123756 1
tr5 0 None 1
tr5 0 0123769 1
tr5 0 0123783 1
tr5 0 0123784 1
tr5 0 0123815 1
tr5 0 0123818 1
tr5 0 0123835 1
tr5 0 0123836 1
tr5 0 0123837 1
tr5 0 0123838 1
tr5 0 0123858 1
tr5 0 0123865 1
tr5 0 0123891 1
tr5 0 0123937 1
tr5 0 0123954 1
tr5 0 0123961 1
tr5 0 0123971 1
tr5 0 0123976 1
tr5 0 0123987 1
tr5 0 0124050 1
tr5 0 0124055 1
tr5 0 0124056 1
tr5 0 0124069 1
tr5 0 0124074 1
tr5 0 None 1
tr5 0 0124084 1
tr5 0 None 1
tr5 0 0124142 1
tr5 0 0124146 1
tr5 0 0124149 1
tr5 0 0124171 1
tr5 0 0124178 1
tr5 0 0124187 1
tr5 0 0124194 1
tr5 0 0124213 1
tr5 0 0124216 1
tr5 0 0124231 1
tr5 0 0124242 1
tr5 0 0124256 1
tr5 0 0124318 1
tr5 0 0124323 1
tr5 0 0124335 1
tr5 0 0124343 1
tr5 0 0124347 1
tr5 0 0124363 1
tr5 0 0124391 1
tr5 0 0124409 1
tr5 0 0124415 1
tr5 0 0124427 1
tr5 0 0124430 1
tr5 0 0124434 1
tr5 0 0124457 1
tr5 0 0124487 1
tr5 0 0124511 1
tr5 0 0124521 1
tr5 0 0124527 1
tr5 0 0124570 1
tr5 0 0124579 1
tr5 0 0124594 1
tr5 0 0124596 1
tr5 0 0124603 1
tr5 0 0124617 1
tr5 0 0124623 1
tr5 0 0124625 1
tr5 0 0124664 1
tr5 0 0124697 1
tr5 0 0124706 1
tr5 0 0124731 1
tr5 0 0124760 1
tr5 0 0124812 1
tr5 0 0124834 1
tr5 0 0124839 1
tr5 0 0124855 1
tr5 0 0124858 1
tr5 0 0124865 1
tr5 0 0124941 1
tr5 0 0124942 1
tr5 0 0124950 1
tr5 0 0124959 1
tr5 0 0125007 1
tr5 0 0125018 1
tr5 0 0125028 1
tr5 0 0125073 1
tr5 0 0125086 1
tr5 0 0125089 1
tr5 0 0125106 1
tr5 0 0125110 1
tr5 0 0125115 1
tr5 0 0125135 1
tr0 0 0008178 1
tr0 0 0008800 1
tr0 0 0008908 1
tr0 0 None 1
tr0 0 None 1
tr0 0 0014124 1
tr0 0 None 1
tr0 0 0015650 1
tr0 0 None 1
tr0 0 None 1
tr0 0 0018252 1
tr12 0 0065196 1
tr12 0 0053858 1
tr12 0 0053865 1
tr12 0 0053884 1
tr12 0 0053888 1
tr12 0 0053904 1
tr12 0 None 1
tr12 0 0053916 1
tr12 0 0053923 1
tr12 0 None 1
tr12 0 0053928 1
tr12 0 0053929 1
tr12 0 0053931 1
tr12 0 0053934 1
tr12 0 0053943 1
tr12 0 0053952 1
tr12 0 0053961 1
tr12 0 None 1
tr12 0 0053973 1
tr12 0 0053984 1
tr12 0 0054001 1
tr12 0 0054004 1
tr12 0 0054005 1
tr12 0 0054016 1
tr12 0 0054020 1
tr12 0 0054024 1
tr12 0 0054027 1
tr12 0 0054040 1
tr12 0 0054052 1
tr12 0 None 1
tr12 0 0054057 1
tr12 0 None 1
tr12 0 0054084 1
tr12 0 0054103 1
tr12 0 None 1
tr12 0 0054127 1
tr12 0 0054142 1
tr12 0 0054143 1
tr12 0 0054144 1
tr12 0 0054147 1
tr12 0 0054166 1
tr12 0 0054180 1
tr12 0 None 1
tr12 0 None 1
tr12 0 0054235 1
tr12 0 None 1
tr12 0 0054239 1
tr12 0 0054243 1
tr12 0 0054250 1
tr12 0 0054261 1
tr12 0 0054264 1
tr12 0 0054304 1
tr12 0 None 1
tr12 0 0054315 1
tr12 0 0054326 1
tr12 0 None 1
tr12 0 0054342 1
tr12 0 0054346 1
tr12 0 0054350 1
tr12 0 0054355 1
tr12 0 0054370 1
tr12 0 0054376 1
tr12 0 0054389 1
tr12 0 0054407 1
tr12 0 0054417 1
tr12 0 0054461 1
tr12 0 0054483 1
tr12 0 0054501 1
tr12 0 0054528 1
tr12 0 0054533 1
tr12 0 0054536 1
tr12 0 0054541 1
tr12 0 0054547 1
tr12 0 0054559 1
tr12 0 0054569 1
tr12 0 0054572 1
tr12 0 0054574 1
tr12 0 None 1
tr12 0 0054582 1
tr12 0 None 1
tr12 0 0054586 1
tr12 0 0054592 1
tr12 0 0054598 1
tr12 0 0054611 1
tr12 0 0054621 1
tr12 0 0054629 1
tr12 0 0054635 1
tr12 0 0097115 1
tr12 0 0054659 1
tr12 0 0054665 1
tr12 0 0054673 1
tr12 0 0054683 1
tr12 0 0054698 1
tr12 0 0054710 1
tr12 0 0054741 1
tr12 0 None 1
tr12 0 None 1
tr12 0 0054747 1
tr12 0 0054749 1
tr12 0 0054768 1
tr12 0 0054773 1
tr12 0 0054780 1
tr12 0 None 1
tr12 0 0054789 1
tr12 0 0054795 1
tr12 0 0054800 1
tr12 0 0054807 1
tr12 0 0054810 1
tr12 0 0054858 1
tr12 0 0054859 1
tr12 0 0054875 1
tr12 0 0054893 1
tr12 0 0054894 1
tr12 0 0054904 1
tr12 0 None 1
tr12 0 0054928 1
tr12 0 0054933 1
tr7 0 None 1
tr7 0 None 1
tr7 0 0002554 1
tr7 0 0002598 1
tr7 0 0002617 1
tr7 0 None 1
tr7 0 0002635 1
tr7 0 None 1
tr7 0 None 1
tr7 0 0025946 1
tr7 0 None 1
tr7 0 None 1
tr7 0 0002686 1
tr7 0 None 1
tr7 0 None 1
tr7 0 0002736 1
tr7 0 None 1
tr7 0 0026022 1
tr7 0 None 1
tr7 0 None 1
tr7 0 0002790 1
tr7 0 None 1
tr7 0 0002814 1
tr7 0 0002842 1
tr7 0 0002853 1
tr7 0 None 1
tr7 0 0002875 1
tr7 0 None 1
tr7 0 0002898 1
tr7 0 0002913 1
tr7 0 0002932 1
tr7 0 None 1
tr7 0 None 1
tr7 0 None 1
tr7 0 0026206 1
tr7 0 0002948 1
tr7 0 0002950 1
tr7 0 0026219 1
tr7 0 0002958 1
tr7 0 None 1
tr7 0 None 1
tr7 0 None 1
tr7 0 0026249 1
tr7 0 None 1
tr7 0 None 1
tr7 0 0003034 1
tr7 0 None 1
tr7 0 0003107 1
tr7 0 None 1
tr7 0 0003136 1
tr7 0 0003143 1
tr7 0 0003151 1
tr7 0 0003186 1
tr7 0 0003190 1
tr7 0 0003192 1
tr7 0 0003212 1
tr7 0 0003219 1
tr7 0 None 1
tr7 0 None 1
tr7 0 0003230 1
tr7 0 0003234 1
tr7 0 None 1
tr7 0 None 1
tr7 0 0003277 1
tr7 0 0026510 1
tr7 0 0003295 1
tr7 0 0003301 1
tr7 0 0003327 1
tr7 0 None 1
tr7 0 None 1
tr7 0 0003353 1
tr7 0 0003359 1
tr7 0 0003360 1
tr7 0 0003384 1
tr7 0 0026608 1
tr7 0 None 1
tr7 0 None 1
tr7 0 0003422 1
tr7 0 None 1
tr7 0 0026632 1
tr7 0 0003480 1
tr7 0 0026669 1
tr7 0 0003496 1
tr7 0 None 1
tr7 0 0003513 1
tr7 0 None 1
tr7 0 0003554 1
tr7 0 0026754 1
tr7 0 0003569 1
tr7 0 0003596 1
tr7 0 None 1
tr7 0 0003603 1
tr7 0 0026814 1
tr7 0 None 1
tr7 0 0003656 1
tr7 0 0026856 1
tr7 0 None 1
tr7 0 0003689 1
tr7 0 None 1
tr7 0 0003708 1
tr7 0 None 1
tr7 0 0003718 1
tr7 0 0003746 1
tr7 0 0003750 1
tr7 0 0026931 1
tr7 0 None 1
tr7 0 0003811 1
tr7 0 None 1
tr7 0 0026992 1
tr7 0 None 1
tr7 0 None 1
tr7 0 None 1
tr7 0 0003905 1
tr7 0 None 1
tr7 0 0003928 1
tr7 0 0003931 1
tr7 0 0003933 1
tr7 0 None 1
tr7 0 0003954 1
tr7 0 None 1
tr7 0 0003988 1
tr7 0 0027106 1
tr7 0 0003999 1
tr2 0 0039021 1
tr2 0 0039102 1
tr2 0 None 1
tr2 0 0039318 1
tr2 0 0039516 1
tr2 0 0039721 1
tr2 0 0039845 1
tr2 0 0039891 1
tr2 0 0040474 1
tr2 0 0040505 1
tr2 0 0040713 1
tr2 0 None 1
tr2 0 None 1
tr2 0 0041578 1
tr2 0 0041584 1
tr2 0 0041938 1
tr2 0 None 1
tr2 0 0042502 1
tr2 0 0042509 1
tr2 0 0042671 1
tr2 0 None 1
tr2 0 0043101 1
tr2 0 None 1
tr2 0 0043160 1
tr2 0 0043618 1
tr2 0 0043826 1
tr2 0 0044065 1
tr2 0 0044091 1
tr2 0 None 1
tr2 0 0044347 1
tr2 0 0044348 1
tr2 0 0044736 1
tr2 0 0044738 1
tr2 0 0044829 1
tr2 0 0044858 1
tr2 0 0045863 1
tr2 0 0046064 1
tr2 0 0046135 1
tr2 0 0046233 1
tr2 0 0046309 1
tr2 0 0046345 1
tr2 0 0046478 1
tr2 0 0046500 1
tr2 0 0046502 1
tr2 0 0046597 1
tr2 0 0046783 1
tr2 0 0046971 1
tr2 0 0047328 1
tr2 0 None 1
tr2 0 0047608 1
tr2 0 0047982 1
tr2 0 0048253 1
tr2 0 0048330 1
tr2 0 0048340 1
tr2 0 None 1
tr2 0 0048510 1
tr2 0 0049105 1
tr2 0 0049188 1
tr2 0 None 1
tr2 0 0049488 1
tr2 0 0050168 1
tr2 0 None 1
tr2 0 0050570 1
tr2 0 None 1
tr2 0 0051020 1
tr2 0 0051331 1
tr2 0 0051549 1
tr2 0 None 1
tr2 0 0051947 1
tr2 0 0052053 1
tr2 0 None 1
tr2 0 0052439 1
tr2 0 0052614 1
tr2 0 0052641 1
tr2 0 0052887 1
tr2 0 0052957 1
tr2 0 0053115 1
tr2 0 None 1
tr18 0 0113591 1
tr18 0 None 1
tr1 0 0103083 1
tr1 0 0103090 1
tr1 0 0103109 1
tr1 0 0103114 1
tr1 0 0103116 1
tr1 0 0103143 1
tr1 0 0103161 1
tr1 0 0103162 1
tr1 0 0103173 1
tr1 0 0103187 1
tr1 0 0103193 1
tr1 0 0103195 1
tr1 0 0103196 1
tr1 0 0103202 1
tr1 0 0103207 1
tr1 0 0103217 1
tr1 0 0103221 1
tr1 0 0103226 1
tr1 0 0103228 1
tr1 0 0103238 1
tr1 0 0103242 1
tr1 0 0103248 1
tr1 0 0103274 1
tr1 0 0103283 1
tr1 0 0103284 1
tr1 0 0103290 1
tr1 0 0103306 1
tr1 0 0103317 1
tr1 0 0103334 1
tr1 0 0103343 1
tr1 0 0103344 1
tr1 0 0103353 1
tr1 0 0103355 1
tr1 0 0103367 1
tr1 0 0103379 1
tr1 0 0103399 1
tr1 0 0103409 1
tr1 0 0103410 1
tr1 0 0103431 1
tr1 0 0103434 1
tr1 0 0103435 1
tr1 0 None 1
tr1 0 0103447 1
tr1 0 0103449 1
tr1 0 0103489 1
tr1 0 0103492 1
tr1 0 0103494 1
tr1 0 0103505 1
tr1 0 None 1
tr1 0 0103534 1
tr1 0 0103551 1
tr1 0 0103558 1
tr1 0 0103579 1
tr1 0 0103580 1
tr1 0 0103590 1
tr1 0 0103598 1
tr1 0 0103600 1
tr1 0 0103614 1
tr1 0 0103615 1
tr1 0 None 1
tr1 0 0103653 1
tr1 0 0103675 1
tr1 0 0103677 1
tr1 0 0103682 1
tr1 0 0103684 1
tr1 0 0103695 1
tr1 0 0103704 1
tr1 0 0103727 1
tr1 0 0103732 1
tr1 0 0103733 1
tr1 0 0103736 1
tr1 0 0103741 1
tr1 0 0103752 1
tr1 0 0103758 1
tr1 0 0103768 1
tr1 0 0103774 1
tr1 0 None 1
tr1 0 0103799 1
tr1 0 0103820 1
tr1 0 0103825 1
tr1 0 0103841 1
tr1 0 0103870 1
tr1 0 0103874 1
tr1 0 0103881 1
tr1 0 0103890 1
tr1 0 0103897 1
tr1 0 0103910 1
tr1 0 0103914 1
tr1 0 0103920 1
tr1 0 0103929 1
tr1 0 0103941 1
tr1 0 0103945 1
tr1 0 None 1
tr1 0 0103955 1
tr1 0 0103957 1
tr1 0 0103968 1
tr1 0 0103976 1
tr1 0 0103981 1
tr1 0 None 1
tr1 0 0104006 1
tr1 0 0104010 1
tr1 0 0104014 1
tr1 0 None 1
tr1 0 0104066 1
tr1 0 0104075 1
tr1 0 0104085 1
tr1 0 0104088 1
tr1 0 0104104 1
tr1 0 None 1
tr1 0 0104109 1
tr1 0 0104110 1
tr1 0 0104126 1
tr1 0 0104134 1
tr1 0 0104136 1
tr1 0 0104138 1
tr1 0 0104139 1
tr1 0 0104140 1
tr1 0 0104159 1
tr1 0 0104160 1
tr1 0 0104173 1
tr1 0 0104187 1
tr1 0 0104188 1
tr1 0 0104192 1
tr1 0 0104203 1
tr1 0 None 1
tr1 0 0065447 1
tr1 0 None 1
tr1 0 0104258 1
tr1 0 0104265 1
tr1 0 0104266 1
tr1 0 0104285 1
tr1 0 0104292 1
tr1 0 0104303 1
tr1 0 0104307 1
tr1 0 0104308 1
tr1 0 0104309 1
tr1 0 0104311 1
tr1 0 0104322 1
tr1 0 0104335 1
tr1 0 0104343 1
tr1 0 0104344 1
tr1 0 0104352 1
tr1 0 0104367 1
tr1 0 0104371 1
tr1 0 0104373 1
tr1 0 0104377 1
tr1 0 0104401 1
tr1 0 0104403 1
tr1 0 0104417 1
tr1 0 0104428 1
tr1 0 0104434 1
tr1 0 0104443 1
tr1 0 None 1
tr1 0 0104463 1
tr1 0 0104464 1
tr1 0 0104465 1
tr1 0 0104466 1
tr1 0 0104469 1
tr1 0 0104483 1
tr1 0 0104492 1
tr1 0 0104498 1
tr1 0 0104501 1
tr1 0 None 1
tr1 0 0104510 1
tr1 0 0104513 1
tr1 0 0104523 1
tr1 0 0104531 1
tr1 0 0104545 1
tr1 0 0104553 1
tr1 0 0104573 1
tr1 0 0104575 1
tr1 0 0104581 1
tr1 0 0104588 1
tr1 0 0104593 1
tr1 0 0104595 1
tr1 0 0104603 1
tr1 0 0104614 1
tr1 0 0104628 1
tr1 0 0104632 1
tr1 0 None 1
tr1 0 0104656 1
tr1 0 0104658 1
tr1 0 0104666 1
tr1 0 0104674 1
tr1 0 0104680 1
tr1 0 0104715 1
tr1 0 0104757 1
tr1 0 None 1
tr1 0 0104764 1
tr1 0 0104767 1
tr1 0 0104769 1
tr1 0 0104781 1
tr1 0 0104782 1
tr1 0 0104789 1
tr1 0 0104795 1
tr1 0 0104800 1
tr1 0 0104806 1
tr1 0 0104808 1
tr1 0 0104815 1
tr1 0 0104819 1
tr1 0 None 1
tr1 0 0104828 1
tr1 0 0104838 1
tr1 0 0104841 1
tr1 0 0104844 1
tr1 0 0104853 1
tr1 0 0104855 1
tr1 0 0104856 1
tr1 0 0104864 1
tr1 0 0104875 1
tr1 0 0104887 1
tr1 0 0104892 1
tr1 0 0104896 1
tr1 0 0104901 1
tr1 0 0104918 1
tr14 0 0015541 1
tr14 0 0019982 1
tr14 0 None 1
tr14 0 0014407 1
tr14 0 0015745 1
tr14 0 0009909 1
tr14 0 None 1
tr9 0 0117011 1
tr9 0 0117013 1
tr9 0 0117023 1
tr9 0 0117037 1
tr9 0 0117039 1
tr9 0 0117050 1
tr9 0 0117052 1
tr9 0 0117071 1
tr9 0 0117104 1
tr9 0 0117124 1
tr9 0 0117131 1
tr9 0 0117144 1
tr9 0 0117159 1
tr9 0 None 1
tr9 0 0117191 1
tr9 0 0117195 1
tr9 0 0117206 1
tr9 0 0117234 1
tr9 0 0117243 1
tr9 0 0117266 1
tr9 0 0117269 1
tr9 0 0117273 1
tr9 0 0117307 1
tr9 0 0117319 1
tr9 0 0117344 1
tr9 0 0117362 1
tr9 0 0117379 1
tr9 0 0117491 1
tr9 0 0117499 1
tr9 0 0117503 1
tr9 0 0117516 1
tr9 0 0117523 1
tr9 0 0117556 1
tr9 0 0117560 1
tr9 0 0117561 1
tr9 0 0117565 1
tr9 0 0117604 1
tr9 0 0117609 1
tr9 0 0117641 1
tr9 0 0117647 1
tr9 0 0117651 1
tr9 0 0117667 1
tr9 0 0117702 1
tr9 0 0117715 1
tr9 0 0117730 1
tr9 0 0117748 1
tr9 0 0117750 1
tr9 0 0117797 1
tr9 0 0117798 1
tr9 0 0117800 1
tr9 0 0117806 1
tr9 0 0117812 1
tr9 0 0117864 1
tr9 0 0117878 1
tr9 0 0117896 1
tr9 0 0117920 1
tr9 0 0117923 1
tr9 0 0117924 1
tr9 0 0117935 1
tr9 0 0117944 1
tr9 0 0117945 1
tr9 0 0117947 1
tr9 0 0117951 1
tr9 0 0117974 1
tr9 0 0117979 1
tr9 0 0117985 1
tr9 0 0117987 1
tr9 0 0118009 1
tr9 0 0118012 1
tr9 0 0118014 1
tr9 0 0118023 1
tr9 0 0118039 1
tr9 0 0118041 1
tr9 0 0118043 1
tr9 0 0118049 1
tr9 0 0118053 1
tr9 0 0118065 1
tr9 0 0118068 1
tr9 0 0118136 1
tr9 0 0118139 1
tr9 0 0118143 1
tr9 0 0118147 1
tr9 0 0118162 1
tr9 0 0118179 1
tr9 0 0118218 1
tr9 0 0118219 1
tr9 0 0118223 1
tr9 0 0118227 1
tr9 0 0118231 1
tr9 0 0118234 1
tr9 0 0118240 1
tr9 0 0118253 1
tr9 0 0118281 1
tr9 0 0118285 1
tr9 0 0118300 1
tr9 0 0118303 1
tr9 0 0118305 1
tr9 0 0118312 1
tr9 0 0118335 1
tr9 0 0118343 1
tr9 0 0118347 1
tr9 0 0118358 1
tr9 0 0118362 1
tr9 0 0118376 1
tr9 0 0118380 1
tr9 0 0118382 1
tr9 0 0118428 1
tr9 0 0118437 1
tr9 0 0118459 1
tr9 0 0118461 1
tr9 0 0118480 1
tr9 0 0118485 1
tr9 0 0118492 1
tr9 0 0118501 1
tr9 0 0118503 1
tr9 0 0118517 1
tr9 0 0118521 1
tr9 0 0118535 1
tr9 0 0118567 1
tr9 0 0118573 1
tr9 0 0118585 1
tr9 0 0118586 1
tr9 0 0118590 1
tr9 0 0118595 1
tr9 0 0118630 1
tr9 0 0118632 1
tr9 0 None 1
tr9 0 0118659 1
tr9 0 0118723 1
tr9 0 0118729 1
tr9 0 0118745 1
tr9 0 None 1
tr9 0 0118748 1
tr9 0 0118771 1
tr9 0 0118772 1
tr9 0 0118781 1
tr9 0 0118786 1
tr9 0 0118794 1
tr9 0 0118796 1
tr9 0 None 1
tr9 0 0118862 1
tr9 0 0118885 1
tr9 0 0118930 1
tr9 0 0118950 1
tr9 0 0118962 1
tr9 0 0118980 1
tr9 0 0119017 1
tr9 0 0119025 1
tr9 0 0119026 1
tr9 0 0119062 1
tr9 0 0119091 1
tr9 0 0119092 1
tr9 0 0119128 1
tr9 0 0119131 1
tr9 0 0119132 1
tr9 0 0119136 1
tr9 0 0119163 1
tr9 0 0119166 1
tr9 0 0119172 1
tr9 0 0119176 1
tr9 0 0119185 1
tr9 0 0119196 1
tr9 0 0119224 1
tr9 0 0119247 1
tr9 0 0119252 1
tr9 0 0119253 1
tr9 0 0119284 1
tr9 0 0119295 1
tr9 0 0119327 1
tr9 0 0119330 1
tr9 0 0119331 1
tr9 0 0119350 1
tr9 0 0119360 1
tr9 0 0119382 1
tr9 0 0119399 1
tr9 0 0119403 1
tr9 0 0119418 1
tr9 0 None 1
tr9 0 0119433 1
tr9 0 0119464 1
tr9 0 0119469 1
tr9 0 0119475 1
tr9 0 0119480 1
tr9 0 0119490 1
tr9 0 0119494 1
tr9 0 0119521 1
tr9 0 0119537 1
tr9 0 0119558 1
tr9 0 0119564 1
tr9 0 0119590 1
tr9 0 0119643 1
tr9 0 0119690 1
tr9 0 0119718 1
tr9 0 0119750 1
tr9 0 0119755 1
tr9 0 0119765 1
tr9 0 0119782 1
tr9 0 0119794 1
tr9 0 0119811 1
tr9 0 0119884 1
tr9 0 0119890 1
tr9 0 0119900 1
tr9 0 0119925 1
tr9 0 0119946 1
tr9 0 0119957 1
tr9 0 0119969 1
tr9 0 0119976 1
tr9 0 0119983 1
tr9 0 0119985 1
tr9 0 0119987 1
tr9 0 0119989 1
tr9 0 0120019 1
tr9 0 0120033 1
tr9 0 0120036 1
tr9 0 0120062 1
tr9 0 0120063 1
tr9 0 0120081 1
tr9 0 0120107 1
tr9 0 0120124 1
tr9 0 0120128 1
tr9 0 0120147 1
tr9 0 0120160 1
tr9 0 0120163 1
tr9 0 None 1
tr9 0 0120216 1
tr9 0 0120229 1
tr9 0 0120238 1
tr9 0 0120293 1
tr9 0 0120296 1
tr9 0 0120322 1
tr9 0 0120334 1
tr9 0 0120352 1
tr9 0 0120363 1
tr9 0 0120365 1
tr9 0 0120369 1
tr9 0 0120391 1
tr9 0 0120401 1
tr9 0 0120403 1
tr9 0 0120409 1
tr9 0 0120417 1
tr9 0 0120422 1
tr9 0 0120427 1
tr9 0 0120438 1
tr9 0 0120446 1
tr9 0 0120458 1
tr9 0 0120463 1
tr9 0 0120493 1
tr9 0 0120514 1
tr9 0 0120546 1
tr9 0 0120553 1
tr9 0 0120569 1
tr9 0 0120579 1
tr9 0 0120586 1
tr9 0 0120600 1
tr9 0 0120606 1
tr9 0 0120622 1
tr9 0 0120632 1
tr9 0 0120662 1
tr9 0 0120677 1
tr9 0 0120698 1
tr9 0 0120701 1
tr9 0 0120706 1
tr9 0 0120712 1
tr9 0 0120722 1
tr9 0 0120723 1
tr9 0 0120761 1
tr9 0 0120772 1
tr9 0 0120777 1
tr9 0 0120793 1
tr9 0 0120800 1
tr9 0 0120804 1
tr9 0 0120806 1
tr9 0 0120813 1
tr9 0 0120833 1
tr9 0 0120834 1
tr9 0 0120843 1
tr9 0 0120886 1
tr9 0 0120895 1
tr9 0 0120913 1
tr9 0 0120914 1
tr9 0 0120921 1
tr9 0 0120926 1
tr9 0 0120942 1
tr9 0 0120974 1
tr9 0 0120976 1
tr9 0 0120982 1
tr9 0 0121003 1
tr9 0 0121013 1
tr9 0 0121023 1
tr9 0 0121034 1
tr9 0 0121038 1
tr9 0 0121045 1
tr9 0 0121053 1
tr9 0 0121065 1
tr9 0 0121066 1
tr9 0 0121068 1
tr9 0 0121069 1
tr9 0 0121080 1
tr9 0 0121093 1
tr9 0 0121098 1
tr9 0 0121099 1
tr9 0 0121122 1
tr9 0 0121138 1
tr9 0 0121157 1
tr9 0 0121159 1
tr9 0 0121167 1
tr9 0 0121176 1
tr9 0 0121177 1
tr9 0 0121179 1
tr9 0 0121187 1
tr9 0 0121220 1
tr9 0 0121227 1
tr9 0 0121235 1
tr9 0 0121240 1
tr9 0 0121243 1
tr9 0 0121246 1
tr9 0 0121255 1
tr9 0 0121286 1
tr9 0 0121298 1
tr9 0 0121328 1
tr9 0 0121329 1
tr9 0 0121333 1
tr9 0 0121346 1
tr9 0 0121355 1
tr9 0 0121357 1
tr9 0 0121378 1
tr9 0 0121382 1
tr9 0 0121393 1
tr9 0 0121396 1
tr9 0 0121418 1
tr9 0 0121423 1
tr9 0 0121424 1
tr9 0 0121435 1
tr9 0 0121455 1
tr9 0 0121461 1
tr9 0 0121475 1
tr9 0 None 1
tr9 0 0121495 1
tr9 0 0121506 1
tr9 0 0121553 1
tr9 0 0121594 1
tr9 0 0121600 1
tr9 0 0121604 1
tr9 0 0121625 1
tr9 0 0121631 1
tr9 0 0121656 1
tr9 0 0121681 1
tr9 0 0121695 1
tr9 0 0121705 1
tr9 0 0121712 1
tr9 0 0121721 1
tr9 0 0121730 1
tr9 0 0121740 1
tr9 0 0121747 1
tr9 0 0121780 1
tr9 0 0121799 1
tr9 0 0121813 1
tr9 0 0121828 1
tr9 0 0121853 1
tr9 0 0121880 1
tr9 0 0121892 1
tr9 0 None 1
tr9 0 0121952 1
tr9 0 0121981 1
tr9 0 0122008 1
tr9 0 0122016 1
tr9 0 0122027 1
tr9 0 0122058 1
tr9 0 0122060 1
tr9 0 0122068 1
tr9 0 0122084 1
tr9 0 0122090 1
tr9 0 0122093 1
tr9 0 0122100 1
tr9 0 0122108 1
tr9 0 0122110 1
tr9 0 0122119 1
tr9 0 0122124 1
tr9 0 0122131 1
tr9 0 0122162 1
tr9 0 0122206 1
tr9 0 0122208 1
tr9 0 0122214 1
tr9 0 0122262 1
tr9 0 0122272 1
tr9 0 0122291 1
tr9 0 0122295 1
tr9 0 0122298 1
tr9 0 0122310 1
tr9 0 0122324 1
tr9 0 0122332 1
tr9 0 0122333 1
tr9 0 0122335 1
tr9 0 0122354 1
tr9 0 0122382 1
tr9 0 0122400 1
tr9 0 0122403 1
tr9 0 0122408 1
tr9 0 0122410 1
tr9 0 0122418 1
tr9 0 0122433 1
tr9 0 0122457 1
tr9 0 0122458 1
tr9 0 0122489 1
tr9 0 0122499 1
tr9 0 0122504 1
tr9 0 0122510 1
tr9 0 0122511 1
tr9 0 0122516 1
tr9 0 0122528 1
tr9 0 0122559 1
tr9 0 0122592 1
tr9 0 0122593 1
tr9 0 0122600 1
tr9 0 0122687 1
tr9 0 0122689 1
tr9 0 0122709 1
tr9 0 0122729 1
tr9 0 0122738 1
tr9 0 0122739 1
tr9 0 0122750 1
tr9 0 0122778 1
tr9 0 0122792 1
tr9 0 0122797 1
tr9 0 0122799 1
tr9 0 0122811 1
tr9 0 0122827 1
tr9 0 0122884 1
tr9 0 0122885 1
tr9 0 0122886 1
tr9 0 0122917 1
tr9 0 0122929 1
tr9 0 0122949 1
tr9 0 None 1
tr9 0 0122964 1
tr9 0 0122965 1
tr9 0 0122969 1
tr9 0 0122970 1
tr9 0 0123000 1
tr9 0 0123014 1
tr9 0 0123016 1
tr9 0 0123019 1
tr9 0 0123030 1
tr9 0 0123038 1
tr9 0 0123044 1
tr9 0 0123101 1
tr9 0 0123106 1
tr9 0 0123121 1
tr9 0 0123122 1
tr9 0 0123127 1
tr9 0 0123149 1
tr9 0 0123169 1
tr9 0 0123181 1
tr9 0 0123191 1
tr9 0 0123197 1
tr9 0 0123198 1
tr9 0 0123239 1
tr9 0 0123382 1
tr9 0 0123387 1
tr9 0 0123414 1
tr9 0 0123423 1
tr9 0 0123438 1
tr9 0 0123446 1
tr9 0 0123449 1
tr9 0 0123513 1
tr9 0 0123536 1
tr9 0 0123541 1
tr9 0 0123542 1
tr9 0 0123543 1
tr9 0 0123551 1
tr9 0 0123557 1
tr9 0 0123566 1
tr9 0 0123586 1
tr9 0 0123590 1
tr9 0 0123592 1
tr9 0 0123630 1
tr9 0 0123640 1
tr9 0 0123642 1
tr9 0 None 1
tr9 0 0123672 1
tr9 0 0123679 1
tr9 0 0123682 1
tr9 0 0123691 1
tr9 0 0123692 1
tr9 0 0123694 1
tr9 0 0123695 1
tr9 0 0123739 1
tr9 0 0123740 1
tr9 0 0123741 1
tr9 0 0123756 1
tr9 0 None 1
tr9 0 0123769 1
tr9 0 0123783 1
tr9 0 0123784 1
tr9 0 0123788 1
tr9 0 0123797 1
tr9 0 0123808 1
tr9 0 0123812 1
tr9 0 0123815 1
tr9 0 0123818 1
tr9 0 0123835 1
tr9 0 0123836 1
tr9 0 0123837 1
tr9 0 0123838 1
tr9 0 0123855 1
tr9 0 0123865 1
tr9 0 0123875 1
tr9 0 None 1
tr9 0 0123885 1
tr9 0 0123891 1
tr9 0 0123922 1
tr9 0 0123932 1
tr9 0 0123938 1
tr9 0 0123954 1
tr9 0 0123961 1
tr9 0 0123964 1
tr9 0 0123971 1
tr9 0 0123976 1
tr9 0 0123987 1
tr9 0 0123994 1
tr9 0 0123998 1
tr9 0 0124050 1
tr9 0 0124055 1
tr9 0 0124056 1
tr9 0 0124069 1
tr9 0 0124074 1
tr9 0 None 1
tr9 0 0124081 1
tr9 0 0124084 1
tr9 0 None 1
tr9 0 0124141 1
tr9 0 0124142 1
tr9 0 0124146 1
tr9 0 0124149 1
tr9 0 0124171 1
tr9 0 0124178 1
tr9 0 0124187 1
tr9 0 0124194 1
tr9 0 0124213 1
tr9 0 0124216 1
tr9 0 0124231 1
tr9 0 0124242 1
tr9 0 0124250 1
tr9 0 0124277 1
tr9 0 0124291 1
tr9 0 0124318 1
tr9 0 0124323 1
tr9 0 0124331 1
tr9 0 0124335 1
tr9 0 0124337 1
tr9 0 0124343 1
tr9 0 0124347 1
tr9 0 0124363 1
tr9 0 0124378 1
tr9 0 0124385 1
tr9 0 0124391 1
tr9 0 0124407 1
tr9 0 0124415 1
tr9 0 0124419 1
tr9 0 0124427 1
tr9 0 0124428 1
tr9 0 0124430 1
tr9 0 0124434 1
tr9 0 0124457 1
tr9 0 0124466 1
tr9 0 0124469 1
tr9 0 0124487 1
tr9 0 0124511 1
tr9 0 0124521 1
tr9 0 0124527 1
tr9 0 0124568 1
tr9 0 0124570 1
tr9 0 0124579 1
tr9 0 0124594 1
tr9 0 0124596 1
tr9 0 0124603 1
tr9 0 0124617 1
tr9 0 0124623 1
tr9 0 0124625 1
tr9 0 None 1
tr9 0 0124664 1
tr9 0 0124697 1
tr9 0 0124704 1
tr9 0 0124706 1
tr9 0 0124707 1
tr9 0 0124731 1
tr9 0 0124753 1
tr9 0 0124760 1
tr9 0 0124761 1
tr9 0 0124792 1
tr9 0 0124812 1
tr9 0 0124818 1
tr9 0 0124834 1
tr9 0 0124839 1
tr9 0 0124855 1
tr9 0 0124858 1
tr9 0 0124865 1
tr9 0 0124887 1
tr9 0 0124938 1
tr9 0 0124941 1
tr9 0 0124942 1
tr9 0 0124950 1
tr9 0 0124959 1
tr9 0 0124965 1
tr9 0 0125000 1
tr9 0 0125007 1
tr9 0 0125018 1
tr9 0 0125019 1
tr9 0 0125021 1
tr9 0 0125028 1
tr9 0 0125042 1
tr9 0 0125073 1
tr9 0 0125086 1
tr9 0 0125089 1
tr9 0 0125106 1
tr9 0 0125110 1
tr9 0 0125115 1
tr9 0 0125135 1
tr9 0 0125176 1
tr15 0 0027118 1
tr15 0 0027139 1
tr15 0 0027179 1
tr15 0 0027224 1
tr15 0 0027283 1
tr15 0 0027289 1
tr15 0 None 1
tr15 0 0027304 1
tr15 0 0027307 1
tr15 0 0027338 1
tr15 0 0027344 1
tr15 0 0027362 1
tr15 0 0027391 1
tr15 0 None 1
tr15 0 0027520 1
tr15 0 0027545 1
tr15 0 0027555 1
tr15 0 0027581 1
tr15 0 0027611 1
tr15 0 0027639 1
tr15 0 0027691 1
tr15 0 None 1
tr15 0 None 1
tr15 0 0027733 1
tr15 0 0027779 1
tr15 0 0027788 1
tr15 0 None 1
tr15 0 0027874 1
tr15 0 0027881 1
tr15 0 0027948 1
tr15 0 0027954 1
tr15 0 0027969 1
tr15 0 0027979 1
tr15 0 0027990 1
tr15 0 None 1
tr15 0 None 1
tr15 0 None 1
tr15 0 0028055 1
tr15 0 0028069 1
tr15 0 0028150 1
tr15 0 None 1
tr15 0 None 1
tr15 0 0028207 1
tr15 0 None 1
tr15 0 0028237 1
tr15 0 None 1
tr15 0 None 1
tr15 0 0028368 1
tr15 0 0028390 1
tr15 0 0028434 1
tr15 0 0028448 1
tr15 0 0028456 1
tr15 0 0028457 1
tr15 0 0028503 1
tr15 0 0028611 1
tr15 0 0028654 1
tr15 0 0028657 1
tr15 0 0028666 1
tr15 0 None 1
tr15 0 0028681 1
tr15 0 0028692 1
tr15 0 0028713 1
tr15 0 0028817 1
tr15 0 0028836 1
tr15 0 0028844 1
tr15 0 0028905 1
tr15 0 0029021 1
tr15 0 0029041 1
tr15 0 0029128 1
tr15 0 0029160 1
tr15 0 None 1
tr15 0 0029241 1
tr15 0 0029284 1
tr15 0 0029291 1
tr15 0 0029356 1
tr15 0 None 1
tr15 0 0029493 1
tr15 0 0029515 1
tr15 0 0029525 1
tr15 0 0029554 1
tr15 0 None 1
tr15 0 0029720 1
tr15 0 0029748 1
tr15 0 0029770 1
tr15 0 None 1
tr15 0 0029856 1
tr15 0 0029904 1
tr15 0 0029929 1
tr15 0 0029974 1
tr15 0 0029986 1
tr15 0 0030002 1
tr15 0 0030008 1
tr15 0 0030023 1
tr15 0 0030074 1
tr15 0 0030185 1
tr15 0 None 1
tr15 0 0030300 1
tr15 0 0030371 1
tr15 0 0030372 1
tr15 0 0030375 1
tr15 0 0030382 1
tr15 0 0030390 1
tr15 0 0030453 1
tr15 0 None 1
tr15 0 0030472 1
tr15 0 0030525 1
tr15 0 0030534 1
tr15 0 0030549 1
tr15 0 None 1
tr15 0 0030586 1
tr15 0 0030618 1
tr15 0 None 1
tr15 0 0030656 1
tr15 0 0030700 1
tr15 0 0030720 1
tr15 0 None 1
tr15 0 0030777 1
tr15 0 None 1
tr15 0 0030843 1
tr15 0 0030893 1
tr15 0 0030925 1
tr15 0 0030928 1
tr19 0 0025846 1
tr19 0 0025860 1
tr19 0 0025861 1
tr19 0 0025869 1
tr19 0 0025870 1
tr19 0 0025873 1
tr19 0 0025895 1
tr19 0 0025905 1
tr19 0 None 1
tr19 0 0025924 1
tr19 0 0025932 1
tr19 0 0025945 1
tr19 0 0025947 1
tr19 0 0025951 1
tr19 0 0002666 1
tr19 0 0025959 1
tr19 0 0025960 1
tr19 0 0025977 1
tr19 0 0025986 1
tr19 0 0025987 1
tr19 0 0025994 1
tr19 0 0003584 1
tr19 0 0026006 1
tr19 0 0026013 1
tr19 0 0026014 1
tr19 0 0003305 1
tr19 0 0026021 1
tr19 0 0026039 1
tr19 0 0026047 1
tr19 0 None 1
tr19 0 0026051 1
tr19 0 0002602 1
tr19 0 0026067 1
tr19 0 None 1
tr19 0 0026070 1
tr19 0 0026073 1
tr19 0 0026074 1
tr19 0 0026081 1
tr19 0 0026089 1
tr19 0 None 1
tr19 0 0026104 1
tr19 0 0026109 1
tr19 0 0026122 1
tr19 0 0026136 1
tr19 0 0026146 1
tr19 0 0026147 1
tr19 0 0026158 1
tr19 0 0002910 1
tr19 0 0002917 1
tr19 0 0026178 1
tr19 0 0026180 1
tr19 0 0026181 1
tr19 0 0026184 1
tr19 0 0026187 1
tr19 0 0026193 1
tr19 0 0026194 1
tr19 0 0026195 1
tr19 0 0026196 1
tr19 0 0026197 1
tr19 0 0026218 1
tr19 0 0026219 1
tr19 0 0026227 1
tr19 0 0026228 1
tr19 0 0026235 1
tr19 0 0026236 1
tr19 0 0002979 1
tr19 0 0026248 1
tr19 0 0003928 1
tr19 0 0026307 1
tr19 0 0026309 1
tr19 0 0026326 1
tr19 0 0026327 1
tr19 0 None 1
tr19 0 0026344 1
tr19 0 0026361 1
tr19 0 0026378 1
tr19 0 None 1
tr19 0 0026381 1
tr19 0 0026390 1
tr19 0 0026398 1
tr19 0 0026402 1
tr19 0 0026406 1
tr19 0 0026430 1
tr19 0 0026456 1
tr19 0 0026464 1
tr19 0 0026465 1
tr19 0 0026469 1
tr19 0 0026483 1
tr19 0 0026493 1
tr19 0 0026525 1
tr19 0 0003322 1
tr19 0 0026537 1
tr19 0 0026541 1
tr19 0 0002895 1
tr19 0 0026555 1
tr19 0 0026564 1
tr19 0 0026582 1
tr19 0 0026590 1
tr19 0 0026607 1
tr19 0 0026608 1
tr19 0 0026612 1
tr19 0 0026614 1
tr19 0 0026627 1
tr19 0 0026644 1
tr19 0 0026651 1
tr19 0 0003488 1
tr19 0 0026684 1
tr19 0 0026710 1
tr19 0 0026719 1
tr19 0 0026731 1
tr19 0 0026748 1
tr19 0 0026757 1
tr19 0 0026758 1
tr19 0 0003569 1
tr19 0 0026764 1
tr19 0 0026776 1
tr19 0 0026780 1
tr19 0 0026792 1
tr19 0 0026793 1
tr19 0 0003667 1
tr19 0 0026850 1
tr19 0 0026865 1
tr19 0 0026886 1
tr19 0 0003440 1
tr19 0 0026892 1
tr19 0 0026898 1
tr19 0 0003750 1
tr19 0 0026906 1
tr19 0 0003761 1
tr19 0 0026920 1
tr19 0 0026929 1
tr19 0 0003789 1
tr19 0 0026935 1
tr19 0 0026943 1
tr19 0 0026946 1
tr19 0 0026957 1
tr19 0 0026959 1
tr19 0 0026963 1
tr19 0 0026970 1
tr19 0 0026974 1
tr19 0 0003840 1
tr19 0 0026987 1
tr19 0 0026988 1
tr19 0 0026989 1
tr19 0 0003866 1
tr19 0 0027004 1
tr19 0 None 1
tr19 0 0027008 1
tr19 0 0027014 1
tr19 0 0027027 1
tr19 0 None 1
tr19 0 0027043 1
tr19 0 0003917 1
tr19 0 0027053 1
tr19 0 0027073 1
tr19 0 0027080 1
tr19 0 0027097 1
tr19 0 0027102 1
tr19 0 0027105 1
tr19 0 0027106 1
tr19 0 0027107 1
tr19 0 0027108 1
tr8 0 0104959 1
tr8 0 0104966 1
tr8 0 0105075 1
tr8 0 0105207 1
tr8 0 0105241 1
tr8 0 0105279 1
tr8 0 0105437 1
tr8 0 0105522 1
tr8 0 0105885 1
tr8 0 0105907 1
tr8 0 0105973 1
tr8 0 0106265 1
tr8 0 None 1
tr8 0 0106824 1
tr8 0 0107031 1
tr8 0 0107071 1
tr8 0 0107210 1
tr8 0 0107278 1
tr8 0 0107478 1
tr8 0 0107521 1
tr8 0 0107537 1
tr8 0 0107591 1
tr8 0 0107668 1
tr8 0 0107681 1
tr8 0 0108068 1
tr8 0 0108131 1
tr8 0 0108220 1
tr8 0 0108430 1
tr8 0 0108487 1
tr8 0 0108557 1
tr8 0 0108600 1
tr8 0 0108605 1
tr8 0 0108659 1
tr8 0 0108720 1
tr8 0 None 1
tr8 0 0109003 1
tr8 0 0109357 1
tr8 0 0109456 1
tr8 0 0109518 1
tr8 0 0109600 1
tr8 0 0109601 1
tr8 0 0109722 1
tr8 0 0109737 1
tr8 0 0109789 1
tr8 0 0109869 1
tr8 0 0110107 1
tr8 0 0110265 1
tr8 0 0110445 1
tr8 0 0110656 1
tr8 0 0028569 1
tr8 0 0111009 1
tr8 0 0111035 1
tr8 0 0111175 1
tr8 0 0111294 1
tr8 0 0111381 1
tr8 0 0111491 1
tr8 0 0111521 1
tr8 0 0112027 1
tr8 0 0112149 1
tr8 0 0112229 1
tr8 0 None 1
tr8 0 0112267 1
tr8 0 0112522 1
tr8 0 0112532 1
tr8 0 0112703 1
tr8 0 0112751 1
tr8 0 0112817 1
tr8 0 0112847 1
tr8 0 0112865 1
tr8 0 0112923 1
tr8 0 0112992 1
tr8 0 0113270 1
tr8 0 0113280 1
tr8 0 0113363 1
tr8 0 0113389 1
tr8 0 0113428 1
tr8 0 0113453 1
tr8 0 0113482 1
tr8 0 0113552 1
tr8 0 0113651 1
tr8 0 0113735 1
tr8 0 0113852 1
tr8 0 0113918 1
tr8 0 0113927 1
tr8 0 0113949 1
tr8 0 0114103 1
tr8 0 0114308 1
tr8 0 0114499 1
tr8 0 0114571 1
tr8 0 0114631 1
tr8 0 0114767 1
tr8 0 0114830 1
tr8 0 0114888 1
tr8 0 0114977 1
tr8 0 0115010 1
tr8 0 None 1
tr8 0 0115245 1
tr8 0 0115617 1
tr8 0 0115637 1
tr8 0 0115670 1
tr8 0 0115748 1
tr8 0 0115763 1
tr8 0 0115812 1
tr8 0 0115815 1
tr8 0 0115820 1
tr8 0 0116046 1
tr8 0 0116393 1
tr8 0 0116411 1
tr8 0 0116487 1
tr8 0 0116652 1
tr8 0 0116692 1
tr8 0 0116835 1
tr8 0 0116941 1
tr3 0 None 1
tr3 0 0056468 1
tr3 0 0056559 1
tr3 0 None 1
tr3 0 0057086 1
tr3 0 0057973 1
tr3 0 0058178 1
tr3 0 0058180 1
tr3 0 0058666 1
tr3 0 0058873 1
tr3 0 0058970 1
tr3 0 0059257 1
tr3 0 0060401 1
tr3 0 0061184 1
tr3 0 None 1
tr3 0 0061526 1
tr3 0 0061832 1
tr3 0 0063468 1
tr3 0 None 1
tr3 0 None 1
tr3 0 None 1
tr3 0 0065212 1
tr3 0 None 1
tr3 0 None 1
tr3 0 None 1
tr3 0 0068547 1
tr3 0 0068851 1
tr3 0 None 1
tr3 0 0070584 1
tr3 0 None 1
tr3 0 None 1
tr3 0 None 1
tr3 0 0075638 1
tr3 0 0075912 1
tr3 0 0076115 1
tr3 0 0076180 1
tr3 0 None 1
tr3 0 0077752 1
tr3 0 None 1
tr3 0 None 1
tr3 0 0080994 1
tr3 0 0080997 1
tr3 0 0081293 1
tr3 0 None 1
tr3 0 0081766 1
tr3 0 0081797 1
tr3 0 0082951 1
tr3 0 None 1
tr3 0 None 1
tr3 0 0084157 1
tr3 0 0084684 1
tr3 0 0085264 1
tr3 0 None 1
tr3 0 0085455 1
tr3 0 None 1
tr3 0 0085663 1
tr3 0 0085861 1
tr3 0 0086675 1
tr3 0 None 1
tr3 0 0087465 1
tr3 0 None 1
tr3 0 0087687 1
tr3 0 0088611 1
tr3 0 None 1
tr3 0 0088878 1
tr3 0 None 1
tr3 0 None 1
tr3 0 0091938 1
tr3 0 None 1
tr3 0 0093427 1
tr3 0 0094226 1
tr3 0 None 1
tr3 0 0094901 1
tr3 0 0096118 1
tr3 0 0096372 1
tr3 0 0097554 1
tr17 0 0004002 1
tr17 0 0004006 1
tr17 0 None 1
tr17 0 0004013 1
tr17 0 0004018 1
tr17 0 0004021 1
tr17 0 0004022 1
tr17 0 0004025 1
tr17 0 None 1
tr17 0 0004050 1
tr17 0 0004054 1
tr17 0 0004061 1
tr17 0 0004069 1
tr17 0 None 1
tr17 0 0004091 1
tr17 0 0004092 1
tr17 0 0004094 1
tr17 0 None 1
tr17 0 0004150 1
tr17 0 None 1
tr17 0 0004174 1
tr17 0 0004180 1
tr17 0 0004221 1
tr17 0 None 1
tr17 0 0004233 1
tr17 0 None 1
tr17 0 0004263 1
tr17 0 0004275 1
tr17 0 0004301 1
tr17 0 0004302 1
tr17 0 0004330 1
tr17 0 None 1
tr17 0 0004335 1
tr17 0 0004336 1
tr17 0 0004338 1
tr17 0 None 1
tr17 0 0004349 1
tr17 0 0004373 1
tr17 0 0004375 1
tr17 0 0004376 1
tr17 0 0004377 1
tr17 0 None 1
tr17 0 0004389 1
tr17 0 0004395 1
tr17 0 0004409 1
tr17 0 0004444 1
tr17 0 0004446 1
tr17 0 0004459 1
tr17 0 0004472 1
tr17 0 0004478 1
tr17 0 None 1
tr17 0 0004494 1
tr17 0 0004496 1
tr17 0 0004506 1
tr17 0 None 1
tr17 0 0004544 1
tr17 0 0004551 1
tr17 0 0004565 1
tr17 0 0004590 1
tr17 0 None 1
tr17 0 None 1
tr17 0 0004601 1
tr17 0 None 1
tr17 0 0004620 1
tr17 0 0004623 1
tr17 0 0004626 1
tr17 0 0004640 1
tr17 0 0004653 1
tr17 0 0004669 1
tr17 0 None 1
tr17 0 0004721 1
tr17 0 0004739 1
tr17 0 0004746 1
tr17 0 0004747 1
tr17 0 None 1
tr17 0 None 1
tr17 0 0004778 1
tr17 0 0004814 1
tr17 0 0004821 1
tr17 0 None 1
tr17 0 0004837 1
tr17 0 0004845 1
tr17 0 0004850 1
tr17 0 0004852 1
tr17 0 None 1
tr17 0 0004874 1
tr17 0 0004877 1
tr17 0 0004904 1
tr17 0 0004907 1
tr17 0 None 1
tr17 0 0004918 1
tr17 0 None 1
tr17 0 0004921 1
tr17 0 0004928 1
tr17 0 None 1
tr17 0 0004931 1
tr17 0 None 1
tr17 0 None 1
tr17 0 None 1
tr17 0 0004995 1
tr17 0 0005010 1
tr17 0 0005017 1
tr17 0 0005021 1
tr17 0 0005022 1
tr17 0 None 1
tr17 0 0005049 1
tr17 0 0005070 1
tr17 0 0005073 1
tr17 0 0005090 1
tr17 0 0005122 1
tr17 0 0005131 1
tr17 0 0005168 1
tr17 0 0005189 1
tr17 0 None 1
tr17 0 0005221 1
tr17 0 0005226 1
tr17 0 0005231 1
tr17 0 0005247 1
tr17 0 None 1
tr17 0 0005272 1
tr17 0 0005293 1
tr17 0 None 1
tr17 0 0005314 1
tr17 0 None 1
tr17 0 None 1
tr17 0 0005342 1
tr17 0 0005344 1
tr17 0 0005346 1
tr17 0 None 1
tr17 0 0005383 1
tr17 0 0005387 1
tr17 0 0005406 1
tr17 0 0005411 1
tr17 0 0005441 1
tr17 0 0005450 1
tr17 0 0005455 1
tr17 0 0005460 1
tr17 0 0005493 1
tr17 0 0005498 1
tr17 0 0005505 1
tr17 0 None 1
tr17 0 0005523 1
tr17 0 0005525 1
tr17 0 0005533 1
tr17 0 None 1
tr17 0 0005582 1
tr17 0 None 1
tr17 0 0005599 1
tr17 0 None 1
tr17 0 None 1
tr17 0 None 1
tr17 0 0005691 1
tr17 0 None 1
tr17 0 0005701 1
tr17 0 None 1
tr17 0 0005709 1
tr17 0 0005712 1
tr17 0 0005713 1
tr17 0 0005717 1
tr17 0 0005727 1
tr17 0 0005730 1
tr17 0 0005778 1
tr17 0 0005801 1
tr17 0 0005821 1
tr17 0 None 1
tr17 0 0005852 1
tr17 0 0005855 1
tr17 0 0005860 1
tr17 0 None 1
tr17 0 0005866 1
tr17 0 0005873 1
tr17 0 0005874 1
tr17 0 None 1
tr17 0 None 1
tr17 0 0005918 1
tr17 0 0005927 1
tr17 0 None 1
tr17 0 0005976 1
tr17 0 0005980 1
tr17 0 None 1
tr17 0 0005992 1
tr17 0 0006017 1
tr17 0 None 1
tr17 0 0006049 1
tr17 0 None 1
tr17 0 0006053 1
tr17 0 0006061 1
tr17 0 0006062 1
tr17 0 0006068 1
tr17 0 0006082 1
tr17 0 0006086 1
tr17 0 0006095 1
tr17 0 0006104 1
tr17 0 0006106 1
tr17 0 0006131 1
tr17 0 0006169 1
tr17 0 0006194 1
tr17 0 0006195 1
tr17 0 None 1
tr17 0 0006206 1
tr17 0 0006211 1
tr17 0 0006237 1
tr17 0 0006238 1
tr17 0 0006242 1
tr17 0 None 1
tr17 0 None 1
tr17 0 0006253 1
tr17 0 0006285 1
tr17 0 None 1
tr17 0 0006304 1
tr17 0 0006313 1
tr17 0 0006324 1
tr17 0 0006384 1
tr17 0 0006390 1
tr17 0 0006393 1
tr17 0 None 1
tr17 0 0006417 1
tr17 0 0006434 1
tr17 0 0006440 1
tr17 0 None 1
tr17 0 0006468 1
tr17 0 None 1
tr17 0 0006489 1
tr17 0 0006524 1
tr17 0 None 1
tr17 0 0006593 1
tr17 0 0006631 1
tr17 0 0006638 1
tr17 0 0006643 1
tr17 0 None 1
tr17 0 0006656 1
tr17 0 0006685 1
tr17 0 0006690 1
tr17 0 0006701 1
tr17 0 0006720 1
tr17 0 0006726 1
tr17 0 None 1
tr17 0 None 1
tr17 0 0006776 1
tr17 0 0006795 1
tr17 0 0006796 1
tr17 0 0006800 1
tr17 0 0006805 1
tr17 0 0006816 1
tr17 0 0006820 1
tr17 0 0006823 1
tr17 0 0006829 1
tr17 0 0006832 1
tr17 0 0006834 1
tr17 0 0006840 1
tr17 0 0006841 1
tr17 0 None 1
tr17 0 0006857 1
tr17 0 0006859 1
tr17 0 None 1
tr17 0 0006872 1
tr17 0 None 1
tr17 0 0006904 1
tr17 0 None 1
tr17 0 0006964 1
tr17 0 0006966 1
tr17 0 0006974 1
tr17 0 None 1
tr17 0 0006994 1
tr17 0 None 1
tr17 0 0007027 1
tr17 0 None 1
tr17 0 0007034 1
tr17 0 0007036 1
tr17 0 0007045 1
tr17 0 None 1
tr17 0 0007086 1
tr17 0 0007091 1
tr17 0 0007112 1
tr6 0 0102736 1
tr6 0 0102738 1
tr6 0 0102740 1
tr6 0 0102749 1
tr6 0 0102752 1
tr6 0 0102764 1
tr6 0 0102769 1
tr6 0 0102779 1
tr6 0 0102782 1
tr6 0 0102784 1
tr6 0 0102804 1
tr6 0 0102806 1
tr6 0 0102808 1
tr6 0 0102809 1
tr6 0 0102829 1
tr6 0 0102835 1
tr6 0 0102844 1
tr6 0 None 1
tr6 0 0102856 1
tr6 0 0102866 1
tr6 0 0102888 1
tr6 0 0102897 1
tr6 0 0102910 1
tr6 0 0102916 1
tr6 0 0102923 1
tr6 0 0102936 1
tr6 0 0102940 1
tr6 0 0102941 1
tr6 0 None 1
tr6 0 None 1
tr6 0 None 1
tr6 0 0102951 1
tr6 0 0102954 1
tr6 0 0102956 1
tr6 0 0102961 1
tr6 0 0102975 1
tr6 0 None 1
tr6 0 0102992 1
tr6 0 0102996 1
tr6 0 0103005 1
tr6 0 0103007 1
tr6 0 0103008 1
tr6 0 0103022 1
tr6 0 0103023 1
tr6 0 0103036 1
tr6 0 0103038 1
tr6 0 None 1
tr6 0 0103044 1
tr16 0 0031040 1
tr16 0 0031049 1
tr16 0 0031068 1
tr16 0 0031198 1
tr16 0 0031216 1
tr16 0 0031217 1
tr16 0 0031227 1
tr16 0 0031333 1
tr16 0 0031388 1
tr16 0 0031405 1
tr16 0 0031417 1
tr16 0 0031455 1
tr16 0 0031507 1
tr16 0 0031635 1
tr16 0 0031645 1
tr16 0 0031666 1
tr16 0 0031667 1
tr16 0 0031750 1
tr16 0 0031836 1
tr16 0 0031888 1
tr16 0 0031975 1
tr16 0 0032074 1
tr16 0 0032098 1
tr16 0 0032125 1
tr16 0 0032157 1
tr16 0 0032171 1
tr16 0 0032175 1
tr16 0 0032189 1
tr16 0 0032212 1
tr16 0 0032256 1
tr16 0 0032283 1
tr16 0 0032385 1
tr16 0 0032393 1
tr16 0 0032428 1
tr16 0 0032432 1
tr16 0 0032487 1
tr16 0 0032493 1
tr16 0 0032554 1
tr16 0 0032582 1
tr16 0 0032714 1
tr16 0 0032745 1
tr16 0 0032799 1
tr16 0 0032850 1
tr16 0 0032942 1
tr16 0 0032958 1
tr16 0 0032972 1
tr16 0 0032977 1
tr16 0 0033028 1
tr16 0 0033037 1
tr16 0 0033052 1
tr16 0 0033198 1
tr16 0 0033208 1
tr16 0 0033278 1
tr16 0 0033365 1
tr16 0 0033370 1
tr16 0 0033513 1
tr16 0 0033540 1
tr16 0 0033545 1
tr16 0 0033585 1
tr16 0 0033620 1
tr16 0 0033717 1
tr16 0 0033794 1
tr16 0 0033828 1
tr16 0 0033957 1
tr16 0 0034012 1
tr16 0 0034053 1
tr16 0 0034140 1
tr16 0 0034209 1
tr16 0 0034220 1
tr16 0 0034271 1
tr16 0 0034359 1
tr16 0 0034369 1
tr16 0 0034564 1
tr16 0 0034591 1
tr16 0 0034703 1
tr16 0 0034716 1
tr16 0 0034829 1
tr16 0 0034831 1
tr16 0 0034909 1
tr16 0 0034910 1
tr16 0 0034923 1
tr16 0 0034991 1
tr16 0 0035039 1
tr16 0 0035121 1
tr16 0 0035150 1
tr16 0 0035317 1
tr16 0 0035649 1
tr16 0 0035680 1
tr16 0 0035734 1
tr16 0 0035793 1
tr16 0 0035886 1
tr16 0 0035932 1
tr16 0 0036013 1
tr16 0 0036125 1
tr16 0 0036139 1
tr16 0 0036175 1
tr16 0 0036209 1
tr16 0 0036258 1
tr16 0 0036271 1
tr16 0 0036293 1
tr16 0 0036432 1
tr16 0 0036464 1
tr16 0 0036472 1
tr16 0 0036493 1
tr16 0 0036545 1
tr16 0 None 1
tr16 0 0036579 1
tr16 0 0036592 1
tr16 0 0036694 1
tr16 0 0036701 1
tr16 0 0036716 1
tr16 0 0036759 1
tr16 0 0036866 1
tr16 0 0036884 1
tr16 0 0037100 1
tr16 0 0037205 1
tr16 0 0037258 1
tr16 0 0037300 1
tr16 0 0037317 1
tr16 0 0037350 1
tr16 0 0037409 1
tr16 0 0037476 1
tr16 0 0037505 1
tr16 0 0037603 1
tr16 0 0037635 1
tr16 0 0037642 1
tr16 0 0037690 1
tr16 0 0037729 1
tr16 0 0037734 1
tr16 0 0037763 1
tr16 0 0037899 1
tr16 0 0038066 1
tr16 0 0038150 1
tr16 0 0038203 1
tr16 0 0038290 1
tr16 0 0038319 1
tr16 0 0038358 1
tr16 0 0038374 1
tr16 0 0038535 1
tr16 0 0038554 1
tr16 0 0038581 1
tr16 0 0038832 1
tr16 0 0038862 1
tr16 0 0038905 1
tr11 0 0024542 1
tr11 0 0024556 1
tr11 0 0024579 1
tr11 0 0024582 1
tr11 0 0024605 1
tr11 0 0024610 1
tr11 0 0024621 1
tr11 0 0024649 1
tr11 0 0024650 1
tr11 0 0024654 1
tr11 0 None 1
tr11 0 0024687 1
tr11 0 0024719 1
tr11 0 0024731 1
tr11 0 0024778 1
tr11 0 0024791 1
tr11 0 0024793 1
tr11 0 0024871 1
tr11 0 0024882 1
tr11 0 0024913 1
tr11 0 0024926 1
tr11 0 0024934 1
tr11 0 0024940 1
tr11 0 0024950 1
tr11 0 0024952 1
tr11 0 0024957 1
tr11 0 0024982 1
tr11 0 0024991 1
tr11 0 0025055 1
tr11 0 0025089 1
tr11 0 None 1
tr11 0 0025118 1
tr11 0 0025126 1
tr11 0 0025134 1
tr11 0 0025148 1
tr11 0 0025180 1
tr11 0 0025197 1
tr11 0 0025250 1
tr11 0 0025275 1
tr11 0 0025276 1
tr11 0 0025338 1
tr11 0 0025366 1
tr11 0 0025369 1
tr11 0 0025376 1
tr11 0 0025389 1
tr11 0 None 1
tr11 0 None 1
tr11 0 0025448 1
tr11 0 0025462 1
tr11 0 0025484 1
tr11 0 0025498 1
tr11 0 0025510 1
tr11 0 0025513 1
tr11 0 0025518 1
tr11 0 0025533 1
tr11 0 0025544 1
tr11 0 0025559 1
tr11 0 0025568 1
tr11 0 0025570 1
tr11 0 0025599 1
tr11 0 None 1
tr11 0 None 1
tr11 0 0025625 1
tr11 0 0025630 1
tr11 0 0025632 1
tr11 0 0025667 1
tr11 0 0025714 1
tr11 0 0025745 1
tr11 0 0025748 1
tr11 0 0025762 1
tr11 0 0025771 1
tr11 0 0025810 1
tr11 0 0025833 1
tr13 0 0101266 1
tr13 0 0101353 1
tr13 0 None 1
tr13 0 0101425 1
tr13 0 0101477 1
tr13 0 0101541 1
tr13 0 0101548 1
tr13 0 0101572 1
tr13 0 0101594 1
tr13 0 0101605 1
tr13 0 0101627 1
tr13 0 0101656 1
tr13 0 0101707 1
tr13 0 0101746 1
tr13 0 None 1
tr13 0 0101813 1
tr13 0 0101977 1
tr13 0 0101998 1
tr13 0 0102114 1
tr13 0 0102120 1
tr13 0 None 1
tr13 0 None 1
tr13 0 0102418 1
tr13 0 0102430 1
tr13 0 0102467 1
tr13 0 0102495 1
tr13 0 0102553 1
tr13 0 0102644 1
tr13 0 0102682 1
tr13 0 None 1
tr13 0 0102706 1
tr13 0 0102707 1
tr10 0 0000037 1
tr10 0 0000065 1
tr10 0 0000147 1
tr10 0 None 1
tr10 0 None 1
tr10 0 0000186 1
tr10 0 0000187 1
tr10 0 0000239 1
tr10 0 0000268 1
tr10 0 0000281 1
tr10 0 0000282 1
tr10 0 0000286 1
tr10 0 0000300 1
tr10 0 0000328 1
tr10 0 0000381 1
tr10 0 0000402 1
tr10 0 0000421 1
tr10 0 0000428 1
tr10 0 0000430 1
tr10 0 0000498 1
tr10 0 0000588 1
tr10 0 0000625 1
tr10 0 0000629 1
tr10 0 0000653 1
tr10 0 0000660 1
tr10 0 0000669 1
tr10 0 0000671 1
tr10 0 0000740 1
tr10 0 0000748 1
tr10 0 0000804 1
tr10 0 0000825 1
tr10 0 0000844 1
tr10 0 0000893 1
tr10 0 0000902 1
tr10 0 0000978 1
tr10 0 0000992 1
tr10 0 0001006 1
tr10 0 0001018 1
tr10 0 0001111 1
tr10 0 0001172 1
tr10 0 0001318 1
tr10 0 0001341 1
tr10 0 0001349 1
tr10 0 0001352 1
tr10 0 0001397 1
tr10 0 0001428 1
tr10 0 0001458 1
tr10 0 0001468 1
tr10 0 0001487 1
tr10 0 0001559 1
tr10 0 0001566 1
tr10 0 0001570 1
tr10 0 0001645 1
tr10 0 0001701 1
tr10 0 0001718 1
tr10 0 0001721 1
tr10 0 0001728 1
tr10 0 0001733 1
tr10 0 0001749 1
tr10 0 0001751 1
tr10 0 0001776 1
tr10 0 0001778 1
tr10 0 0001800 1
tr10 0 0001851 1
tr10 0 0001894 1
tr10 0 0001901 1
tr10 0 0001918 1
tr10 0 0001922 1
tr10 0 0001948 1
tr10 0 0001969 1
tr10 0 0001997 1
tr10 0 0002006 1
tr10 0 0002063 1
tr10 0 0002117 1
tr10 0 0002193 1
tr10 0 0002215 1
tr10 0 0002216 1
tr10 0 0002251 1
tr10 0 0002278 1
tr10 0 None 1
tr10 0 0002312 1
tr10 0 0002318 1
tr10 0 0002329 1
tr10 0 0002337 1
tr10 0 0002342 1
tr10 0 0002387 1
tr10 0 0002389 1
tr10 0 0002392 1
tr10 0 0002413 1
tr10 0 0002419 1
tr10 0 0002458 1
tr10 0 0002478 1
tr10 0 0002514 1
tr10 0 0002524 1
tr10 0 0002531 1
