Topic: CD009020 

Title: Magnetic resonance imaging, magnetic resonance arthrography and ultrasonography for assessing rotator cuff tears in people with shoulder pain for whom surgery is being considered 

Query: 
((Ultrasonography [mh] OR ultrasound [tw] OR ultrasonograph* [tw] OR sonograp*[tw] OR us [sh]) OR (Magnetic Resonance Imaging [mh] OR MR imag*[tw] OR magnetic resonance imag* [tw] OR MRI [tw])) AND (Rotator Cuff [mh] OR rotator cuff* [tw] OR musculotendinous cuff* [tw] OR subscapularis [tw] OR supraspinatus [tw] OR infraspinatus OR teres minor [tw]) AND (Rupture [mh:noexp] OR tear* [tw] OR torn [tw] OR thickness [tw] OR lesion* [tw] OR ruptur* [tw] OR injur* [tw])Total references = 1551 

Pids: 
    21444007
    21440460
    21411687
    21434791
    21434498
    21429776
    21427446
    21414546
    21398147
    21393644
    21387327
    21369479
    21368093
    21358247
    21350064
    21335343
    21324416
    21318383
    21310940
    21307715
    21294368
    21277807
    21277734
    21269421
    21267574
    21261028
    21258779
    21240157
    21223748
    21208449
    21189357
    21176900
    21176658
    21161250
    21160018
    21151852
    21148143
    21138564
    21126848
    21119934
    21112475
    21106404
    21098844
    21098196
    21098177
    21094406
    21094403
    21094402
    21088956
    21088456
    21084574
    21084572
    21053871
    21052116
    21030564
    21030274
    20970761
    20965645
    20965626
    20957795
    20949326
    20932296
    20926731
    20884978
    20875724
    20875720
    20875523
    20870349
    20844178
    20850042
    20848574
    20846159
    20844777
    20844774
    20829415
    20824269
    20818664
    20808696
    20806759
    20733590
    20729432
    20720072
    20713275
    20710092
    20690871
    20675154
    20675153
    20655763
    20636254
    20621524
    20617916
    20607465
    20595569
    20578021
    20563802
    20559798
    20543217
    20532011
    20526849
    20514507
    20512880
    20511030
    20510631
    20506954
    20505629
    20471342
    20450423
    20439653
    20436053
    20428862
    20421173
    20421169
    20415310
    20414859
    20404756
    20401480
    20392649
    20376896
    20372911
    20371556
    20363160
    20363159
    20360518
    20360505
    20308974
    20306958
    20188275
    20188265
    20206055
    20206053
    20206051
    20198404
    20194317
    20179563
    20158433
    20141993
    20130480
    20117623
    20103576
    20094853
    20082510
    20065375
    20049352
    20048492
    20048092
    20040768
    20033673
    20033149
    20020125
    20001474
    19999869
    19998033
    19963404
    19963403
    19955165
    19941361
    19941245
    19933654
    19918423
    19898856
    19887291
    19885061
    19863417
    19826811
    19824592
    19818700
    19817195
    19801287
    19797571
    19788957
    19784644
    19774825
    19766022
    19763715
    19763696
    19762407
    19760471
    19753994
    19752204
    19750444
    19734058
    19732525
    19730855
    19727754
    19725488
    19711170
    19708627
    19696281
    19685265
    19685061
    19651951
    19651947
    19629607
    19627936
    19627884
    19618154
    19609774
    19586809
    19567856
    19559372
    19556150
    19556145
    19543893
    19541525
    19540777
    19533125
    19531660
    19525129
    19507473
    19503046
    19502669
    19501287
    19501286
    19501285
    19499278
    19487518
    19481859
    19480907
    19462766
    19458930
    19457838
    19451760
    19450245
    19448877
    19448361
    19434410
    19428285
    19411453
    19409148
    19384483
    19359418
    19358488
    19357996
    19349223
    19347412
    19307331
    19302053
    19294378
    19294377
    19292357
    19292319
    19283436
    19276777
    19269861
    19261424
    19260383
    19252895
    19250238
    20690485
    19234269
    19226041
    19225775
    19214690
    19213574
    19204551
    19204549
    19204365
    19204363
    19190054
    19190053
    19184264
    19181972
    19171279
    19155413
    19155379
    19153543
    19134085
    19133432
    20616950
    19098184
    19095462
    19089538
    19087338
    19064147
    19064146
    19059895
    19052931
    19046640
    19038720
    19023644
    18996735
    18996236
    18978411
    18941855
    18937522
    18829940
    18829919
    18827245
    18818103
    18814056
    18806513
    18799326
    18789118
    18774738
    18774737
    18760207
    18719334
    18718766
    18718765
    18712359
    18703980
    18700681
    18696194
    18661565
    18658021
    18657747
    18651142
    18618117
    18608021
    18601817
    18601813
    18598814
    18592217
    18591763
    18591598
    18591587
    18589276
    18564471
    18562731
    18561829
    18542952
    18509792
    18509791
    18503815
    18499376
    18492882
    18463295
    18458243
    18457932
    18453678
    18449121
    18443279
    18443274
    18430537
    18427754
    18412933
    18410039
    18408632
    18400443
    18392621
    18389040
    18388345
    18387766
    18185444
    18375271
    18372195
    18356462
    18327800
    18326164
    18323345
    18323257
    18320377
    18312783
    18310702
    18300628
    18287426
    18275784
    18273602
    18264850
    18256834
    18201655
    18219547
    18207434
    18205566
    18196255
    18183574
    21264148
    19666387
    18162412
    18160501
    18160242
    18157491
    18095244
    18094290
    18085187
    18084169
    18069013
    18065926
    18063457
    18063188
    18063185
    18046179
    18004606
    17986401
    17980629
    17974893
    17974879
    17954658
    17951350
    17932406
    17931909
    17931908
    17931904
    17916487
    17912520
    17912513
    17906420
    17901945
    17896393
    17891375
    17889340
    17885069
    17882047
    17825744
    17768188
    17728506
    17713757
    17704907
    17703378
    17681214
    17671017
    17671016
    17665351
    17659559
    17629505
    17624527
    17622545
    17606793
    17598944
    17596002
    17581904
    17574875
    17564776
    17563662
    17545428
    17541370
    17520851
    17508210
    17507248
    17504318
    17504312
    17496066
    17489013
    17483728
    17478283
    17473131
    17473128
    17467393
    17448694
    17441667
    17440708
    17418345
    17415560
    17410365
    17408977
    17403801
    17403336
    17398265
    17393674
    17390133
    17380330
    17379917
    17379541
    17375296
    17361872
    17349411
    17337727
    17334761
    17332121
    17308479
    17308477
    17289860
    17233496
    17225150
    17213772
    17210431
    17196721
    17196354
    17195127
    17187634
    17169582
    17158276
    17157744
    17157728
    17152055
    17149764
    17148619
    17142436
    17139865
    17139864
    17138640
    17137058
    17088751
    17087881
    17076461
    17075837
    17075105
    17057069
    17055750
    17055299
    17042899
    17042025
    17027418
    17021902
    17012434
    16985129
    16979049
    16979047
    16969638
    16958438
    16943859
    16927096
    16927071
    16910855
    16910603
    16905894
    16904579
    16890886
    16882890
    16870821
    16869012
    16861541
    16848145
    16846763
    16846761
    16845547
    16844931
    16831639
    16829248
    16829247
    16829246
    16822450
    16810630
    16801689
    16798142
    16798137
    16798133
    16788406
    16778635
    16775682
    16762695
    16757756
    16741738
    16729747
    16715658
    16709790
    16709684
    16705497
    16703494
    16687708
    16679227
    16679225
    16677677
    16648678
    16636345
    16632711
    16628056
    16623305
    16623304
    16619659
    16609552
    16607589
    16595470
    16551396
    16549619
    16543591
    16539812
    16531695
    16529658
    16518655
    16517311
    16510810
    16488235
    16477333
    16464555
    16459867
    16459855
    16456661
    16453345
    16452746
    16452742
    16437046
    16423952
    16422237
    16422234
    16419376
    16414467
    16399460
    16392611
    16387384
    16382328
    16376230
    16357549
    16357409
    16352733
    16337532
    16337524
    16328380
    16328210
    16327685
    16326727
    16325080
    16322616
    16315115
    16307290
    16303992
    16284137
    16279387
    16267650
    16260468
    16260463
    16226652
    16226651
    16210463
    16205148
    16200386
    16200049
    16195065
    16192321
    16187723
    16181197
    16177410
    16171668
    16171634
    16170042
    16156339
    16148361
    16127127
    16123923
    16123875
    16114204
    16060553
    16047388
    16047149
    16037507
    16035699
    16034236
    16032117
    16015236
    16012501
    16002483
    15999281
    15999280
    15995469
    15983127
    15972417
    15940560
    15930541
    15930531
    15925934
    15925933
    15925931
    15911666
    15908528
    15905994
    15893531
    15891546
    15889019
    15864042
    15855096
    15805942
    15805937
    15800530
    15798625
    15789018
    15789010
    15789006
    15776325
    15773644
    15756195
    15734234
    15723212
    15723008
    15693538
    15687154
    15685073
    15679569
    15674840
    15669566
    15665693
    15658142
    15635469
    15615971
    15553955
    15544823
    15544822
    15533948
    15515515
    15515507
    15505321
    15505319
    15494338
    15483532
    15478149
    15472772
    15472769
    15385288
    15383980
    15383811
    15383805
    15378320
    15358849
    15346111
    15333791
    15323397
    15314536
    15294335
    15284460
    15274266
    15273173
    15252087
    15246482
    15244320
    15243429
    15221220
    15208069
    15168082
    15160255
    15156285
    15150645
    15150644
    15125393
    15112313
    15111910
    15111899
    15111894
    15106069
    15104040
    15085476
    15083277
    15069134
    15066593
    15066592
    15057423
    15054981
    15054980
    15050222
    15037909
    15034655
    15024500
    15004884
    14996453
    14984190
    14984188
    14961423
    14960664
    14767411
    14754752
    14753792
    14743231
    14735086
    14730038
    14705470
    14695399
    14673448
    14671536
    14671529
    14671517
    14671516
    14656681
    14652725
    14631052
    14627555
    14623673
    14612636
    14610684
    14600458
    14578672
    14578661
    14573409
    14573405
    14567906
    14565754
    14563802
    14525569
    14513293
    14500210
    12975202
    12975193
    12934025
    12934024
    12916887
    12856160
    12851572
    12847646
    12835639
    12835624
    12827299
    12822240
    12817312
    12811424
    12792208
    12784007
    12782867
    12771841
    12735621
    12728041
    12720009
    12718323
    12700561
    12700560
    12695954
    12659820
    12646465
    12640155
    12627148
    12620544
    12606869
    12606868
    12598997
    12591665
    12589487
    12589484
    12585570
    12579145
    12571381
    12569317
    12567134
    12563364
    12562120
    12525938
    12511685
    12510117
    12486539
    12483430
    12474728
    12469086
    12469082
    12469080
    12462070
    12435645
    12399886
    12395913
    12379388
    12378176
    12368799
    12360013
    12235350
    12214351
    12202690
    12195505
    12195504
    12195247
    12185037
    12183790
    12168680
    12151902
    12150464
    12147844
    12142976
    12136330
    12132213
    12132196
    12124536
    12118822
    12113782
    12107570
    12105806
    12083586
    12079911
    12070492
    12068399
    12056171
    12041523
    12025101
    12025099
    12017847
    11987054
    11976869
    11935481
    11928909
    11922195
    11912093
    11903172
    11888144
    11888140
    11888139
    11877614
    11870482
    11845142
    11832042
    11832041
    11828349
    11828347
    11828327
    11814754
    11813956
    11810162
    11807851
    11799011
    11798999
    11774134
    11756726
    11747034
    11743528
    11702350
    11688948
    11641696
    11572003
    11567850
    11567849
    11563493
    11552389
    11516533
    11513161
    11471403
    11465773
    11450128
    11450127
    11450126
    11426001
    11414670
    11408898
    11407717
    11398056
    11392293
    11387116
    11387103
    11372266
    11354747
    11351193
    11323778
    11300138
    11289632
    11287863
    11284566
    11265045
    11253526
    11253091
    11242207
    11239341
    11234944
    11228032
    11223629
    11222234
    11218024
    11210950
    11199409
    11199405
    11195119
    11182734
    11172246
    11155300
    11154383
    11154011
    11148874
    11142911
    11142907
    11142906
    11142882
    11129754
    11121701
    11116842
    11116838
    11116837
    11103957
    11065265
    11058657
    11051013
    11046178
    11046163
    11043966
    11033903
    11027752
    11013610
    11008318
    11001394
    11000168
    10994687
    10992091
    10968686
    10966192
    10963918
    10963917
    10963425
    10963079
    10955352
    10952040
    10930877
    10929412
    10890456
    10883604
    10883593
    10879716
    10875420
    10874191
    10872357
    10856614
    10841058
    10813181
    10810697
    10810686
    10798229
    10796930
    10791582
    10789798
    10781662
    10780220
    10778457
    10761941
    10761940
    10750001
    10749261
    10724229
    10724223
    10717855
    10705336
    10676014
    10668512
    10663753
    10653361
    10652663
    10644135
    10633896
    10633889
    10631903
    10616812
    20478225
    10613161
    10608963
    10591925
    10580943
    10580942
    10579166
    10575798
    10543593
    10526487
    10526486
    10524853
    10524698
    10506358
    10495180
    10477887
    10472005
    10471998
    10463744
    10463016
    10457553
    10447077
    10442080
    19078384
    10424336
    10399636
    10395129
    10389080
    10389076
    10367523
    10358723
    10354876
    10353037
    20086727
    10339775
    10336198
    10335968
    10327490
    10231101
    10227521
    10216997
    10210067
    10093412
    10090180
    10077795
    10067222
    10067221
    10050829
    9972207
    9934421
    9930805
    9930804
    9930100
    9916188
    9883425
    9868709
    9866777
    9864635
    9856552
    9845789
    9844654
    9819613
    9814932
    9798449
    9793136
    9771210
    9768891
    9759817
    9754490
    9752660
    9752659
    9752649
    9745256
    9744045
    9733463
    9725313
    9678236
    9676206
    9673643
    9663318
    9658352
    9658346
    9652501
    9648794
    9648793
    9641520
    9638832
    9633054
    9599823
    9589092
    9586975
    9581249
    9571942
    9571397
    9565950
    9562818
    9555840
    9525755
    9522674
    9519047
    9509826
    9507602
    9499965
    9490987
    9465232
    9430827
    9430826
    9448758
    9446120
    9442331
    9442324
    9426783
    9408954
    9372778
    9397454
    9356936
    9356935
    9353479
    9376998
    9327536
    9343659
    9322701
    9314511
    9314509
    9314505
    9314504
    9314503
    9314500
    9257962
    9381126
    9285998
    9285996
    9424648
    9381775
    9289042
    9243387
    9205245
    9340739
    9168717
    9219130
    9304204
    9244908
    9127074
    9124141
    9124140
    9124128
    9113722
    9113711
    9192430
    9090762
    9157559
    9055527
    9020227
    9016248
    9015086
    9501660
    9266041
    9239637
    9064794
    9040149
    9038113
    9024435
    9024430
    9006686
    9005933
    8998210
    9115565
    9101759
    9082479
    9082478
    9082477
    9082475
    9068210
    9065069
    8981271
    8958621
    8952110
    9064765
    8897778
    8894339
    8991423
    8940792
    8915265
    8816656
    8797926
    8865490
    8865483
    8686597
    8685350
    8928565
    8872930
    8818778
    8792271
    8698718
    8677829
    8657921
    8767161
    8686465
    8633460
    8816343
    8710459
    8615243
    8741055
    8734209
    8728370
    8643842
    8610564
    8609146
    8609145
    8643944
    8919503
    8775111
    8742880
    8732800
    8658003
    8820096
    8820094
    8820092
    8952917
    8919441
    8919122
    8872551
    8851790
    8851442
    8817045
    8762985
    8753822
    8717118
    8711919
    8711918
    8673512
    8646903
    8571867
    8539398
    7484618
    8665291
    8665286
    8608689
    8534390
    8532336
    8532335
    7480690
    19077997
    8581997
    8552811
    8545644
    7568835
    8548441
    7671508
    7645478
    7607060
    7640925
    7570077
    7569078
    7754892
    7754891
    7658938
    7644916
    7617385
    7617377
    7617376
    7605957
    7754927
    7783037
    7724774
    7724773
    7620866
    7617896
    7614836
    7605315
    7771960
    7606420
    16558307
    7862988
    7862986
    7778695
    7754109
    7706351
    7612422
    10150316
    7848321
    7735751
    7731767
    8787306
    8623610
    7998527
    7895205
    7886459
    7882114
    7822341
    7756022
    7743752
    7713089
    7707483
    7569174
    7992740
    7878228
    7855722
    7643588
    7993249
    7976897
    7972758
    7886475
    7855336
    7838807
    7824769
    8092054
    8090902
    7924049
    7824983
    7824981
    7800193
    8079856
    8058959
    8037057
    8037037
    8208939
    8066230
    8027145
    8020240
    8020237
    8020233
    8192045
    8042491
    8028951
    8048356
    8038880
    8198183
    8180457
    8178178
    8174017
    8126271
    8126038
    7920064
    8191450
    8312510
    8310926
    7912584
    9097178
    9097177
    8179928
    8179927
    8179926
    8179925
    8144344
    8128027
    8054232
    8047956
    8024688
    7875142
    7740135
    7719780
    7638384
    8249731
    8291016
    8291006
    8237322
    8414488
    8414487
    8351333
    8273012
    8273011
    7584215
    7584214
    7584213
    7584208
    8354686
    8348136
    8346359
    8331246
    8504591
    8320901
    8509471
    8475294
    8332795
    8462039
    8322068
    8322066
    8475398
    8475397
    8454760
    8451648
    8421748
    8421747
    8101743
    8488437
    8483150
    8446022
    8421637
    8421612
    8421610
    8418980
    8418972
    8416605
    8357686
    8305104
    8284463
    8280327
    8272224
    8066296
    1491817
    1287844
    1489465
    1475420
    1423703
    1516301
    1518937
    1421996
    1411915
    1391816
    1642657
    1620858
    1509033
    1590124
    1642033
    1636859
    1613616
    1587891
    1563433
    1583043
    1581153
    1560504
    1553762
    1739001
    1585252
    1585250
    1561057
    1729796
    1489363
    1304715
    1729292
    1727282
    1550656
    1544313
    1366290
    1348555
    1292554
    1288377
    1288376
    1288375
    1284020
    1796284
    1788428
    1939766
    1753360
    1945355
    1950493
    1934094
    1934091
    1887045
    1767556
    1759157
    1745539
    1910827
    2068322
    1947305
    1947299
    1942229
    1874784
    1868561
    2045395
    2045394
    2027968
    1802153
    2036757
    1670434
    2014724
    2009680
    2057868
    1847536
    2011836
    1985990
    1927353
    1927352
    1842954
    1812516
    2243995
    2176328
    2267376
    2229570
    2119117
    2266516
    2203144
    2367103
    2200127
    2195474
    2188354
    2341451
    2182260
    2160695
    2188343
    2188339
    2180600
    2408095
    2191826
    2181580
    2321039
    2104694
    2076917
    2688240
    2694670
    2693553
    2692080
    2685890
    2678248
    2678247
    2678244
    2678284
    2552528
    2678466
    2740508
    2663290
    2660541
    2749464
    2544937
    2727354
    2660887
    2655152
    2652050
    2659355
    2648745
    2675745
    2665103
    3055040
    3183135
    3142923
    3262276
    2845510
    3406398
    3071007
    3044661
    3152389
    3289928
    3282405
    3363114
    3363113
    3283828
    3257322
    3336681
    3282806
    3281690
    3275956
    3068723
    3317534
    3496760
    3327026
    3134443
    3299961
    3310221
    3695819
    3616667
    3737908
    3535080
    3534994
    3526850
    3020631
    3512571
    3511640
    3511639
    3551477
    3514025
    3916822
    3898216
    3897119
    3880983
    6436327
    9697646
    7377445
    6036453
