Topic: CD008054 

Title: Human papillomavirus testing versus repeat cytology for triage of minor cytological cervical lesions 

Query: 
((cervix OR cervical OR cervico*) AND (cancer OR carcinoma OR neoplas* OR dysplas* OR squamous OR CIN[tw] OR CINII*[tw] OR CIN2*[tw] OR CINIII*[tw] OR CIN3[tw] OR SIL[tw] OR HSIL[tw] OR H-SIL[tw] OR LSIL[tw] OR L-SIL OR ASCUS[tw] OR “ASC R”[tw] OR “ASC US”[tw] OR “ASC H”[tw])) AND (HPV OR “human papillomavirus” OR papillomaviridae OR papillomavirus infections[MeSH Terms] OR “hybrid capture” OR HC2 OR “HC 2” OR HCII OR “HC II” OR DNA OR viral OR virolog*) AND (triage OR management OR followup OR “follow up”) 

Pids: 
    review id: 44
    
    20301575
    20301650
    21271014
    21266522
    21266159
    21263189
    21258128
    21255160
    21252668
    21247508
    21245659
    21242664
    21241262
    21227567
    21225799
    21225783
    21225779
    21218577
    21216869
    21216451
    21214125
    21211065
    21209723
    21198715
    21194734
    21193120
    21192178
    21192169
    21190190
    21190187
    21189840
    21189382
    21187191
    21185992
    21174066
    21173650
    21173378
    21171829
    21162830
    21158521
    21151479
    21150798
    21150159
    21147950
    21145755
    21145098
    21142659
    21142263
    21140928
    21135522
    21134544
    21133612
    21133596
    21133593
    21130490
    21128253
    21120710
    21117301
    21115503
    21112238
    21110881
    21108842
    21107591
    21102588
    21099599
    21099598
    21098758
    21091197
    21091087
    21084508
    21084266
    21079141
    21071728
    21069114
    21064095
    21064091
    21061800
    21060889
    21058499
    21055173
    21051980
    21050431
    21048794
    21042726
    21041538
    21039025
    21035386
    21029181
    20979903
    20977339
    20973202
    20967872
    20966891
    20966702
    20966687
    20963389
    20937225
    20959485
    20957796
    20957631
    20956724
    20956352
    20953721
    20949623
    20949622
    20947264
    20946449
    20946095
    20945322
    20944077
    20941740
    20941705
    20938424
    20935226
    20935133
    20931299
    20926123
    20924035
    20922700
    20922136
    20920878
    20890985
    20890134
    20886598
    20885164
    20884893
    20882883
    20882875
    20882874
    20873772
    20873095
    20872354
    20870375
    20869182
    20868401
    20868276
    20859159
    20857773
    20856930
    20853152
    20848813
    20848437
    20848419
    20846064
    20843130
    20841605
    20840254
    20840253
    20838362
    20837404
    20836682
    20833385
    20833033
    20829680
    20824783
    20824706
    20819481
    20809978
    20808310
    20798198
    20795351
    20737813
    20737490
    20737488
    20736104
    20734388
    20731202
    20728837
    20727494
    20722121
    20719232
    20719230
    20719224
    20719223
    20719215
    20719214
    20718841
    20717168
    20713299
    20708786
    20708696
    20701076
    20701064
    20698998
    20698164
    20698112
    20697958
    20697079
    20695191
    20690046
    20683419
    20683415
    20683410
    20683409
    20679285
    20671136
    20670951
    20670132
    20664421
    20661011
    20660436
    20651386
    20647284
    20646310
    20643092
    20638840
    20638416
    20632523
    20629683
    20628384
    20628276
    20628175
    20626898
    20626752
    20625861
    20619719
    20615885
    20615884
    20613897
    20609221
    20607682
    20606464
    20606041
    20605046
    20596973
    20596971
    20593942
    20593935
    20592556
    20592553
    20592551
    20589147
    20584591
    20583384
    20578088
    20567171
    20564126
    20563390
    20563237
    20561781
    20555239
    20553960
    20552895
    20551261
    20548012
    20548011
    20544224
    20541966
    20537184
    20536271
    20532608
    20530316
    20529280
    20527237
    20527233
    20526528
    20522799
    20522074
    20515292
    20514490
    20512116
    20510719
    20506504
    20490685
    20488510
    20486060
    20485886
    20484987
    20483618
    20482721
    20480190
    20478068
    20473931
    20473918
    20473898
    20472847
    20465386
    20458058
    20451636
    20451455
    20450756
    20443330
    20441506
    20436034
    20432764
    20432754
    20432737
    20432730
    20432728
    20429487
    20428778
    20425737
    20423964
    20423915
    20417957
    20417477
    20416074
    20413015
    20413010
    20397551
    20395529
    20391981
    20390678
    20387719
    20383875
    20380709
    20379395
    20378018
    20376176
    20375805
    20374607
    20372097
    20371206
    20367631
    20361539
    20360534
    20359436
    20356557
    20354519
    20354416
    20354415
    20350199
    20349787
    20349777
    20346145
    20336920
    20334685
    20332271
    20308003
    20305959
    20302962
    20232189
    20231304
    20230547
    20225560
    20222338
    20222046
    20217467
    20214515
    20209333
    20208144
    20207933
    20204296
    20202613
    20200441
    20193463
    20191197
    20183741
    20182342
    20179125
    20173500
    20173019
    20171802
    20168108
    20168107
    20166190
    20163910
    20161611
    20160560
    20159486
    20157096
    20152096
    20149059
    20141237
    20140308
    20139221
    20135209
    20134272
    20134271
    20134270
    20130517
    20130513
    20129072
    20129070
    20129069
    20129067
    20116836
    20113917
    20112339
    20108778
    20108724
    20108714
    20108707
    20106606
    20105077
    20102482
    20099317
    20091568
    20089347
    20081800
    20076997
    20073612
    20069634
    20044855
    20043357
    20042622
    20029805
    20028865
    20027518
    20025476
    20024678
    20024569
    20023269
    20019841
    20019583
    20018222
    20015762
    20014311
    20014308
    20012636
    20009903
    20007727
    20007673
    20007387
    20006487
    20001504
    19962185
    19961986
    19960441
    19959700
    19956062
    19955872
    19954820
    19952931
    19951218
    19948464
    19948015
    19947449
    19943754
    19941375
    19940997
    19940807
    19940548
    19939441
    19929642
    19926574
    19926199
    19917957
    19917929
    19917926
    19917840
    19906510
    19903804
    19901920
    19901435
    19901431
    19900632
    19900264
    19894254
    19892651
    19891902
    19880826
    19875274
    19861565
    19861513
    19856423
    19853189
    19853188
    19853185
    19848609
    19841455
    19839054
    19835740
    19830695
    19828739
    19826482
    19826481
    19823052
    19823051
    19822553
    19820390
    19818686
    19815582
    19814963
    19813272
    19813258
    19809431
    19804436
    19798882
    19795622
    19793686
    19792047
    19789295
    19786768
    19785564
    19784522
    19780421
    19770418
    19761134
    19760769
    19756616
    19751331
    19741545
    19741479
    19739071
    19732547
    19726905
    19722749
    19716561
    19713100
    19711471
    19704392
    19704306
    19698808
    19698807
    19697723
    19697616
    19697324
    19695867
    19693966
    19692327
    19691257
    19690991
    19690767
    19690315
    19690188
    19689598
    19689440
    19684447
    19683687
    19672964
    19672867
    19668929
    19651373
    19651372
    19651370
    19651367
    19651365
    19659956
    19654577
    19650127
    19649389
    19648510
    19647066
    19646562
    19644532
    19642095
    19641042
    19640281
    19639388
    19626616
    19624866
    19623178
    19621855
    19620947
    19620946
    19619893
    19619501
    19616499
    19616155
    19614770
    19605838
    19603236
    19603206
    19597640
    19590718
    19588497
    19586657
    19586656
    19585576
    19585574
    19585505
    19582804
    19578642
    19576825
    19574788
    19574669
    19570439
    19570437
    19569231
    19566743
    19564752
    19550210
    19540559
    19540557
    19539200
    19535232
    19530473
    19522004
    19514600
    19514374
    19509579
    19509575
    19501894
    19493565
    19492584
    19489068
    19480963
    19476614
    19475620
    19475551
    19473874
    19473489
    19471671
    19464729
    19461460
    19460514
    19459723
    19451022
    19450645
    19447369
    19446285
    19442563
    19442479
    19439079
    19436214
    19435920
    19435020
    19432913
    19432613
    19431196
    19423515
    19415947
    19410282
    19410212
    19407148
    19405865
    19403762
    19398642
    19387582
    19387136
    19387129
    19387127
    19387126
    19381670
    19380365
    19378324
    19375565
    19374601
    19373958
    19369580
    19363438
    19362787
    19360742
    19356281
    19351830
    19349430
    19347826
    19347305
    19346943
    19344881
    19344861
    19335024
    19331088
    19327166
    19319944
    19318638
    19318636
    19318628
    19318437
    19308752
    19305342
    19305335
    19300322
    19295468
    19291750
    19291176
    19289615
    19288617
    19287178
    19279439
    19269105
    19268989
    19266896
    19265732
    19264066
    19263042
    19260117
    19258937
    19258470
    19253025
    19251719
    19250361
    19245609
    19236277
    19235847
    19231606
    19231605
    19223232
    19221247
    19217149
    19215721
    19201294
    19192654
    19191636
    19191295
    19188824
    19177930
    19177756
    19176451
    19175041
    19167699
    19167697
    19167657
    19166805
    19166485
    19155953
    19150107
    19144268
    19142526
    19141778
    19134490
    19133067
    19131181
    19127558
    19127262
    19116707
    20701859
    20192603
    19112810
    19106656
    19106262
    19105350
    19104355
    19098605
    19098602
    19097373
    19091066
    19086814
    19086247
    19084093
    19081611
    19079386
    19074773
    19072996
    19072727
    19072507
    18984314
    19065484
    19064233
    19061823
    19061822
    19061821
    19061819
    19061816
    19061283
    19054549
    19051848
    19048594
    19047664
    19044328
    19041125
    19040546
    19037054
    19037044
    19035459
    19035312
    19031282
    19029852
    19027626
    19027623
    19027619
    18945407
    18945406
    18945405
    18945403
    18945402
    18945401
    19007972
    19005325
    19004404
    19003961
    18997735
    18990021
    18990018
    18990006
    18990005
    18988230
    18980291
    18980288
    18980287
    18980278
    18980276
    18980275
    18980274
    18980273
    18980209
    18980204
    18980203
    18980202
    18974124
    18973271
    18945414
    18945412
    18945411
    18956520
    18955086
    18951428
    18936350
    18935854
    18922480
    18852164
    18847560
    18847555
    18844110
    18842994
    18841797
    18841719
    18834224
    18834017
    18833817
    18825885
    18822811
    18809144
    18820547
    18819456
    18814397
    18809815
    18805453
    18805249
    18799155
    18792100
    18788568
    18787931
    18786022
    18785808
    18784830
    18783988
    18778290
    18777982
    18769337
    18760810
    18757663
    18757461
    18757164
    20614311
    18754553
    18752792
    18722854
    18721653
    18720379
    18716509
    18716299
    18714574
    18714567
    18714488
    18708401
    18705759
    18702360
    18691459
    18685007
    18684062
    18684028
    18683751
    18682715
    18677144
    18674952
    18670718
    18662493
    18651878
    18649932
    18645671
    18642468
    18640957
    18640170
    18636037
    18611087
    18630037
    18628083
    18627250
    18623128
    18622958
    18621464
    18620726
    18618504
    18603346
    18602731
    18601724
    18598223
    18595876
    18595872
    18594541
    18594522
    18588944
    18588617
    18582422
    18579716
    18573778
    18572051
    18570952
    18569481
    18568525
    18568279
    18562963
    18561743
    18557678
    18557231
    18556050
    18551620
    18550472
    18550229
    18548530
    18547207
    18544435
    18544049
    18542030
    18540292
    18539502
    18538725
    18537160
    18528899
    18528890
    18518976
    18517273
    18512537
    18510550
    18506546
    18463361
    18503572
    18502519
    18500260
    18498117
    18495212
    18492941
    18489462
    18487738
    18486742
    18486518
    18484643
    18483347
    18483124
    18479603
    18474553
    18470628
    18467878
    18463460
    18454461
    18449888
    18445398
    18435848
    18435450
    18429348
    18429007
    18425651
    18425282
    18425044
    18424016
    18418266
    18416954
    18410393
    18407778
    18406887
    18404671
    18404650
    18402671
    18401926
    18398096
    18398022
    18396688
    18387664
    18386462
    18383529
    18382353
    18380357
    18378945
    18378743
    18374480
    18372991
    18372144
    18369306
    18369302
    18369299
    18364507
    18364502
    18363746
    18350207
    18349293
    18341764
    18338752
    18334711
    18334066
    18329326
    18328945
    18162244
    18162241
    18162240
    18321179
    18317211
    18316350
    18314477
    18310287
    18310095
    18307954
    18300604
    18300234
    18297710
    18295172
    18291599
    18289651
    18285822
    18283313
    18280831
    18275645
    18275641
    18270337
    18269589
    18267063
    18267062
    18267061
    18266234
    18257611
    18255129
    18248917
    18248809
    18240976
    18240149
    18234114
    18232728
    18232005
    18232003
    18214065
    18202727
    18199790
    18191912
    18191500
    18191339
    18187268
    18186493
    18177929
    18175557
    18175519
    18174309
    18164379
    20445775
    19450115
    19256304
    18162804
    18159987
    18159827
    18159534
    18156984
    18097904
    18096865
    18094553
    18089491
    18086908
    18083545
    18082853
    18074353
    18068032
    18061869
    18060328
    18053677
    18052515
    18051730
    18051714
    18051708
    18042931
    18037478
    18035691
    17938016
    17938012
    18026629
    18019199
    18006667
    18001738
    18001194
    18001182
    18001004
    17993415
    17989194
    17973252
    17971942
    17971822
    17971527
    17967185
    17964472
    17963826
    17963416
    17961877
    17961334
    17960407
    17949424
    17942871
    17848300
    17937675
    17937085
    17924415
    17923869
    17919835
    17919718
    17917736
    17917570
    17917567
    17917566
    17912799
    17910346
    17910345
    17910342
    17907011
    17906017
    17904992
    17904958
    17904957
    17893883
    17890822
    17885498
    17883794
    17879635
    17877102
    17872722
    17854914
    17854873
    17828436
    17826171
    17822751
    17805982
    17785995
    17764728
    17764095
    17760847
    17727939
    17725412
    17724733
    17724723
    17724715
    17724679
    17724678
    17722112
    17721319
    17714678
    17714260
    17712680
    17712659
    17709313
    17705820
    17704412
    17699008
    17701417
    17695455
    17695441
    17689626
    17688234
    17686005
    17684807
    17684137
    17683070
    17673302
    17672042
    17671239
    17671238
    17669006
    17667282
    17667281
    17662070
    17660333
    17658693
    17657793
    17652195
    17649775
    17635161
    17633349
    17628488
    17627067
    17627065
    17627062
    17625758
    17624246
    17624088
    17624084
    17624079
    17621246
    17618753
    17614272
    17609075
    17607828
    17606315
    17602732
    17600933
    17599128
    17598516
    17598512
    17598507
    17598506
    17596834
    17594698
    17592428
    17586030
    17583755
    17583251
    17582921
    17578475
    17566560
    17565745
    17553901
    17551490
    17550135
    17549362
    17547527
    17546307
    17544766
    17540804
    17526866
    17524549
    17524291
    17519896
    17514795
    17513921
    17512854
    17512722
    17511938
    17506090
    17500100
    17494933
    17494926
    17494925
    17494922
    17494721
    17490667
    17484617
    17482870
    17481701
    17479676
    17477773
    17477380
    17472133
    17471427
    17471424
    17470731
    17466684
    17464590
    17461006
    17451126
    17446596
    17445955
    17442018
    17441488
    17439841
    17439800
    17433234
    17429525
    17425678
    17416761
    17415361
    17415113
    17415109
    17413989
    17403324
    17397494
    17397005
    17395104
    17390054
    17385693
    17378816
    17378688
    17374254
    17374161
    17367740
    17367324
    17365821
    17364315
    17362569
    17355305
    17354309
    17354241
    17354235
    17350326
    17348442
    17347466
    17343808
    17342094
    17337390
    17337388
    17334990
    17334454
    17325353
    17319326
    17319235
    17317827
    17308921
    17302188
    17297726
    17294241
    17293921
    17293248
    17291804
    17291250
    17290591
    17277496
    17276947
    17276769
    17276172
    17275890
    17273725
    17267837
    17258503
    17257092
    17255928
    17245729
    17242759
    17237737
    17233858
    17230525
    17229459
    17229186
    17227641
    17227640
    17223540
    17222357
    17220327
    17220326
    17220325
    17219448
    17214350
    17214333
    17212861
    17210478
    17198654
    17198305
    17197739
    19458776
    17192039
    17179690
    17179686
    17179101
    17178888
    17177842
    17177657
    17173297
    17167705
    17167367
    17166323
    17161162
    17161161
    17161160
    17161159
    17157365
    17156632
    17152273
    17152260
    17151362
    17145630
    17140430
    17138768
    17137275
    17133212
    17122007
    17118245
    17117182
    17117119
    17103409
    17102082
    17098349
    17096435
    17091881
    17091508
    17088706
    17086317
    17085950
    17084840
    17078096
    17074547
    17074542
    17070990
    17070101
    17070085
    17063820
    17062559
    17060938
    17060897
    17058091
    17051084
    17051049
    17050958
    17049972
    17049018
    17043559
    17042938
    17041957
    17041955
    17041856
    17036320
    17024097
    17022190
    17022088
    17012993
    17012988
    17009975
    17008015
    17002842
    17000609
    16999634
    16995822
    16991139
    16990717
    16979838
    16979432
    16978225
    16972742
    16969449
    16967697
    16955480
    16952155
    16950022
    16950021
    16950019
    16950004
    16950003
    16950000
    16937378
    16929418
    16928264
    16925896
    16925893
    16925121
    16916295
    16911774
    16900471
    16896828
    16890545
    16886652
    16886651
    16886157
    16882941
    16880312
    16880134
    16879879
    16878355
    16877589
    16869238
    16858719
    16858685
    16850495
    16850488
    16849682
    16847471
    16847177
    16844268
    16835323
    16835322
    16835319
    16829752
    16824308
    16824294
    16816858
    16814450
    16814206
    16814203
    16813132
    16804235
    16803478
    16800389
    16800255
    16800249
    16800245
    16794238
    16789021
    16782096
    16780934
    16780026
    16775041
    16765101
    16764624
    16757701
    16757611
    16754588
    16749469
    16736006
    16733709
    16729900
    16729556
    16719902
    16713062
    16702567
    16702369
    16701815
    16686955
    16686950
    16684427
    16682282
    16681749
    16681744
    16680733
    16677697
    16670716
    16670117
    16646070
    16645555
    16633243
    16631880
    16629535
    16629527
    16619570
    16619556
    16614679
    16613345
    16612707
    16610687
    16607969
    16597872
    16597323
    16595046
    16585856
    16582871
    16582143
    16582118
    16581283
    16580909
    16570279
    16570271
    16566362
    16557590
    16552968
    16550974
    16550973
    16550603
    16544318
    16538218
    16537673
    16533588
    16526022
    16514834
    16512781
    16506597
    16494930
    16493258
    16489178
    16482538
    16477565
    16472267
    16470857
    16470854
    16469660
    16467632
    16458571
    16451782
    16449118
    16445655
    16445653
    16445652
    16445643
    16445642
    16439416
    16438278
    16426912
    16425530
    16422252
    16421920
    16421235
    16419184
    16418512
    16418511
    16418504
    16417091
    16417073
    16414021
    16411180
    16410891
    16410556
    16399769
    16399706
    16394279
    16394035
    16393675
    16386782
    16378037
    16378029
    16362994
    16354872
    16353376
    16341728
    16341140
    16325245
    16325243
    16322291
    16316831
    16313292
    16311658
    16310670
    16309820
    16303041
    16299747
    16299569
    16291985
    16289374
    16285563
    16284394
    16282939
    16278379
    16263548
    16258513
    16249052
    16240938
    16240403
    16240326
    16232104
    16232081
    16219410
    16217759
    16214397
    16203281
    16193593
    16189520
    16188026
    16186584
    16185561
    16171489
    16169066
    16167919
    16167918
    16166813
    16164104
    16161049
    16156999
    16156944
    16155914
    16154623
    16150393
    16150390
    16142133
    16141760
    16139346
    16137195
    16136595
    16136491
    16136457
    16135610
    16126875
    16126264
    16122186
    16120706
    16118506
    16114991
    16104044
    16103441
    16101165
    16099020
    16098895
    16094129
    16091261
    16087035
    16086082
    16084940
    16081575
    16080313
    16078257
    16060711
    16054967
    20011297
    16044055
    16036178
    16036177
    16030305
    16030304
    16028838
    16027519
    16023184
    16022272
    16009345
    16008006
    16007672
    16006801
    16003735
    16002332
    16000445
    15991532
    15991530
    15991244
    15986443
    15982417
    15980688
    15977244
    15973782
    15963882
    15961361
    15957194
    15956659
    15956650
    15949888
    15948550
    15937925
    15933558
    15931814
    15923294
    15923175
    15922369
    15916999
    15915391
    15915229
    15914222
    15902326
    15900575
    15899782
    15896321
    15894692
    15894667
    15894665
    15894367
    15891259
    15889450
    15874879
    15874877
    15874865
    15874861
    15871112
    15870535
    15870533
    15870530
    15870528
    15870517
    15860356
    15859311
    15859309
    15859052
    15858245
    15857016
    15853017
    15839614
    15835076
    15832076
    15827553
    15823268
    15823267
    15822686
    15822123
    15822121
    15814622
    15813233
    15812071
    15808384
    15802436
    15800092
    15800091
    15792948
    15790434
    15785874
    15785734
    15783159
    15782067
    15770006
    15766594
    15762191
    15756673
    15754993
    15753010
    15753008
    15751045
    15746849
    15743736
    15739081
    15736652
    15734959
    15730517
    15730365
    15723939
    15715911
    15712399
    15712398
    15712186
    15688404
    15687362
    15682781
    15682286
    15678821
    15673474
    15673016
    15672956
    15671570
    15670897
    15668870
    15668510
    15662700
    15660175
    15657345
    15653209
    15645423
    15634504
    15630792
    15625994
    15617297
    15613855
    15611505
    15608417
    15598287
    15597842
    15593261
    15592271
    15589589
    15587292
    15584047
    15581973
    15581972
    15581775
    15576258
    15574793
    15571057
    15571055
    15566678
    15560864
    15560527
    15554555
    15551738
    15548913
    15547529
    15546236
    15543923
    15540174
    15539382
    15539381
    15535212
    15530628
    19780302
    15510036
    15494268
    15494070
    15493169
    15493027
    15489651
    15485621
    15475792
    15468129
    15458897
    15457397
    21213526
    15451182
    15449847
    15390201
    15386375
    15381905
    15381589
    15378433
    15371283
    15369795
    15367574
    15365995
    15361273
    15361202
    15361201
    15361181
    15350357
    15350028
    15345076
    15342457
    15329559
    15326967
    15323141
    15314515
    15298958
    15297196
    15295351
    15292929
    15292390
    15285307
    15285296
    15283054
    15273491
    15269357
    15265968
    15265960
    15262139
    15258976
    15243556
    15237586
    15236259
    15230879
    15228423
    15222267
    15217934
    15213571
    15211479
    15211058
    15210561
    15210551
    15199273
    15197677
    15196851
    15184253
    15176032
    15163348
    15162150
    15157051
    15151941
    15150605
    15145278
    15144570
    15128004
    15126331
    15124127
    15118639
    15116318
    15110887
    15105176
    15105026
    15102681
    15100338
    15099958
    15082669
    15080305
    15073670
    15072728
    15055802
    15054873
    15054172
    15051550
    15042650
    15040102
    15030652
    15027002
    15026470
    15023438
    15022400
    15021313
    15010819
    15005070
    15000752
    14997202
    14997192
    14995928
    14979865
    14970277
    14970266
    14968413
    14870779
    14769618
    14768988
    14756543
    14754702
    14751527
    14750534
    14750245
    14746039
    14746036
    14746035
    14746031
    14746025
    14745873
    14740307
    14736603
    14729933
    14725728
    14724910
    14716768
    14716128
    14710135
    14710094
    14708398
    14706904
    14693845
    14692223
    14692078
    14690312
    14690311
    14690310
    14675684
    14675322
    14674070
    14667741
    14666640
    14658597
    14655818
    14652239
    14648697
    14644827
    14643453
    14643047
    14642551
    14639612
    14635073
    14631175
    14626785
    14624212
    14623565
    14584642
    14579293
    14578140
    14572367
    14566832
    14566831
    14560531
    14560529
    14550367
    14530529
    14529675
    14529664
    14526673
    14522369
    14515082
    14511396
    13679459
    13678745
    13678741
    13678729
    13129492
    12975271
    12963514
    12958220
    12956848
    12953088
    12952506
    12951683
    12950011
    12946228
    12946044
    12936904
    12935387
    12928346
    12925979
    12923964
    12920476
    12918067
    12916335
    12911741
    12907124
    12893224
    12893200
    12878090
    12873779
    12873169
    12873168
    12873166
    12873164
    12865452
    12861176
    12860342
    12860270
    12850763
    12850762
    12848834
    12847617
    12845680
    12843984
    12838310
    12838308
    12838307
    12825181
    12824970
    12824969
    12824968
    12824967
    12824966
    12820503
    12820459
    12814991
    12811854
    12807953
    12807952
    12807949
    12807940
    12804942
    12804939
    12800811
    12794200
    12789930
    12780430
    12778770
    12775944
    12771924
    12768877
    12764216
    12759942
    12749760
    12743139
    12738312
    12725222
    12725219
    12715415
    12713982
    12711285
    12708348
    12704691
    12704686
    12701965
    12701646
    12692269
    12692113
    12691313
    12691309
    12690625
    12685257
    12679705
    12676252
    12668281
    12648585
    12648313
    12644550
    12643008
    12636952
    12636951
    12635137
    12634642
    12634637
    12630076
    12625127
    12624548
    12622008
    12622003
    12619110
    12618194
    12618167
    12611115
    12609809
    12605088
    12598843
    12591782
    12584585
    12556957
    12552985
    12528989
    12527459
    12525422
    12521806
    12517465
    12509798
    12509400
    12509096
    12509095
    12509094
    12504964
    12499429
    12497660
    12497653
    12496691
    12496690
    12496039
    12492081
    12478669
    12478546
    12474770
    12469172
    12467785
    12464379
    12452865
    12452864
    12451572
    12451241
    12445669
    12444178
    12440827
    12438897
    12436487
    12433717
    12428793
    12423863
    12421445
    12421442
    12412168
    12397642
    12394242
    12385589
    12385010
    12383543
    12369300
    12369155
    12367652
    12366668
    12365959
    12365215
    12365211
    12359856
    12355370
    12321769
    12296516
    12242123
    12237286
    12231532
    12228133
    12223432
    12206927
    12216521
    12214732
    12209668
    12203862
    12195372
    12192269
    12186516
    12184549
    12184041
    12170526
    12168921
    12168920
    12150752
    12144817
    12144746
    12142377
    12133661
    12133274
    12128266
    12122098
    12117707
    12114862
    12114162
    12113121
    12112558
    12112557
    12107839
    12090587
    12087334
    12085260
    12085257
    12082291
    12076279
    12076263
    12075209
    12073068
    12067805
    12066952
    12063626
    12063555
    12063442
    12060851
    12060450
    12053510
    12039132
    12037026
    12033542
    12012880
    12011977
    12010863
    12002122
    11988136
    11988059
    11981939
    11979116
    11966387
    11962004
    11958590
    11942912
    11934017
    11927494
    11925126
    11920620
    11920596
    11917572
    11905599
    11904597
    11904593
    11902582
    11902526
    11901854
    11895891
    11890099
    11889404
    11882972
    11876400
    11876392
    11874067
    11869532
    11849781
    11846303
    11845815
    11844836
    11843381
    11836698
    11827499
    11826489
    11822990
    11822729
    11821444
    11818093
    11816892
    11810080
    11809677
    11809252
    11805778
    11803647
    11802219
    11792748
    11790858
    11783374
    11770146
    11758209
    11757248
    11754676
    11748575
    11748359
    11729338
    11728661
    11726118
    11717553
    11715950
    11712817
    11704181
    11704177
    11698001
    11691596
    11673826
    11604553
    11601140
    11601070
    11595706
    11595705
    11588129
    11588128
    11588127
    11573115
    11569320
    11563873
    11563871
    11563869
    11560978
    11557777
    11554167
    11549431
    11531293
    11528277
    11528276
    11526696
    11517428
    11516064
    11511819
    11504771
    11501781
    11498171
    11498068
    11495553
    11494035
    11489795
    11489758
    11489488
    11448348
    11483913
    11480750
    11480709
    11480414
    11463925
    11456229
    11456227
    11455003
    11449625
    11449618
    11449407
    11443747
    11437923
    11436166
    11433694
    11410098
    11428449
    11427139
    11426982
    11418359
    11416120
    11416118
    11410880
    11410486
    11410191
    11410184
    11400145
    11392875
    11391816
    11391611
    11390533
    11385641
    11364711
    11361951
    11360614
    11358705
    11355659
    11355048
    11353055
    11352871
    11345239
    11339256
    11295923
    11319048
    11314432
    11303584
    11302900
    11277828
    11297256
    11290867
    11286660
    11285038
    11285032
    11283122
    11280716
    11279397
    11279396
    11275039
    11269875
    11268728
    11268497
    11266518
    11265139
    11263952
    11263596
    11259094
    11247615
    11244890
    11244634
    11240666
    11236106
    11234489
    11230385
    11228481
    11228480
    11219765
    11209634
    11205199
    11199454
    11192073
    11186191
    11181776
    11179477
    11173147
    11169132
    10755413
    10754486
    10752690
    10752657
    11150108
    11139314
    11138909
    11127922
    11126166
    11120486
    11115279
    11111874
    11105418
    11103102
    11099940
    11091154
    11085523
    11084572
    11077238
    11076670
    11075866
    11072219
    11072216
    11063660
    11063640
    11061512
    11048810
    11045789
    11042905
    11038208
    11037341
    11022584
    11015972
    11006029
    11005244
    11002764
    10995805
    10992174
    10985315
    10981235
    10976721
    10975554
    10968593
    10965410
    10962789
    10962445
    10960635
    10956393
    10949385
    10946249
    10934955
    10931470
    10927709
    10919749
    10917140
    10923940
    10922223
    10912933
    10905528
    10905527
    10899654
    10894344
    10881146
    10879274
    10881892
    10881891
    10874555
    10873065
    10870595
    10867615
    10861479
    10843478
    10843475
    10838302
    10837174
    10831974
    10830142
    10826572
    10822879
    10820526
    10815691
    10810421
    10807351
    10794489
    10789491
    10779811
    10778971
    10778767
    10767518
    10764463
    10760822
    10757335
    10743508
    10739704
    10717631
    10714375
    10714374
    10711235
    10706210
    10700419
    10697063
    10685638
    10684374
    10672385
    10668198
    10652426
    10646899
    10644829
    10637254
    10629388
    10630526
    10629638
    10629079
    10619898
    10616363
    10616349
    10609409
    10606179
    10603187
    10600301
    10587698
    10587027
    10586438
    10585579
    10584224
    10540533
    10574600
    10572150
    10567897
    10566597
    10563567
    10561095
    10554949
    10550303
    10542944
    10539903
    10535179
    10530393
    10534162
    10531571
    10530768
    10525380
    10522920
    10522508
    10518061
    10509467
    10505776
    10505546
    10504608
    10503587
    10502420
    10501501
    10500518
    10499619
    10495569
    10494257
    10492111
    10487620
    10479493
    10479112
    10478145
    10475133
    10471054
    10459454
    10456281
    10449266
    10432127
    10427955
    10416613
    10414878
    10414501
    10414477
    10410894
    10405798
    10406360
    10406310
    10403244
    10388315
    10388122
    10380373
    10376426
    10375935
    10371475
    10366393
    10363540
    10359548
    10349768
    10348071
    10343610
    10337153
    10334523
    10334068
    10329854
    10328594
    10235153
    10225299
    10225298
    10225552
    10219577
    10210541
    10204101
    10193521
    10190706
    10091310
    10091230
    10088555
    10073701
    10037278
    9950162
    9950005
    9933195
    9926893
    9914573
    9894176
    9891541
    9888699
    9888150
    9887239
    9863914
    9862518
    9850646
    9844488
    9838795
    9836071
    9830367
    9829743
    9829713
    9819106
    9815617
    9808959
    9805942
    9801201
    9798036
    9794661
    9790781
    9790780
    9790551
    9764636
    9762941
    9754647
    9748148
    9744721
    9731867
    9727566
    9726055
    9723595
    9713460
    9709302
    9704710
    9693662
    9693405
    9682246
    9681888
    9677806
    9675968
    9663668
    9662307
    9662202
    9653851
    9635687
    9641214
    9638386
    9637116
    9632304
    9626513
    9624741
    9600817
    9622679
    9622172
    9604980
    9587175
    9584897
    9584046
    9577736
    9570998
    9563486
    9539974
    9534749
    9528182
    9522570
    9521440
    9500647
    9502457
    9497799
    9487319
    9487318
    9487317
    9486814
    9479321
    9479323
    9475184
    9470807
    9466653
    9466762
    9464958
    9462250
    9461053
    9461017
    9455941
    9451555
    9426048
    9422554
    10178013
    9414187
    9373085
    9397491
    9374174
    9369847
    9367065
    9366703
    9364294
    9329372
    9332763
    9322622
    9316345
    9377190
    9310566
    9293920
    9269807
    9250931
    9410446
    9240632
    9234930
    9225706
    9218897
    9210713
    9746693
    9248890
    9195573
    9193221
    9190973
    9190972
    9244858
    9150187
    9267490
    9216698
    9184031
    9180057
    9126136
    9815713
    9128877
    9107427
    9105207
    9103401
    9086125
    9128950
    9100788
    9062150
    9041198
    9138961
    9053484
    9049287
    9038266
    9028373
    15511816
    9609926
    9591452
    9532823
    9416366
    9376722
    9313825
    9303366
    9286730
    9197477
    9108587
    9105860
    9034728
    9024095
    9018257
    8995548
    8980181
    8980175
    9041753
    9038602
    9037955
    8989777
    8989775
    8944607
    8914160
    8912827
    8896492
    8900368
    8978202
    8900419
    8827013
    18425667
    9005361
    8972255
    8948354
    8885797
    8883426
    8880203
    8857778
    8895541
    8869950
    8811018
    8784097
    8858284
    8810157
    8795786
    8768871
    8692513
    8692512
    8965999
    8869098
    8827362
    8640703
    8925158
    8763265
    8876905
    8804819
    8736909
    8733047
    8698036
    8630295
    8624319
    8621187
    9118404
    9074659
    8786201
    8730624
    8697348
    8626121
    8605134
    8604805
    8609644
    8631589
    8595281
    9025830
    8774650
    8744797
    8730360
    8723825
    8706956
    8702320
    8684685
    8633673
    8633671
    8614204
    8598951
    8835350
    8833872
    8595174
    9166495
    8852448
    8851120
    8822248
    8763772
    8709082
    8639401
    8570230
    8561000
    8924223
    8695293
    8640473
    7594698
    7503365
    7488368
    8634982
    8847213
    8635064
    8635063
    8624298
    8599925
    8533568
    7502256
    7558958
    9499836
    8708195
    8598337
    8582517
    7658497
    11578498
    8541389
    7675735
    7675478
    7672795
    7493708
    7636538
    7635771
    7605156
    7606733
    17590606
    8630877
    7603721
    7598859
    7589742
    7562803
    7548289
    7675768
    7490162
    7563151
    7729939
    7729739
    7724102
    7722018
    7677687
    7677684
    7622999
    7583467
    8919109
    7726250
    7705705
    7547192
    7892889
    7877395
    7775959
    7728779
    7600729
    7619114
    8544594
    7896198
    7896197
    7830126
    7824231
    7779219
    7752948
    7742510
    8747380
    8747377
    8682616
    8679155
    8589479
    8549609
    7883549
    7819041
    7770146
    7770143
    7744116
    7737583
    7732786
    7620386
    7556287
    7966416
    7985080
    7981060
    7966664
    7895572
    7802060
    7960985
    7927936
    7922994
    7917213
    7859453
    7859452
    7849124
    7922982
    10161206
    8790530
    7838417
    7837123
    7814934
    8089361
    8088604
    8074821
    7984328
    7984322
    7947533
    7827155
    7827152
    7819352
    7807479
    7914563
    7954378
    7947005
    7811546
    8050083
    8018327
    8018325
    8206408
    8083669
    8039784
    7932399
    7932396
    7919060
    8067697
    8059636
    8059623
    8034500
    8026954
    8024109
    8009976
    7980309
    7980308
    7520581
    8164489
    8163964
    7794301
    8203204
    8194403
    8193089
    8149064
    8123239
    8177987
    8311108
    8191435
    8291507
    8289055
    8289050
    8275422
    8159611
    8157887
    8125793
    7995908
    7962045
    7956656
    7867019
    7534630
    7506116
    8254862
    8278585
    8130905
    7864916
    8253557
    8237988
    8222248
    8397358
    8287757
    8283348
    8217979
    8143613
    8119458
    8104427
    8145706
    12287339
    8410585
    8296590
    8218499
    8877195
    8228915
    8352543
    8318408
    8222305
    8099663
    8516009
    8391049
    8329646
    8483367
    8387317
    8347363
    8494101
    8472225
    8454975
    8441964
    8437789
    8435163
    8392678
    8392675
    8392674
    8392673
    8387595
    8385060
    8385059
    8385057
    8382761
    8382670
    8332306
    8252144
    8381707
    8450781
    8406118
    8388683
    8381393
    8381036
    8380681
    8490673
    8465653
    8389112
    8237159
    8228010
    8118318
    1335431
    1334150
    1336640
    1334114
    1331341
    1330838
    1328976
    1484444
    1427802
    1427800
    1516925
    1428901
    1335318
    1333505
    1327058
    1326471
    1323087
    1635730
    1504271
    1324025
    1392851
    1634134
    1413841
    1390300
    1329500
    1322554
    1351129
    12317731
    1593881
    1412404
    1349360
    1325232
    1603441
    1571113
    1523531
    1326128
    1326126
    1319374
    1319218
    1314360
    1314359
    1326142
    1348800
    1316102
    1574493
    1564713
    1373315
    1369626
    1312856
    1314201
    1731281
    1532503
    1317558
    1315074
    1310548
    1310342
    1727663
    1551371
    1543764
    1531602
    1512167
    1508378
    1501996
    1469229
    1342060
    1337487
    1330916
    1329448
    1328908
    1325347
    1319904
    1319903
    1319385
    1316320
    1309717
    1309463
    1309403
    1305695
    1304100
    1298176
    1279954
    21248972
    21263978
