Topic: CD010771 

Title: Informant Questionnaire on Cognitive Decline in the Elderly (IQCODE) for the diagnosis of dementia within a general practice (primary care) setting 

Query: 
IQCODE.ti,ab.
"informant questionnaire on cognitive decline in the elderly".ti,ab.
"IQ code".ti,ab.
("informant* questionnair*" adj3 (dement* or screening)).ti,ab.
("screening test*" adj2 (dement* or alzheimer*)).ti,ab.
or/1-5 

Pids: 
    23092715
    22421024
    23268875
    23208022
    23172761
    23083384
    22785401
    22717233
    22689701
    22460967
    22170358
    22121012
    22014176
    21989903
    21893322
    21834788
    21780182
    21626569
    21399482
    22882809
    22086219
    21970520
    21915487
    21908910
    21903447
    21856971
    21729284
    21718268
    21621310
    21414692
    21412847
    21307355
    21287528
    21212674
    21113824
    21059967
    20808135
    20709565
    20665557
    20629169
    20537725
    21491631
    21131671
    21071942
    21045491
    20933286
    20852266
    20849652
    20837251
    20823087
    20799249
    20738811
    20733304
    20610187
    20497240
    20484096
    20455862
    20416977
    20178996
    20164591
    20158493
    20102571
    20064817
    20055769
    19960482
    19891815
    19823990
    19814841
    19747425
    21140955
    19896583
    19864908
    19838514
    19768699
    19632119
    19578566
    19554672
    19547946
    19547806
    19546654
    19507163
    19494491
    19421962
    19407461
    19347685
    19327203
    19326698
    19323868
    19296552
    19210282
    19202338
    19101283
    19051092
    19020293
    19142410
    19142405
    18839800
    18678573
    18608052
    18500166
    18474717
    18436874
    18384589
    18289452
    18285677
    18097141
    18025825
    17519320
    18074751
    18040903
    17535315
    17502007
    17435186
    17334275
    17296602
    17292021
    17215737
    17173353
    17158334
    16952914
    17946417
    17191421
    17120985
    16988506
    16982570
    16977673
    16734921
    16724448
    16670248
    16640797
    16606455
    16428883
    16421116
    16255841
    16340916
    16291888
    16272070
    16252378
    16246261
    16175157
    16172733
    16158009
    16117717
    16108937
    16093227
    16088138
    16024900
    16021351
    15948064
    15935385
    15880157
    15691286
    15687511
    15668631
    15660412
    15596427
    15567563
    15459515
    15559753
    15550013
    15450055
    15286455
    15273881
    15211065
    15171906
    15164196
    15164195
    15147592
    15137556
    15037691
    15026497
    14976325
    14963845
    14872021
    14716724
    14687382
    14665510
    14646031
    14631083
    14618554
    14614994
    14513165
    14512713
    14511157
    12958005
    12891638
    12849924
    12833228
    12810892
    12810891
    12780471
    12767413
    12752846
    12751884
    12741091
    12707073
    12571823
    12527986
    12464719
    12611290
    12585017
    12548353
    12492785
    12420650
    12417367
    12389836
    12383158
    12221476
    12218256
    12211118
    12110070
    11943052
    11921154
    11993183
    11892968
    11591838
    11563209
    11560213
    11527481
    11483232
    11460955
    11370580
    11333429
    11306771
    11268764
    11180481
    11060503
    11037106
    10939786
    10921301
    10884443
    10867444
    10818539
    10812327
    10773648
    10737023
    10726292
    10650597
    10556865
    10556864
    10544724
    10396468
    10364647
    10187878
    10095375
    9988290
    9932934
    9921852
    18314567
    9894327
    9884005
    9859120
    9812113
    9810931
    9472135
    9526793
    9412627
    9291882
    9283925
    9178050
    9143435
    9097213
    9097207
    9071438
    9063339
    9050430
    9305029
    9180766
    8970013
    8908414
    8701446
    8677826
    8660155
    8618670
    8829727
    8665726
    8623028
    8563660
    7824143
    7662322
    7629532
    8208879
    8090234
    8080391
    7935963
    8503262
    8455053
    8440847
    8255833
    8227899
    8102356
    1631382
    1607902
    1576226
    1539193
    1492780
    1946866
    1885862
    1776585
    2284389
    2214305
    2807680
    2651606
    2642498
    2594878
    2560521
    3368071
    3294349
    3241463
    3660917
    3619711
    3611032
    3571790
    3772624
    6692189
    7100362
