Topic: CD009944 

Title: Diagnostic accuracy of endoscopic ultrasonography (EUS) for the preoperative locoregional staging of primary gastric cancer 

Query: 
(carcin$ or cancer$ or neoplas$ or tumour$ or tumor$ or adenocarcin$ or malig$).mp. [mp=title, abstract, original title, name of substance word, subject heading word, protocol supplementary concept, rare disease supplementary concept, unique identifier]
(Digest$ or Gastr$ or gut or stomach$).mp.
1 and 2
Neoplasm Staging/
*Lymphatic Metastasis/
(lymph adj2 node adj2 metastasis).tw.
disease progression/
t-stag*.tw.
Stomach Neoplasms/pa [Pathology]
(gastric adj2 staging).tw.
or/4-10
Endosonography/
(endoscop* adj2 (ultrasound or ultrasonograph* or ultrasonic)).tw.
EUS.ti,ab.
*Diagnostic Imaging/
Neoplasm Invasiveness/us [Ultrasonography]
Peritoneal Neoplasms/us [Ultrasonography]
Abdominal Neoplasms/us [Ultrasonography]
Stomach Neoplasms/us [Ultrasonography]
or/12-19
3 and 11 and 20 

Pids: 
    25283742
    24890418
    25531999
    25526418
    25518478
    25497562
    25485917
    25418949
    25400740
    25400468
    25400441
    25384293
    25347506
    25333398
    25320516
    25320515
    25310426
    25292061
    25283226
    25278693
    25234769
    25206285
    25162448
    25132764
    25127939
    25121627
    25111136
    25110449
    25090461
    25083097
    25076782
    25071361
    25036658
    25009400
    25000218
    24906096
    24895557
    24789149
    24784121
    24783909
    24782610
    24744134
    24711267
    24671350
    24659867
    24646602
    24636963
    24628514
    24598097
    24561693
    24551311
    24523031
    24500321
    24488356
    24480200
    24472342
    24415526
    24380991
    24369919
    24366418
    24355070
    24323063
    24263458
    24246795
    24215757
    24154498
    24149848
    24036993
    23992387
    23635014
    23279745
    24502069
    24483032
    24409055
    24394026
    24379641
    24340309
    24312703
    24223855
    24150801
    24131359
    24129305
    24108557
    24078995
    24078993
    24039368
    24028888
    24021732
    24009205
    23998446
    23995566
    23992089
    23950077
    23945921
    23943115
    23922473
    23910174
    23902569
    23859450
    23855544
    23837259
    23831658
    23801875
    23769459
    23751997
    23722535
    23680707
    23617646
    23613938
    23557836
    23479274
    23465968
    23462130
    23446466
    23430958
    23374227
    23372369
    23369082
    23361497
    23329369
    23288709
    23286261
    23179895
    23158953
    23052533
    23015224
    22945338
    22776721
    22707246
    22642487
    22633196
    22302678
    8454156
    2279643
    11979247
    8365597
    12397278
    7672545
    14722547
    8929803
    9831836
    15672076
    2279657
    15229425
    12297753
    12297744
    9087830
    11023589
    8903812
    8514069
    11115949
    8929804
    10840321
    11174309
    9831834
    10840319
    8929802
    7859967
    12776026
    9786108
    11323606
    1473669
    1612376
    9199903
    1511822
    8365600
    15332051
    11115926
    8979069
    15557945
    10502173
    8929801
    10625802
    10840300
    15044880
    10570337
    8365619
    9351036
    7672544
    15114303
    10385739
    10570330
    9087845
    10502181
    10805852
    15933685
    15472700
    9468428
    19111705
    14997145
    9283880
    25400468
    22493423
    25333398
    12712687
    23323018
    23290296
    23198557
    23161297
    23155323
    23132035
    23108774
    23065169
    23026272
    23012716
    23001857
    22978826
    22978534
    22878576
    22875693
    22864063
    22832999
    22817786
    22814916
    22798124
    22798116
    22797706
    22752891
    22735877
    22726492
    22659358
    22638777
    22632944
    22623626
    22622756
    22553412
    22549558
    22546130
    22528672
    22514164
    22507517
    22493423
    22465973
    22434371
    22407696
    22403513
    22370287
    22370214
    22356674
    22281109
    22269290
    22237654
    22214545
    22203456
    22155849
    22149585
    22113210
    22098836
    22098828
    22087794
    22083418
    22081010
    22032850
    22023087
    21890816
    21842399
    21837458
    21104163
    22194049
    22166314
    22166282
    22149569
    22147987
    22088375
    22020704
    21964895
    21963065
    21960102
    21946028
    21940574
    21936722
    21889136
    21862764
    21839394
    21833902
    21830381
    21824594
    21818921
    21812356
    21811283
    21762901
    21725509
    21712035
    21656454
    21656305
    21654296
    21645682
    21576898
    21573731
    21523447
    21519368
    21456015
    21444080
    21424074
    21391168
    21385469
    21349732
    21302203
    21295636
    21278579
    21278578
    21262536
    21261477
    21175796
    21084436
    21073614
    21049402
    21030318
    20848224
    20734082
    20676688
    20589510
    20235004
    21434369
    21434368
    21427921
    21173556
    21140708
    21140689
    21137089
    21080306
    21071896
    21053508
    21051029
    21043008
    21040674
    20981593
    20937424
    20931455
    20883873
    20828403
    20729057
    20721843
    20706065
    20676872
    20669078
    20652857
    20646389
    20617861
    20598257
    20593045
    20547601
    20525472
    20517819
    20490559
    20444330
    20428946
    20386524
    20372144
    20370729
    20361084
    20354939
    20349310
    20226456
    20208328
    20206104
    20206103
    20195993
    20189507
    20171632
    20168059
    20143466
    20074167
    20065544
    20012229
    19915911
    19780880
    19692298
    19585066
    19473206
    20423774
    20214236
    20214235
    20092724
    20076819
    20067055
    20047128
    20021869
    19997804
    19966629
    19961528
    19950778
    19942829
    19902288
    19888251
    19799087
    19788616
    19744639
    19744633
    19744632
    19744631
    19744630
    19744629
    19728181
    19717032
    19696980
    19688686
    19685034
    19649759
    19623328
    19610138
    19567240
    19565050
    19565047
    19535049
    19500741
    19454825
    19436301
    19391408
    19390927
    19388564
    19383079
    19365980
    19360926
    19356336
    19349904
    19340738
    19340737
    19264188
    19263158
    19228527
    19224191
    19191855
    19184999
    19145498
    19118422
    19111705
    19111699
    19077733
    19023576
    19021684
    19018597
    18951813
    18937292
    18758957
    18599051
    18473175
    18337043
    19847285
    19340612
    19145866
    19145852
    19125791
    19122505
    19097381
    19085848
    19077506
    19077499
    19077478
    19068680
    19031933
    19030221
    19025312
    18926098
    18853994
    18840132
    18833142
    18822678
    18821273
    18810677
    18785950
    18774355
    18711673
    18708997
    18705349
    18705348
    18670347
    18656040
    18655220
    18645535
    18635171
    18634267
    18633900
    18619382
    18616020
    18609685
    18589911
    18537089
    18537087
    18537084
    18487569
    18464198
    18425224
    18416467
    18392238
    18374717
    18365909
    18317850
    18279861
    18277026
    18253139
    18251793
    18226703
    18209979
    18197937
    18154819
    18084953
    17906857
    17704882
    17681735
    17619927
    18330087
    18317657
    18096635
    18031362
    18025508
    18004617
    17985093
    17970550
    17963876
    17926240
    17921961
    17921960
    17921958
    17921945
    17921942
    17921934
    17921932
    17903735
    17899502
    17848957
    17825769
    17729401
    17725938
    17681503
    17679378
    17679360
    17676284
    17674366
    17659723
    17643702
    17641581
    17636525
    17632318
    17614044
    17611381
    17599290
    17531648
    17522512
    17513817
    17465457
    17461483
    17454885
    17443300
    17427068
    17419284
    17357856
    17355626
    17344017
    17327968
    17327860
    17321235
    17306018
    17305993
    17295269
    17285484
    17273006
    17252454
    17245217
    17185086
    17185085
    17180286
    17103278
    17097828
    18080789
    17274543
    17208679
    17152491
    17148924
    17123147
    17111330
    17083379
    17080734
    17069596
    17069595
    17058169
    17058168
    17054580
    17048995
    17048994
    17032186
    17014036
    16997159
    16996369
    16996340
    16996339
    16996338
    16970009
    16944539
    16910362
    16909683
    16896560
    16865626
    16860623
    16858502
    16817044
    16802008
    16790035
    16762644
    16762643
    16760764
    16737418
    16733039
    16680651
    16650532
    16607858
    16555933
    16549326
    16511853
    16509885
    16488726
    16454829
    16446988
    16440415
    16437280
    16429349
    16405535
    16405532
    16377316
    16369707
    15994110
    16552963
    16422371
    16393217
    16382404
    16350723
    16296577
    16277021
    16265099
    16253903
    16253898
    16246710
    16241088
    16193595
    16174173
    16166979
    16154828
    16154827
    16138769
    16123900
    16121346
    16119315
    16118804
    16111960
    16086122
    16082311
    16037686
    16035248
    16013651
    16001347
    15990940
    15990051
    15990049
    15966244
    15957097
    15955787
    15933685
    15930991
    15908763
    15894867
    15870977
    15868240
    15837048
    15831220
    15817234
    15812432
    15784023
    15783014
    15773837
    15772477
    15758616
    15756663
    15718321
    15672076
    15657854
    15657851
    15609403
    15527812
    15757146
    15756395
    15646531
    15630987
    15609698
    15560451
    15557945
    15533229
    15532836
    15532798
    15520913
    15520910
    15511474
    15483756
    15472700
    15459495
    15455287
    15368107
    15362758
    15338368
    15332051
    15328428
    15297944
    15297943
    15293725
    15261752
    15254045
    15243886
    15243885
    15240535
    15239279
    15229778
    15229425
    15209752
    15202101
    15181133
    15170656
    15167828
    15160337
    15145719
    15123091
    15114303
    15108226
    15106347
    15086218
    15083179
    15056091
    15044880
    15042821
    15028314
    15023013
    15007245
    15006581
    14997145
    14996154
    14990127
    14963789
    14765321
    14765308
    14752658
    14752188
    14749619
    14745281
    14722547
    14695759
    12942268
    19764148
    15146804
    15146602
    14653414
    14648424
    14630513
    14627253
    14619205
    14585568
    14571720
    14551871
    12960785
    12921574
    12914383
    12884143
    12865288
    12843941
    12822096
    12809817
    12785208
    12783253
    12776026
    12772051
    12768637
    12737445
    12734683
    12712687
    12701028
    12695946
    12667395
    12647078
    12584637
    12582774
    12552408
    12544191
    12542600
    12532442
    12517554
    12510224
    12690990
    12622429
    12607783
    12592099
    12546517
    12510455
    12499740
    12488184
    12481735
    12471541
    12460468
    12441316
    12425569
    12397278
    12377808
    12375202
    12360685
    12352295
    12297753
    12297744
    12269963
    12239459
    12075697
    12070411
    12063969
    12063829
    12044699
    12044697
    12040654
    12016428
    11992807
    11989843
    11979247
    11972277
    11950802
    11911094
    11866264
    11859302
    11858384
    11831609
    11809546
    11778127
    11869324
    11817475
    11816140
    11805563
    11797291
    11797290
    11760898
    11753234
    11750230
    11747229
    11709568
    11677489
    11641096
    11595075
    11559651
    11554136
    11515456
    11512552
    11507701
    11506087
    11464493
    11459275
    11451144
    11437039
    11432306
    11427856
    11424375
    11418369
    11398202
    11398201
    11398200
    11398199
    11355084
    11335092
    11335091
    11323606
    11306753
    11274566
    11272229
    11268992
    11247887
    11244254
    11216433
    11216432
    11213310
    11204988
    11204980
    11176337
    11174309
    11171816
    11692932
    11525303
    11326637
    11324996
    11115949
    11115926
    11110611
    11088069
    11088030
    11085028
    11084819
    11080410
    11077579
    11041028
    11030075
    11023589
    10986052
    10981018
    10968852
    10967752
    10936934
    10919057
    10896488
    10891775
    10867453
    10863932
    10861417
    10855851
    10840321
    10840319
    10840300
    10832678
    10832666
    10805852
    10802871
    10802864
    10777153
    10776880
    10751531
    10725618
    10721175
    10717613
    10717512
    10696893
    10696843
    10690599
    10679699
    10625802
    10618460
    10770359
    10745744
    10636063
    10604099
    10592878
    10586017
    10570337
    10570330
    10561303
    10556006
    10555667
    10549734
    10549014
    10505006
    10502181
    10502173
    10486372
    10475924
    10472083
    10462656
    10449847
    10449680
    10445558
    10433044
    10433041
    10430268
    10413842
    10408157
    10385739
    10376454
    10370633
    10363201
    10231312
    10206216
    10197647
    10193939
    10026321
    10326672
    10096035
    10077759
    10068723
    9932768
    9932752
    9931884
    9931709
    9931629
    9891769
    9856667
    9853223
    9842543
    9842541
    9841073
    9840517
    9840099
    9831836
    9831834
    9786108
    9779628
    9779627
    9772061
    9765090
    9765089
    9765088
    9765086
    9755399
    9716038
    9715400
    9692582
    9681605
    9652524
    9625118
    9612929
    9612630
    9607290
    9592662
    9584570
    9584569
    9581994
    9569294
    9563443
    9544498
    9509849
    9468428
    9449596
    9574184
    9574183
    9451678
    9383346
    9381100
    9378206
    9361583
    9360870
    9358093
    9351036
    9322502
    9316754
    9283880
    9260706
    9247433
    9245882
    9245881
    9206626
    9199903
    9173558
    9173556
    9164183
    9112924
    9106981
    9087845
    9087830
    9087207
    9085164
    9074915
    9064796
    9045462
    9013519
    9001545
    8995931
    9264913
    9101980
    9101932
    9064575
    9007428
    8992059
    8979069
    8952773
    8939844
    8934164
    8929804
    8929803
    8929802
    8929801
    8903812
    8898440
    8893345
    8885355
    8875868
    8865450
    8836718
    8836713
    8826718
    8803568
    8799392
    8797970
    8759666
    8696704
    8688702
    8679421
    8675534
    8661546
    8658218
    8658217
    8631181
    8731844
    8565886
    8554267
    8535621
    8528972
    7895567
    7789682
    7789681
    7773356
    7754650
    7754626
    7754625
    7728350
    7709663
    7672545
    7672544
    7667618
    7625216
    7601053
    7582597
    7582587
    7582583
    7582582
    7582581
    7582580
    7569125
    7560826
    8539469
    8284355
    8174983
    8055243
    8052089
    8001485
    7975784
    7975766
    7973591
    7973291
    7969597
    7958647
    7940168
    7859967
    7774792
    7713001
    7712995
    7712987
    7712985
    7712983
    10148354
    8519242
    8519241
    8514069
    8508381
    8507928
    8497780
    8491138
    8491137
    8491133
    8491131
    8491130
    8482230
    8479656
    8470637
    8467967
    8465547
    8454156
    8435794
    8420761
    8417483
    8365619
    8365600
    8365597
    8310725
    8287810
    8287809
    8283414
    8261991
    8251741
    8246026
    8243932
    1732981
    1641613
    1633775
    1633773
    1633770
    1633769
    1612376
    1574771
    1559485
    1559451
    1544564
    1511822
    1509787
    1500662
    1479865
    1473669
    1467791
    1463259
    1461517
    1386242
    1308309
    2060901
    2040468
    2038994
    2028957
    1991632
    1991278
    1932663
    1924784
    1920896
    1871669
    1860438
    1854986
    1843956
    1797075
    1795424
    1793632
    1775939
    1757056
    1747555
    1743123
    1681869
    2407946
    2279657
    2279643
    2267648
    2200904
    2191594
    2179012
    1983556
    2702998
    2697711
    2697357
    2696138
    2688069
    2687144
    2685422
    2684563
    2664286
    2664209
    2659481
    3291775
    3289498
    3278405
    3070801
    3044720
    2838657
    3428238
    3330147
