Topic: CD008759 

Title: Platelet count, spleen length, and platelet count-to-spleen length ratio for the diagnosis of oesophageal varices in people with chronic liver disease or portal vein thrombosis 

Query: 
exp Platelet Count/
(((platelet* or thrombocyt*) adj (count or distribution or volume)) or PLT or PDW or MPV).mp.
1 or 2
exp Splenomegaly/
(((splenic* or spleen*) adj3 (enlarg* or hypertroph or length or palpable or size or diamet* or index or examin*)) or splenomegal*).mp.
4 or 5
(Esophageal and Gastric Varices).mp.
((esophag* or oesophag*) adj3 (varic* or varix*)).mp.
7 or 8
(3 or 6) and 9
limit 10 to ed=19460101-20160630 

Pids: 
    7489960 
    3934908 
    304821 
    1292940 
    26340692 
    4007405 
    2934290 
    2914641 
    2227293 
    2013377 
    2001813 
    1551537 
    14222413 
    1359754 
    26939226 
    26656368 
    26526884 
    26485862 
    26398840 
    26370868 
    26281158 
    26263781 
    26236929 
    26196942 
    26192238 
    26178360 
    26167719 
    26159268 
    26158259 
    26124358 
    26115631 
    26114908 
    26091449 
    26025214 
    25914217 
    25910248 
    25874525 
    25826654 
    25817781 
    25808874 
    25788381 
    25783386 
    25776469 
    25748953 
    25732434 
    25732406 
    25682057 
    25673464 
    25637834 
    25623641 
    25586089 
    25546337 
    25536638 
    25524295 
    25469784 
    25393856 
    25228102 
    25203362 
    24670239 
    24243628 
    26285468 
    26012322 
    25499212 
    25496862 
    25473200 
    25384413 
    25320239 
    25200126 
    25199304 
    25187925 
    25089545 
    25083978 
    25041553 
    24975976 
    24951299 
    24949611 
    24942910 
    24894393 
    24871695 
    24867654 
    24806835 
    24767398 
    24732027 
    24679494 
    24675038 
    24650473 
    24641383 
    24632320 
    24620910 
    24616574 
    24598101 
    24513698 
    24509356 
    24502810 
    24365388 
    24362072 
    24211744 
    24113883 
    24088733 
    24005957 
    23978714 
    23913844 
    23911709 
    23775207 
    24393922 
    24331694 
    24305101 
    24304456 
    24160346 
    24133357 
    24018500 
    23987918 
    23984413 
    23820400 
    23813137 
    23801865 
    23702501 
    23701062 
    23654354 
    23629600 
    23619265 
    23608623 
    23599624 
    23593929 
    23583135 
    23523843 
    23485521 
    23483462 
    23396934 
    23383250 
    23340708 
    23298872 
    23257258 
    23216782 
    23177370 
    23132324 
    23058320 
    23041322 
    23022955 
    23010745 
    22849380 
    23516859 
    23397529 
    23350255 
    23214221 
    23107447 
    23021504 
    22986832 
    22986694 
    22921672 
    22919259 
    22915236 
    22893868 
    22886126 
    22885716 
    22850126 
    22849441 
    22819919 
    22798113 
    22788929 
    22781218 
    22772807 
    22760900 
    22728290 
    22717675 
    22712172 
    22707296 
    22688146 
    22662598 
    22643348 
    22612259 
    22610002 
    22568417 
    22560819 
    22525582 
    22508371 
    22481689 
    22468080 
    22440250 
    22432969 
    22414567 
    22414162 
    22410714 
    22385886 
    22372805 
    22367112 
    22356784 
    22325391 
    22321622 
    22307742 
    22300122 
    22278104 
    21871027 
    21509549 
    22482325 
    22464833 
    22319958 
    22198231 
    22081918 
    22046771 
    22021698 
    22000612 
    21925123 
    21922871 
    21912056 
    21691339 
    21691209 
    21684475 
    21660907 
    21636643 
    21596631 
    21550861 
    21544150 
    21519180 
    21501480 
    21480120 
    21476204 
    21437447 
    21429016 
    21374554 
    21351664 
    21290180 
    21243364 
    21196656 
    21175810 
    21161427 
    21040236 
    20970162 
    20831903 
    20726808 
    21410046 
    21243791 
    21205471 
    21140089 
    21078242 
    21031538 
    20954284 
    20886427 
    20847509 
    20796140 
    20720274 
    20714008 
    20707879 
    20642964 
    20639711 
    20615572 
    20584644 
    20533601 
    20492515 
    20492334 
    20440855 
    20415225 
    20350861 
    20309639 
    20190717 
    20087336 
    20082713 
    20065573 
    20048682 
    20044810 
    20001607 
    19966576 
    19929932 
    19765928 
    19593164 
    20193352 
    20009131 
    19968191 
    19930687 
    19853741 
    19822514 
    19743999 
    19743797 
    19682310 
    19682196 
    19673028 
    19670979 
    19542403 
    19498311 
    19471257 
    19466315 
    19410018 
    19376396 
    19334489 
    19330873 
    19292923 
    19272485 
    19242360 
    19231014 
    19200133 
    19196464 
    19159076 
    19118853 
    19070555 
    19065558 
    19051032 
    19013661 
    18975082 
    18848939 
    18594972 
    18562980 
    19119794 
    19094727 
    19034020 
    18955865 
    18925306 
    18818788 
    18706733 
    18619917 
    18562713 
    18549877 
    18485976 
    18483230 
    18431703 
    18423148 
    18416480 
    18395904 
    18366271 
    18350629 
    18341980 
    18294933 
    18239883 
    18233989 
    18223377 
    18161700 
    18163151 
    18071283 
    18036101 
    17925921 
    17914969 
    17879402 
    17697371 
    17696932 
    17641556 
    17633315 
    17617130 
    17577118 
    17565864 
    17560237 
    17558079 
    17545780 
    17544879 
    17461491 
    17461489 
    17417926 
    17392939 
    17385040 
    17323000 
    17295878 
    17245222 
    17195922 
    17186340 
    17407991 
    17308780 
    17160231 
    17140886 
    17140887 
    17092201 
    17090281 
    17047433 
    17029607 
    16952592 
    16830624 
    16830391 
    16797100 
    16773174 
    16767559 
    16758842 
    16712730 
    16707977 
    16633928 
    16623807 
    16584387 
    16573786 
    16542615 
    16542287 
    16534680 
    16463090 
    16393623 
    16523647 
    16447473 
    16435503 
    16424619 
    16416372 
    16358137 
    16286254 
    16258210 
    16201093 
    16181569 
    16110174 
    16098234 
    16091903 
    16032626 
    15996912 
    15976909 
    15947552 
    15918892 
    15918202 
    15901104 
    15877180 
    15875481 
    15864193 
    15864181 
    15861023 
    15710991 
    15710573 
    15678923 
    15655827 
    15503293 
    15889562 
    15669688 
    15627772 
    15623185 
    15613807 
    15580390 
    15554997 
    15538159 
    15479701 
    15479399 
    15471837 
    15362788 
    15351894 
    15340666 
    15323441 
    15304123 
    15293137 
    15227590 
    15207133 
    15194662 
    15175947 
    15143878 
    15138224 
    15129869 
    15052697 
    15045815 
    14962658 
    14752839 
    14731122 
    15137248 
    15030033 
    14989055 
    14704806 
    14702967 
    14696400 
    14665393 
    14618521 
    14599933 
    14571797 
    14571795 
    14501614 
    12894047 
    12870732 
    12865282 
    12848215 
    12811373 
    12732102 
    12605645 
    12601348 
    12568521 
    12556142 
    12548441 
    12548056 
    12538318 
    14607680 
    12870080 
    12587456 
    12512823 
    12499804 
    12432335 
    12408529 
    12322843 
    12143250 
    12118859 
    12116986 
    12064005 
    11991599 
    11966953 
    11912519 
    11895557 
    11869818 
    11743252 
    11743239 
    11890333 
    11760582 
    11730594 
    11727060 
    11718587 
    11677979 
    11676333 
    11591936 
    11571981 
    11565131 
    11476922 
    11476921 
    11443618 
    11428582 
    11392047 
    11380442 
    11328544 
    11293952 
    11180179 
    11172334 
    12687964 
    12197350 
    11215559 
    11045704 
    11026762 
    10987111 
    10961746 
    10955561 
    10934332 
    10900837 
    10861275 
    10861116 
    10854516 
    10795875 
    10795770 
    10791220 
    10735615 
    10659480 
    10646766 
    12938529 
    11601258 
    10778624 
    10695379 
    10580584 
    10566732 
    10566731 
    10566699 
    10482429 
    10469398 
    10434755 
    10389707 
    10360264 
    10228830 
    10201453 
    10079338 
    10806768 
    9863409 
    9740183 
    9706517 
    9609167 
    9551684 
    17216996 
    9834338 
    9446371 
    9430027 
    9304510 
    9297777 
    9265393 
    9247444 
    9185942 
    9093168 
    9090984 
    9072489 
    9066877 
    9127968 
    8951915 
    8925755 
    8910147 
    8870378 
    8862372 
    8855534 
    8853260 
    8844490 
    8783973 
    8776091 
    8706604 
    8676434 
    8669085 
    8633505 
    8621130 
    8607514 
    8565810 
    8565755 
    8854438 
    8751214 
    8586378 
    7877710 
    7856971 
    7789679 
    7773355 
    7771430 
    7723164 
    7590066 
    8307479 
    8178601 
    8114315 
    8114312 
    8114308 
    8113890 
    7988826 
    7959205 
    7942744 
    7828573 
    7818202 
    7780239 
    7732266 
    7721248 
    7705243 
    8470638 
    8466870 
    8432172 
    8357880 
    8338264 
    8303205 
    8259482 
    8258029 
    8248041 
    8215980 
    8148481 
    8096109 
    1735355 
    1624075 
    1600341 
    1591128 
    1575286 
    1520164 
    1509054 
    1437792 
    1427383 
    1343923 
    1343892 
    1343885 
    1326389 
    1319901 
    2050328 
    2041165 
    2033285 
    2017113 
    2004795 
    2000057 
    1949728 
    1949143 
    1931490 
    1914394 
    1903426 
    1866503 
    1843929 
    1797963 
    1784058 
    1719808 
    1668379 
    1667775 
    1650808 
    2398270 
    2360373 
    2359944 
    2304591 
    2254397 
    2251595 
    2233672 
    2227256 
    2214174 
    2121152 
    1983581 
    2806096 
    2804591 
    2796252 
    2788073 
    2770683 
    2747760 
    2695662 
    2668556 
    2661951 
    2642352 
    2640042 
    2631074 
    2623881 
    2618398 
    2586418 
    2574122 
    2534539 
    3394514 
    3376686 
    3287501 
    3276151 
    3264038 
    3259859 
    3258940 
    3226396 
    2973304 
    2465253 
    3665300 
    3560244 
    3500096 
    3497789 
    3496673 
    3127951 
    3125121 
    2845609 
    3809784 
    3729585 
    3707347 
    3522915 
    3514947 
    3488457 
    3485326 
    3017829 
    2944377 
    2421592 
    12281005 
    4092413 
    4079411 
    4048559 
    4025279 
    4002975 
    3905486 
    3902952 
    3886216 
    2418602 
    6726707 
    6693074 
    6609683 
    6608875 
    6608145 
    6540012 
    6529155 
    6469201 
    6335832 
    6335645 
    6335210 
    6333264 
    6084514 
    6879370 
    6673849 
    6667802 
    6634439 
    6628910 
    6605419 
    6601749 
    6580864 
    6305812 
    6193047 
    7173059 
    7114027 
    7084644 
    7080573 
    6979408 
    6979406 
    6979264 
    7278462 
    7264789 
    7254600 
    7254596 
    7252729 
    7240692 
    6974875 
    6803472 
    6453707 
    7394185 
    7394184 
    7361269 
    7224452 
    7009538 
    7007114 
    6996952 
    6969106 
    6967805 
    6967144 
    6966375 
    6965282 
    6450720 
    6248921 
    477173 
    316350 
    312516 
    154997 
    696309 
    631492 
    625632 
    556323 
    356315 
    349746 
    348448 
    309189 
    306983 
    306734 
    305205 
    98986 
    907949 
    892337 
    888020 
    859064 
    617179 
    576863 
    563545 
    559882 
    300005 
    267281 
    1087391 
    1086939 
    1085516 
    1084843 
    1083237 
    1081742 
    983660 
    972568 
    1208869 
    1176566 
    1167929 
    1154812 
    1154215 
    1127262 
    1126603 
    1081379 
    129422 
    126938 
    4842977 
    4829381 
    4813509 
    4604923 
    4549175 
    4548268 
    4546391 
    4546042 
    4545041 
    4544973 
    4544312 
    4472192 
    4452745 
    4419559 
    4760675 
    4758678 
    4734717 
    4734153 
    4728089 
    4719547 
    4684479 
    4548938 
    4544680 
    4543516 
    4543243 
    4541632 
    4349504 
    4276931 
    5052993 
    5048755 
    5020663 
    4673771 
    4664076 
    4538975 
    4537675 
    4537672 
    4537040 
    4536728 
    4339308 
    4339305 
    5548559 
    5315322 
    5314826 
    5312801 
    5167468 
    5098227 
    4252495 
    5524168 
    5521011 
    5460594 
    5425826 
    5423905 
    5411484 
    5312726 
    4318285 
    4146413 
    5817918 
    5809605 
    5808242 
    5770937 
    5764144 
    5403632 
    5386628 
    5309547 
    5306757 
    5304509 
    4306994 
    4102238 
    5750085 
    5746480 
    5735873 
    5686483 
    5302948 
    5302311 
    4877684 
    4877144 
    4300685 
    6072121 
    5591066 
    5304290 
    4292689 
    6011965 
    5979676 
    5950493 
    5936186 
    5931773 
    5297441 
    5297022 
    5296824 
    14278623 
    14255983 
    5851511 
    5828303 
    14233540 
    14215029 
    14196715 
    14139897 
    14139710 
    14132589 
    14132587 
    14132586 
    14126814 
    14122465 
    14107887 
    14118337 
    14097538 
    14096722 
    14089508 
    14067253 
    14050104 
    14045864 
    13940000 
    13700551 
    14419868 
    13413691 
    13350702 
    13303973 
    13046670 
    13036996 
    14818584 
    18151624 
    15410415 
    15398665 
    20266038 
