Topic: CD009044 

Title: Diagnostic tests for autism spectrum disorder (ASD) in preschool children 

Query: 
exp child development disorders, pervasive/
pervasive development$ disorder$.tw. (1
(PDD or PDDs or ASD or ASDs).tw.
autis$.tw.
asperger$.tw.
kanner$.tw.
childhood schizophrenia.tw.
Rett$.tw.
or/1-8
(gilliam$ adj5 autis$).tw.
GARS.tw.
DISCO.tw.
(diagnos$ interview$ adj5 communic$ disorder$).tw.
ADI-R.tw.
autis$ diagnos$ interview$.tw.
3di.tw.
(development$ adj3 dimension$ adj3 diagnos$).tw.
child$ autis$ rating.tw.
CARS.tw.
autis$ diagnos$ observ$.tw.
ADOS.tw.
Psychiatric Status Rating Scales/
Psychometrics/
neuropsychological tests/
psychological tests/
Interview, Psychological/
Interviews as Topic/
Personality Assessment/
observation/
Questionnaires/
rating scale$.tw.
((diagnos$ or screen$) adj3 (algorithm$ or assess$ or interview$ or instrument$ or observation$ or questionnaire$ or schedule$ or test$ or tool$)).tw.
((parent$ or carer$ or caregiver$) adj3 (interview$ or questionnaire$ or report$)).tw.
or/10-33
9 and 34
remove duplicates from 35
limit 36 to ED=20110201-20160720 

Pids: 
    21690210 
    26605165 
    24979332 
    20564327 
    20697792 
    24518398 
    21192958 
    23011251 
    23483334 
    20811769 
    25039572 
    25384720 
    24550559 
    27335989 
    25871636 
    26000221 
    24870402 
    24522968 
    20799077 
    21318394 
    21111019 
    24410039 
    25024962 
    25676685 
    22643602 
    23713510 
    24465612 
    26503411 
    25367194 
    25273524 
    21421903 
    25660133 
    23937369 
    23289935 
    21552725 
    25398604 
    21654508 
    26865777 
    23784073 
    24022735 
    24659736 
    21846664 
    24882156 
    24060256 
    22976373 
    25340763 
    24604708 
    21410473 
    21103917 
    21092181 
    22912831 
    21166670 
    24353335 
    20107587 
    21125323 
    23060677 
    25085472 
    23321619 
    22417187 
    22212893 
    22613531 
    21491232 
    23320881 
    21568252 
    25959391 
    24460897 
    25267333 
    20694871 
    24655419 
    22065253 
    22164808 
    22056632 
    22001167 
    25963613 
    24961159 
    25614783 
    21697143 
    25860508 
    24997633 
    21347922 
    25262588 
    22105621 
    21126245 
    26246795 
    23682248 
    26112579 
    25682078 
    22444581 
    23959534 
    21108678 
    23332918 
    23782128 
    21042870 
    21798110 
    25008216 
    23045222 
    23139686 
    25222883 
    25241008 
    24876961 
    20870446 
    24748103 
    24710667 
    23847419 
    23781715 
    24033275 
    23746744 
    23356593 
    21797864 
    23011214 
    25914221 
    24552513 
    21569571 
    23203905 
    23495221 
    23200289 
    25339495 
    25795704 
    26066358 
    21732806 
    25630897 
    25321851 
    20802091 
    20839039 
    22271195 
    22914776 
    21435961 
    23790516 
    22849541 
    26196385 
    24690450 
    21733887 
    25634707 
    23174401 
    25125047 
    22021469 
    25330124 
    22414705 
    22621995 
    24117668 
    21350920 
    24976870 
    22686868 
    26258692 
    19724775 
    22342070 
    22249651 
    22256682 
    23873852 
    26057411 
    22700989 
    21505880 
    23032108 
    24852751 
    24818597 
    26798446 
    25559338 
    21365603 
    21571793 
    24885033 
    22928716 
    25697738 
    24356376 
    21375640 
    21258905 
    24998867 
    22264110 
    23628291 
    22007018 
    23256856 
    20813119 
    23768814 
    22861133 
    23253014 
    24231167 
    21527394 
    24058641 
    25745374 
    22370081 
    25758819 
    24057967 
    23034108 
    25022743 
    24223050 
    25710120 
    21381949 
    26085230 
    21824745 
    22968576 
    20957420 
    23338532 
    24392224 
    22486486 
    23118258 
    21078814 
    24664669 
    20734225 
    19760668 
    21668120 
    23472601 
    22840550 
    22415587 
    21454389 
    21359057 
    23123877 
    23543293 
    23661220 
    21373957 
    21697193 
    26052790 
    22419314 
    23146284 
    21086033 
    22952783 
    25019309 
    22748759 
    21498045 
    23123870 
    23144167 
    24605324 
    24444724 
    25884388 
    25515860 
    24765712 
    24041813 
    26226113 
    23076366 
    23045220 
    22425526 
    20800285 
    22250194 
    25911303 
    22958973 
    24367956 
    23132273 
    21941843 
    22767138 
    23048022 
    23106179 
    23320807 
    22366267 
    21622042 
    21145261 
    23054200 
    20237832 
    25239737 
    25131653 
    26557975 
    21790824 
    24488830 
    25595254 
    22026568 
    25701197 
    22142783 
    23880333 
    20631198 
    20697795 
    25333781 
    24728766 
    24151129 
    21787048 
    24367965 
    25446203 
    22223442 
    26210844 
    25855095 
    23208842 
    24463433 
    23978163 
    24011743 
    23281218 
    24651599 
    23912016 
    20414065 
    22545692 
    20949366 
    23418517 
    23775107 
    24902932 
    24441520 
    23889770 
    20224997 
    24236140 
    21107671 
    24184351 
    24596300 
    11319037 
    23578015 
    22851255 
    10850988 
    25227333 
    22105142 
    24231056 
    25132516 
    23766737 
    24907095 
    23769278 
    24396006 
    25160119 
    22934901 
    22186945 
    21683963 
    21302342 
    23739541 
    23903694 
    26379266 
    24522967 
    26353452 
    21700792 
    24346492 
    26488856 
    24559500 
    23357440 
    21985993 
    20628800 
    23114567 
    24300264 
    21503796 
    25420624 
    25344152 
    26070276 
    25278315 
    24113339 
    21111574 
    25257083 
    22080249 
    26080320 
    21915740 
    23350618 
    25162783 
    21819277 
    26204121 
    23643773 
    25251361 
    21153873 
    21073457 
    23100051 
    24001150 
    21438924 
    25848996 
    26175565 
    25090925 
    23117423 
    26100852 
    22350062 
    22515401 
    23782286 
    24229756 
    23986980 
    25038126 
    23171310 
    26877747 
    21998651 
    24696377 
    22676856 
    24629733 
    21680558 
    20981774 
    22390743 
    20354776 
    22733297 
    23607744 
    21235609 
    21656030 
    22984194 
    23944126 
    25522338 
    25643865 
    26098008 
    22970412 
    23793277 
    23200008 
    22945284 
    21870953 
    26238165 
    23312478 
    21282628 
    26234518 
    21421177 
    21972278 
    26976370 
    25922765 
    21484202 
    22476033 
    25644230 
    20589913 
    23404112 
    22549762 
    21347613 
    25037759 
    23684790 
    24899006 
    24277715 
    23262658 
    22372383 
    24635660 
    26542245 
    26131337 
    25871592 
    24139715 
    22434281 
    21638108 
    21697194 
    25257116 
    25575912 
    22382605 
    24631853 
    25096930 
    25114916 
    24003069 
    22366448 
    22917131 
    24324882 
    26120361 
    24217028 
    24554164 
    25445490 
    25211685 
    24678477 
    25432625 
    24287879 
    23999609 
    24502031 
    22527706 
    23949101 
    26270627 
    24089013 
    22897818 
    25169777 
    22562210 
    24721589 
    23371506 
    23008057 
    24216070 
    22382494 
    22359403 
    25855192 
    21874396 
    26380242 
    26219419 
    26077850 
    23194148 
    22132806 
    22093672 
    21767312 
    21301946 
    21907325 
    23123360 
    21418197 
    24478941 
    20924244 
    25626926 
    25186120 
    25469681 
    24889385 
    21416199 
    22235552 
    22890403 
    26989707 
    25418509 
    22541054 
    20471104 
    22851134 
    21872444 
    22448991 
    21280165 
    24802136 
    22343482 
    20422277 
    21454388 
    24689080 
    23227853 
    23163951 
    24077467 
    26183755 
    25279993 
    22576167 
    24101678 
    24925544 
    23759814 
    25583913 
    24973545 
    23497960 
    21575668 
    26663051 
    21401220 
    25114077 
    24414079 
    22527705 
    24342389 
    23185305 
    21290174 
    22605543 
    25103588 
    24682706 
    24103249 
    21370255 
    22609024 
    26206231 
    22456819 
    24650814 
    21842325 
    21360021 
    21195104 
    20300817 
    22515913 
    21093466 
    24005987 
    19858761 
    24636022 
    24640553 
    25956369 
    21610191 
    24412722 
    24913702 
    23381484 
    26310577 
    24690944 
    26395112 
    23008187 
    19582563 
    26079137 
    23866163 
    21169891 
    23745960 
    23633377 
    24042079 
    22298195 
    23267775 
    23242366 
    26189180 
    25271690 
    25846705 
    22009414 
    24715629 
    21193173 
    21757784 
    20730560 
    21866714 
    25503484 
    20464465 
    24156772 
    22818902 
    25922345 
    25038064 
    24190681 
    21885470 
    21057256 
    23354538 
    26091440 
    22836322 
    24254639 
    25792694 
    21882361 
    24126215 
    25233971 
    22297201 
    22864598 
    24239484 
    22581514 
    24737721 
    22245185 
    22422339 
    24357051 
    24323140 
    22111544 
    21889773 
    21515028 
    21122784 
    22972501 
    24321513 
    24685108 
    21716121 
    24796318 
    22905987 
    22698779 
    22461223 
    20405194 
    24780147 
    25401681 
    26800272 
    22890010 
    22506796 
    23245792 
    23213140 
    21717272 
    26557583 
    23528789 
    22676294 
    25101703 
    23466253 
    21695147 
    24861272 
    24413849 
    22537359 
    20676747 
    24366957 
    23225274 
    26766942 
    25158242 
    23220737 
    23070112 
    24564346 
    25897237 
    26063170 
    24548169 
    25005904 
    20844942 
    21676037 
    24120386 
    23820819 
    19915968 
    21636781 
    19902344 
    22422615 
    23812662 
    23740200 
    25374133 
    22673860 
    24637430 
    20546095 
    23564260 
    25969602 
    25100167 
    25969159 
    23229454 
    22534237 
    25418805 
    24679545 
    24072664 
    25110506 
    23503544 
    26631248 
    22215436 
    26731103 
    25968177 
    25253606 
    24417193 
    23996225 
    26334872 
    22506216 
    23897915 
    25941373 
    23600450 
    18289376 
    25191564 
    25774437 
    23510076 
    19942244 
    24129012 
    23857779 
    22311204 
    20819977 
    22946748 
    24916450 
    23179969 
    24634064 
    24658868 
    23924084 
    24828442 
    23748385 
    22844137 
    21846667 
    21816921 
    21570014 
    20025621 
    22898564 
    21949003 
    21404123 
    22374775 
    24733987 
    21125504 
    24791196 
    22333903 
    20560697 
    21698499 
    20973712 
    21936743 
    24836831 
    21073456 
    25139224 
    23996903 
    24087935 
    26183337 
    25768348 
    23079349 
    21538298 
    21347615 
    20923893 
    24419073 
    21573835 
    24655345 
    22212588 
    24838251 
    21468770 
    20665553 
    26404341 
    22366913 
    26289149 
    23202885 
    22906177 
    22277191 
    22067669 
    21851954 
    21305864 
    25308197 
    21610187 
    23868562 
    25938708 
    26090223 
    24707344 
    23292161 
    21178825 
    24958436 
    22404122 
    22161152 
    24776096 
    24382999 
    22183423 
    23688137 
    21387111 
    23727450 
    26418822 
    21927971 
    23830019 
    20872059 
    19568924 
    25575284 
    25539681 
    22392258 
    19609662 
    22731684 
    24912737 
    23812759 
    23576375 
    24009062 
    23350819 
    21353761 
    24553796 
    23404617 
    23741815 
    23639131 
    22123508 
    24718998 
    20853917 
    24174712 
    20181076 
    21037217 
    22829214 
    20506000 
    24771497 
    22366240 
    21949006 
    25898260 
    21544761 
    21599679 
    22987896 
    19593646 
    24619226 
    23706974 
    24151172 
    22124793 
    25741947 
    20671016 
    22874529 
    24381759 
    23321802 
    22806337 
    23417139 
    25808648 
    24621866 
    26600581 
    26166285 
    24778873 
    24684559 
    23417131 
    25847755 
    20854450 
    20452047 
    22405839 
    21153874 
    23356915 
    20833154 
    24352005 
    23442984 
    23027134 
    21543746 
    23992289 
    23239424 
    21783174 
    23758760 
    20309621 
    25923852 
    24424916 
    23032385 
    20617374 
    24229557 
    23634401 
    21169145 
    23172764 
    25631781 
    22447729 
    25272562 
    21658417 
    23456562 
    21769705 
    23702446 
    21717194 
    21689852 
    22002011 
    26324301 
    21177035 
    21376528 
    22918860 
    21967087 
    25151512 
    24101716 
    24788961 
    22706583 
    24803366 
    21818676 
    25287900 
    23937483 
    23532348 
    23943579 
    25249546 
    23015110 
    22851209 
    21703496 
    25832801 
    22992162 
    23159378 
    23446992 
    25745375 
    24488157 
    24206240 
    21984214 
    26371198 
    22566396 
    23117824 
    23685759 
    21205326 
    24284059 
    22013176 
    24408490 
    22215435 
    21034691 
    24175094 
    26348972 
    24096312 
    24397431 
    23857705 
    22701322 
    21592164 
    23065117 
    24658894 
    19079679 
    25418810 
    25806498 
    25126858 
    23372032 
    23188884 
    25562379 
    23398955 
    24526336 
    24353165 
    22832856 
    22176206 
    21955252 
    25445412 
    21735077 
    24798640 
    24343335 
    22284796 
    26914464 
    23803646 
    25800867 
    22269223 
    24635688 
    24266312 
    25518287 
    23526036 
    24130256 
    23666287 
    24381062 
    23057627 
    24515505 
    23371508 
    25677601 
    19915733 
    23815188 
    24619651 
    24951836 
    25101235 
    23055285 
    21914906 
    24195905 
    23148497 
    25544720 
    22301274 
    25709697 
    26103118 
    24752753 
    25732866 
    26858611 
    21889990 
    22214112 
    19565331 
    25656952 
    24993484 
    23305729 
    26146876 
    22831964 
    24361810 
    23350540 
    22751752 
    21947663 
    20925134 
    23643763 
    21421178 
    23696132 
    23301902 
    24521633 
    25530675 
    23295265 
    20965249 
    23915495 
    21196528 
    20500625 
    21537855 
    20626528 
    23700961 
    26355488 
    24449604 
    24928779 
    25878901 
    23640304 
    25453766 
    24629907 
    23737708 
    25096869 
    24965798 
    21318565 
    21119851 
    25902960 
    22250965 
    22699247 
    26211103 
    24698342 
    22152436 
    24735087 
    23572290 
    20887201 
    22686870 
    22088925 
    22713831 
    25989416 
    25191755 
    22471393 
    23619950 
    21486898 
    23696841 
    22917205 
    21577334 
    23429708 
    26558016 
    20623169 
    21103918 
    24249825 
    20923894 
    23056806 
    21515192 
    24522969 
    24124775 
    23738615 
    23860354 
    24412860 
    22207460 
    24053506 
    24353274 
    25380056 
    20191404 
    22927626 
    25314794 
    22488160 
    23480321 
    20714798 
    25358249 
    26321935 
    22253083 
    21521652 
    26112659 
    24333238 
    23926295 
    21339248 
    23124358 
    24622158 
    24785484 
    23143131 
    25628712 
    21949002 
    22029480 
    24622682 
    22281374 
    21737434 
    23793533 
    25260752 
    24870134 
    23545349 
    22847297 
    25392729 
    22502839 
    20739917 
    20232240 
    24577245 
    21398562 
    20923888 
    24490680 
    24872861 
    22382606 
    24687688 
    25112438 
    22106023 
    21749489 
    24108192 
    25350348 
    22469462 
    21489394 
    20854499 
    25085792 
    22883737 
    21733958 
    21484516 
    26141538 
    25663626 
    24633560 
    23695352 
    26235606 
    23595736 
    24708718 
    21830170 
    24108618 
    21128108 
    25093940 
    25254170 
    21116700 
    25622593 
    24926319 
    24934401 
    25584441 
    21293268 
    26371485 
    22809074 
    24824660 
    24272141 
    22399447 
    21472359 
    25818099 
    23769482 
    20613623 
    21810110 
    23985036 
    21827300 
    23675688 
    21599717 
    26371313 
    22152909 
    21110908 
    22981424 
    23536211 
    24045981 
    24408892 
    24245930 
    22512510 
    22360368 
    25066026 
    21681590 
    20876167 
    26850390 
    26493525 
    21667201 
    26517216 
    21039481 
    20981770 
    21166674 
    21534371 
    23619951 
    21870955 
    22470425 
    24408240 
    22331013 
    26446216 
    25754895 
    23547019 
    25099486 
    21349369 
    23331285 
    26138809 
    21220381 
    22914777 
    24113341 
    22760337 
    22350450 
    21695560 
    25666435 
    25477165 
    21558103 
    21300654 
    26070768 
    23886763 
    23351106 
    21866791 
    25650955 
    24981567 
    22934711 
    25909789 
    26096632 
    24706566 
    22419119 
    23234539 
    25485869 
    22495745 
    21870954 
    25247726 
    24217029 
    24918507 
    26153169 
    26332178 
    26622154 
    25535174 
    22201889 
    24331303 
    21740256 
    22294525 
    23021482 
    24737743 
    24042491 
    25388972 
    21626054 
    21698498 
    25770082 
    26031924 
    24920862 
    25260191 
    25727239 
    22856332 
    24400970 
    21664105 
    22226851 
    21381951 
    22443370 
    25153585 
    24920285 
    23222182 
    25399515 
    21119852 
    25382787 
    21138332 
    26198445 
    25212713 
    24126865 
    22642966 
    23030738 
    23372620 
    26881372 
    24818514 
    24092842 
    23427091 
    22250966 
    25187717 
    25529303 
    21325370 
    24715256 
    24246273 
    26129831 
    22314575 
    22709981 
    21732805 
    23907710 
    26798043 
    25210983 
    22391810 
    21735845 
    25212211 
    25524571 
    21269797 
    24082856 
    23994355 
    20859670 
    20666783 
    22489036 
    24113342 
    24157389 
    25218091 
    24562693 
    22563691 
    23464608 
    20729506 
    24740236 
    20361246 
    22963446 
    24252498 
    25261248 
    25451017 
    22948548 
    22733299 
    27053961 
    22458327 
    23394018 
    25515805 
    22143742 
    21718979 
    27378955 
    20405192 
    25745370 
    25291726 
    24040276 
    20632204 
    24333577 
    24459035 
    23400264 
    22011811 
    23074034 
    22928858 
    25461563 
    21698558 
    22740374 
    23570589 
    24290951 
    23868881 
    23167724 
    23477662 
    21728905 
    25167861 
    22220491 
    22132601 
    20704635 
    25007299 
    24628425 
    21609942 
    22504056 
    25398894 
    21691864 
    22271699 
    25911978 
    23994318 
    22395820 
    21715548 
    21160119 
    23672532 
    26036646 
    25763986 
    22689649 
    25754456 
    22981154 
    21475730 
    23765050 
    21188489 
    21381831 
    23415454 
    22342432 
    22736195 
    22729461 
    25303222 
    26018394 
    22106001 
    25243378 
    23436793 
    23118257 
    21822763 
    22917132 
    22049014 
    26104112 
    23617555 
    24451919 
    23796861 
    23619953 
    23397166 
    23874893 
    21826585 
    26505871 
    26695665 
    21287253 
    23627678 
    23816626 
    26524848 
    26258842 
    22613013 
    24077546 
    23813699 
    24465847 
    21486897 
    23263787 
    22944257 
    20411412 
    24019124 
    21353719 
    20830200 
    25770355 
    21784293 
    24682651 
    22206685 
    24978131 
    23400004 
    23143130 
    25132666 
    21705192 
    21312064 
    25864635 
    25269902 
    24531932 
    23021572 
    22751555 
    25398603 
    24003938 
    25173102 
    20479474 
    25782098 
    23521055 
    25546644 
    23582751 
    23509101 
    22900501 
    22407578 
    24838124 
    23212807 
    26474368 
    22895777 
    20877284 
    24739913 
    24582005 
    24126869 
    24664635 
    24996869 
    22193531 
    23266067 
    21319933 
    23171505 
    24972681 
    26346856 
    20683768 
    25144259 
    26265492 
    23962420 
    25539088 
    23313304 
    22293006 
    23788511 
    23925971 
    21442599 
    23202886 
    24969950 
    22354116 
    22728603 
    21986875 
    23836119 
    23993773 
    24274034 
    25626423 
    22267105 
    21458242 
    21928891 
    22157351 
    26325558 
    22456815 
    22613035 
    23985136 
    20837976 
    23811475 
    24656292 
    25010486 
    23249372 
    23739542 
    24608219 
    23153825 
    23425364 
    22890405 
    21799554 
    22495052 
    24214406 
    25261775 
    21476368 
    20535539 
    23815117 
    22087042 
    23231974 
    21341964 
    26094575 
    23087159 
    20832784 
    25245786 
    25149178 
    23681789 
    24656807 
    21762713 
    26243502 
    24700359 
    20705131 
    22271196 
    24497626 
    24117192 
    25421402 
    22633155 
    22230043 
    22372945 
    21063141 
    22065544 
    22233368 
    22213789 
    21430017 
    26120878 
    25270896 
    21144701 
    21149421 
    26464251 
    25609433 
    25926308 
    24988818 
    24047820 
    25367544 
    22278029 
    24399100 
    21525079 
    23553149 
    25567653 
    22298107 
    22093691 
    21403021 
    20456535 
    24295540 
    26576170 
    22837770 
    21982064 
    23795248 
    24078018 
    25838109 
    25440829 
    23792373 
    21972233 
    24083413 
    23071196 
    20339807 
    24909517 
    26199714 
    22277583 
    21903433 
    22985783 
    25192505 
    23353117 
    23954299 
    22968799 
    21609426 
    20379770 
    25466280 
    24854331 
    25257908 
    24867341 
    22741169 
    24130822 
    26834651 
    25335897 
    24859590 
    23060680 
    21098622 
    24728874 
    24947579 
    25073749 
    23731181 
    21512834 
    24202730 
    23359595 
    22804700 
    25711546 
    22176937 
    24645737 
    22075931 
    26152436 
    24104516 
    22506305 
    25282067 
    20976617 
    26995851 
    21267005 
    20872929 
    22087044 
    25630989 
    20585847 
    21458825 
    21906725 
    22702362 
    23488948 
    23078094 
    23118259 
    22844138 
    26056560 
    26206232 
    24989441 
    26673881 
    22361923 
    23118818 
    25632281 
    23865818 
    23808126 
    22823182 
    22671037 
    20956068 
    20737328 
    24565360 
    25086828 
    23932805 
    26107996 
    23290019 
    24095577 
    23778583 
    22974130 
    21383265 
    22399452 
    22515829 
    22322581 
    25312691 
    27199653 
    23458400 
    25558953 
    24718932 
    21686145 
    21858588 
    25609685 
    22806002 
    22139899 
    24737038 
    22254200 
    24603923 
    25904361 
    22278094 
    22675226 
    20945155 
    20697794 
    21837366 
    25692508 
    23722572 
    24979834 
    25361070 
    24569569 
    25361233 
    25187257 
    23328815 
    22938071 
    24731184 
    25694804 
    23668935 
    26341584 
    21508854 
    21710136 
    23880391 
    23361917 
    22829243 
    23041658 
    25630517 
    25920014 
    26202327 
    25758821 
    22256594 
    26270989 
    24925605 
    21114559 
    26220465 
    22119685 
    24408342 
    20407815 
    23869588 
    23163236 
    26793297 
    22584617 
    20948898 
    20177764 
    20845086 
    26243847 
    23234586 
    22122657 
    23279238 
    25151423 
    21116699 
    23208306 
    25170555 
    20862532 
    20412100 
    24394875 
    21410398 
    25440561 
    26343472 
    23624879 
    21691866 
    21208668 
    24328367 
    23179340 
    22009228 
    21701786 
    21327833 
    26170671 
    23216418 
    20484003 
    24236938 
    23264536 
    26039849 
    21590432 
    25039961 
    24986703 
    22898762 
    22070923 
    23188679 
    24779649 
    22502851 
    23567411 
    22086712 
    21108041 
    22923066 
    23517654 
    26352270 
    23919538 
    20428954 
    24862496 
    21457605 
    25559709 
    25774865 
    26005483 
    23860740 
    23307883 
    26612786 
    25099217 
    22032950 
    26272675 
    23106688 
    22688680 
    24256459 
    23730782 
    23410601 
    24104512 
    21173235 
    23911592 
    24632594 
    25447293 
    25251213 
    22749792 
    22839726 
    22588956 
    23242363 
    21390918 
    22963644 
    24259748 
    20933368 
    25176439 
    22967045 
    25106070 
    23875722 
    20973622 
    20731709 
    23860618 
    25863914 
    20633070 
    21122774 
    21365597 
    20625937 
    24209427 
    21939592 
    22835209 
    22622365 
    25748971 
    22473088 
    26171765 
    23340080 
    24912465 
    25415280 
    23881094 
    25910554 
    23519317 
    23171198 
    21663425 
    24590409 
    24673076 
    24953574 
    21424863 
    22079437 
    22359179 
    24138215 
    23104618 
    25320434 
    20661767 
    24715682 
    23124360 
    23095583 
    22853888 
    21442601 
    24329926 
    26151443 
    22729383 
    26161467 
    20546082 
    26824471 
    23948127 
    21480545 
    22450702 
    22872163 
    22571388 
    24405793 
    24768643 
    22624856 
    25363476 
    22094722 
    24798771 
    21909827 
    22297199 
    22064563 
    21606152 
    25595296 
    22297200 
    25563455 
    23341170 
    24228477 
    23250815 
    24857014 
    22769427 
    23864402 
    22926660 
    24104510 
    19686332 
    19454620 
    25673293 
    24408091 
    23279986 
    23888732 
    23215710 
    24031086 
    22737137 
    22133405 
    25162784 
    23716135 
    24086474 
    25388910 
    24011719 
    25988942 
    23479076 
    21863344 
    21681591 
    25901699 
    24651558 
    24356715 
    23090275 
    22941343 
    21193035 
    24459462 
    23070790 
    24753336 
    24053112 
    23886576 
    24266398 
    22832900 
    24293564 
    21757185 
    20824493 
    25372058 
    22648476 
    21906006 
    22866045 
    23437903 
    21905802 
    20405193 
    20508979 
    23185536 
    25753589 
    22934940 
    20644553 
    22297202 
    24261547 
    21221753 
    26130396 
    26446224 
    23869845 
    26343774 
    21103708 
    21392103 
    20925065 
    22484794 
    27275232 
    23748436 
    23494561 
    23200615 
    24211371 
    25084845 
    27081377 
    24117718 
    24061777 
    21831244 
    25666260 
    23701497 
    25629657 
    23931579 
    23312011 
    26109553 
    23229788 
    24119069 
    23216805 
    23101742 
    22224633 
    25128790 
    21318642 
    26156236 
    25959247 
    22699139 
    22752489 
    22263878 
    26048040 
    26319254 
    22874395 
    22348738 
    23824705 
    21483431 
    25258047 
    23230821 
    21939382 
    25861158 
    24752679 
    23944118 
    23072950 
    21673746 
    21225490 
    24142292 
    25528608 
    23143075 
    26057421 
    26151311 
    25227430 
    24084372 
    26430169 
    22806000 
    25887094 
    24352232 
    21965086 
    24350413 
    21503797 
    22796977 
    24811968 
    23169763 
    22365460 
    25428545 
    21831593 
    25630307 
    24062673 
    25608037 
    25821094 
    25661287 
    21513720 
    22971004 
    23095596 
    24886430 
    22392415 
    20443134 
    24838123 
    20798635 
    25944453 
    25917383 
    23386741 
    21725720 
    26188615 
    21910524 
    21703820 
    20652312 
    24903974 
    21584850 
    25503300 
    22701630 
    21213096 
    24179258 
    23530174 
    25314797 
    21621310 
    21513576 
    23807205 
    22595375 
    23959925 
    25484588 
    25264862 
    23015109 
    25154408 
    26005109 
    20678259 
    22271194 
    24335116 
    24745109 
    23224513 
    22392110 
    23417134 
    25629685 
    26265115 
    23709048 
    21592359 
    23627946 
    22261399 
    23000134 
    25141784 
    22399449 
    24735654 
    25015711 
    24379137 
    21901523 
    24604525 
    22213401 
    24851868 
    22884425 
    23571590 
    21384244 
    24573336 
    21410401 
    25087908 
    23880490 
    26324248 
    25820775 
    23782126 
    23258569 
    21691865 
    23030694 
    23956104 
    21536975 
    21999621 
    24846867 
    23754339 
    24053153 
    23563163 
    24813254 
    26336909 
    22965006 
    21918471 
    25262013 
    19609663 
    21499672 
    23015111 
    23211914 
    26353450 
    23933998 
    22350336 
    21703434 
    24731073 
    23827096 
    22353426 
    22213788 
    24157390 
    23522863 
    26755040 
    24221816 
    26989742 
    22333366 
    22304467 
    26356165 
    21690211 
    24104519 
    25495833 
    23605958 
    22642847 
    22515826 
    23820765 
    22047729 
    23870046 
    25952676 
    24489674 
    22815011 
    22394527 
    24069051 
    21555957 
    20857275 
    22494085 
    23719853 
    21822762 
    24682652 
    23108988 
    26051969 
    25526834 
    22004249 
    22574686 
    21901269 
    24377361 
    23819048 
    24772971 
    22010891 
    23121303 
    25984452 
    24296891 
    22932768 
    21217607 
    26984464 
    21516433 
    24914405 
    20652387 
    22751753 
    22288405 
    22026562 
    24814517 
    25957197 
    22159053 
    23054202 
    26003779 
    24548743 
    21420736 
    20522453 
    26893820 
    26045943 
    24197623 
    22409636 
    24220604 
    22922557 
    23427775 
    25019999 
    21093728 
    24380664 
    23263770 
    21331821 
    22748032 
    25192861 
    21538171 
    21482605 
    25891829 
    24048469 
    21524759 
    21843004 
    24406884 
    21114638 
    20839041 
    25742038 
    25530230 
    24920850 
    23720500 
    21171753 
    22917843 
    23963593 
    24497628 
    24999380 
    22513913 
    21184161 
    21063152 
    25325473 
    25252659 
    25750686 
    24321869 
    24472250 
    23782127 
    22537103 
    26073135 
    22935271 
    24410018 
    25078724 
    25546274 
    23294523 
    20630993 
    24316492 
    22166171 
    25648749 
    24310317 
    21347614 
    20640592 
    24814475 
    23060662 
    25584292 
    21706249 
    24067897 
    26815523 
    24014195 
    22721927 
    25604000 
    24907222 
    22554810 
    25722512 
    24640552 
    26788284 
    23364041 
    21716163 
    21584097 
    22435515 
    23185299 
    22190053 
    21298812 
    21478225 
    25403232 
    22906515 
    21954820 
    24767783 
    22460131 
    21069445 
    22883468 
    26402976 
    25398390 
    27257478 
    23711909 
    23107379 
    23475013 
    23824472 
    23152985 
    20016003 
    23219270 
    21844053 
    21452752 
    21954217 
    24936410 
    23536263 
    25995134 
    23198929 
    24650168 
    23495136 
    23278933 
    24586223 
    23225334 
    22958042 
    26473019 
    24371474 
    24643768 
    23873071 
    23690510 
    20683767 
    23937480 
    25116834 
    22712893 
    22414859 
    24662617 
    24373520 
    25348175 
    26385796 
    23759288 
    23488946 
    23104617 
    22616853 
    22271844 
    21406145 
    21087361 
    21073462 
    26272676 
    24691714 
    23022908 
    26195977 
    21937282 
    22840552 
    20860756 
    26160050 
    20526733 
    24554163 
    23045223 
    25099360 
    22460295 
    21442600 
    21047211 
    25758905 
    23892873 
    26037805 
    24209777 
    26114615 
    24882200 
    22338551 
    25738232 
    25399237 
    21907346 
    23172765 
    23040909 
    21821235 
    21713589 
    25398602 
    21526585 
    22915306 
    20300816 
    24837704 
    26100851 
    24979066 
    22876571 
    25660944 
    24231169 
    23425682 
    23101741 
    23140036 
    23065116 
    24263228 
    24305777 
    24643824 
    22644617 
    22862778 
    22407579 
    25193243 
    20473589 
    25898243 
    24508666 
    24129911 
    24930576 
    26491593 
    23301903 
    22945359 
    21871371 
    23888359 
    21882359 
    21987799 
    25900226 
    21093480 
    21225453 
    25446201 
    24126871 
    22051160 
    21821391 
    20876166 
    23773279 
    24000901 
    20656736 
    22690864 
    27413549 
    22005342 
    24713577 
    23782855 
    24568661 
    25844317 
    24095105 
    23476129 
    23090336 
    22218297 
    23947971 
    22640177 
    24273800 
    24186120 
    25211684 
    25309753 
    22222776 
    23686797 
    24081827 
    23647528 
    22537360 
    21667200 
    23404082 
    25749302 
    24032193 
    23045563 
    25326256 
    24066834 
    20414070 
    25656730 
    23563001 
    24430259 
    23522526 
    25547860 
    24432856 
    23887214 
    23165558 
    24686073 
    24228992 
    21948895 
    23001767 
    20385459 
    24057130 
    22290121 
    19573036 
    24637425 
    23200241 
    26155763 
    24124074 
    21905244 
    22046307 
    26360420 
    23146332 
    25882788 
    22712808 
    23292162 
    23108987 
    24789871 
    22569187 
    21480540 
    24802760 
    24104514 
    22176938 
    23334984 
    23031252 
    24375710 
    25624924 
    21117839 
    25337855 
    25879643 
    22752846 
    26031805 
    22419380 
    25022253 
    23681280 
    25757041 
    25118916 
    22789633 
    25444113 
    25608486 
    24745950 
    23065028 
    23110514 
    22093648 
    23615959 
    22923038 
    23384133 
    24508578 
    22864005 
    24970108 
    23897146 
    20711644 
    25897255 
    24519585 
    24312466 
    24033239 
    21586502 
    25311712 
    22123514 
    26719185 
    21755335 
    26845707 
    23123133 
    25932320 
    26488477 
    23880382 
    25526835 
    21669896 
    20937290 
    24748794 
    20694508 
    17572784 
    23758743 
    21409835 
    22588377 
    25981494 
    22844136 
    21833759 
    25079009 
    22265366 
    25526491 
    21264053 
    22498753 
    24045605 
    20981775 
    25277878 
    22721596 
    25791123 
    22829244 
    20977684 
    26684475 
    26555812 
    22558359 
    20924246 
    24087923 
    23433276 
    22662113 
    25048006 
    25562659 
    24599613 
    21858586 
    23179344 
    22846849 
    22643885 
    21741013 
    21208774 
    21846845 
    24863681 
    20821283 
    23713979 
    22992299 
    23131376 
    24145729 
    24890260 
    26306707 
    23703156 
    23180406 
    22274777 
    25813517 
    23104619 
    25081594 
    25058499 
    23868876 
    22998867 
    21059347 
    20970697 
    24404185 
    21590433 
    23930546 
    21883598 
    26823966 
    25837176 
    23593367 
    21298331 
    22852754 
    20676748 
    23065101 
    23874533 
    24508361 
    21448751 
    21890111 
    24627633 
    22412832 
    21519955 
    25218848 
    21631433 
    25985235 
    23934941 
    19626433 
    24769432 
    24633532 
    23668316 
    23366733 
    25742039 
    22322582 
    22935194 
    22673858 
    20414801 
    22562829 
    23476144 
    22877858 
    22178729 
    25428292 
    22250447 
    21091701 
    25503485 
    23398114 
    24092838 
    22881991 
    24979315 
    25623060 
    23544234 
    22872102 
    26400581 
    23391634 
    24588403 
    22546598 
    22449032 
    21969076 
    25175114 
    24292493 
    21621142 
    23746496 
    21916929 
    25778838 
    23909078 
    24221817 
    21310395 
    23171617 
    22502836 
    20972615 
    22729382 
    22728336 
    24966019 
    24121181 
    21259039 
    23541918 
    24718745 
    24337829 
    22419332 
    25442191 
    22200937 
    24682707 
    22746043 
    22941342 
    24695121 
    21316189 
    20887200 
    23613504 
    24845879 
    20533916 
    23929944 
    23871410 
    23234461 
    24311194 
    21122921 
    25726821 
    23660524 
    22409507 
    22865152 
    22483074 
    22407279 
    22846878 
    23756306 
    22893535 
    22807562 
    21846666 
    21385260 
    23123089 
    23324559 
    23509963 
    23616179 
    22865151 
    21810015 
    26262903 
    26448791 
    22716265 
    23175752 
    23864377 
    25380583 
    22386453 
    25526832 
    25326822 
    22476793 
    21486899 
    22356182 
    22844765 
    24061784 
    22304886 
    26036649 
    24227448 
    25100326 
    25663296 
    22421071 
    21958010 
    21429057 
    26257835 
    26293670 
    25737020 
    25714424 
    23893954 
    25629966 
    24004846 
    23829146 
    23118242 
    25335518 
    23633937 
    25280596 
    24726638 
    22016049 
    25893237 
    24850752 
    22672943 
    22303036 
    23066765 
    20605639 
    23667359 
    24994572 
    22909395 
    24636205 
    24399878 
    25600422 
    22208391 
    22051657 
    22381719 
    21986003 
    24039228 
    22582850 
    25860897 
    24086383 
    25143601 
    25389915 
    25209079 
    24150488 
    21325371 
    24701014 
    24015680 
    22533693 
    23060668 
    23171311 
    23973369 
    22701149 
    23021742 
    23265164 
    22693110 
    20950329 
    22095612 
    25315782 
    24293040 
    24212259 
    22228059 
    22047489 
    25250808 
    23288207 
    26150135 
    23909584 
    21728431 
    23835769 
    24298446 
    26157380 
    24216056 
    22087043 
    22107951 
    23400046 
    23216993 
    23322184 
    22882702 
    24770713 
    24176259 
    21241177 
    21548858 
    25061621 
    23301900 
    22827287 
    23561717 
    21844811 
    25313979 
    27336016 
    23320543 
    23118256 
    21042872 
    22782459 
    25700238 
    22234796 
    21752596 
    20960041 
    22006206 
    25997596 
    21247797 
    26315981 
    23827959 
    20735198 
    24577786 
    25022250 
    22780332 
    24652855 
    24673882 
    24550549 
    23639107 
    26180782 
    21309696 
    26077499 
    24780868 
    24192574 
    22960334 
    22910098 
    24922325 
    25255789 
    23672658 
    23533615 
    24927807 
    21943127 
    25244637 
    21592674 
    24580806 
    23938350 
    23001768 
    21287254 
    23011252 
    21985995 
    22673859 
    25998237 
    21554467 
    24622681 
    22920657 
    25086652 
    26148789 
    23989909 
    23647048 
    23415695 
    21454386 
    20150343 
    23570419 
    24519980 
    24771763 
    23887808 
    24197114 
    25039810 
    24512520 
    24142795 
    23330630 
    22207461 
    21515200 
    22302843 
    21790825 
    24984148 
    22251289 
    21035791 
    22162360 
    23376628 
    22474777 
    24968009 
    21547846 
    21392733 
    29898672 
    21894689 
    24793986 
    22100351 
    25468467 
    22352033 
    25098029 
    26981279 
    25149876 
    25871566 
    24142797 
    23275232 
    22724001 
    22844759 
    22038290 
    20923890 
    22412026 
    23871450 
    23747233 
    22519265 
    24342972 
    21316919 
    25526831 
    23495146 
    24610869 
    23117237 
    24552579 
    23260611 
    21044497 
    24507385 
    24101718 
    23526151 
    25711370 
    25457930 
    21842186 
    22489037 
    23378062 
    24495708 
    21921020 
    24055857 
    22843036 
    26456972 
    21789519 
    23621389 
    20532957 
    23445715 
    25178057 
    21453474 
    26077952 
    23834215 
    20934986 
    23608919 
    22833108 
    21181493 
    25103344 
    25885279 
    23484554 
    24958435 
    24367961 
    21806693 
    21693172 
    25468172 
    25894883 
    21972225 
    21865931 
    26740026 
    24338760 
    20946906 
    26070278 
    21690083 
    24313878 
    23972644 
    24661175 
    22578079 
    22502846 
    23404046 
    21528391 
    26065374 
    21727249 
    23769911 
    22490014 
    25073717 
    21176203 
    25697266 
    24821679 
    26324249 
    25928433 
    22467835 
    23023300 
    25277720 
    21884523 
    23233021 
    21985987 
    25252317 
    20951710 
    23672659 
    24450318 
    22735897 
    25062568 
    22832890 
    21042871 
    24499184 
    25272448 
    22239861 
    24528851 
    25042544 
    21442596 
    24617084 
    22374773 
    21960455 
    24104509 
    22811934 
    23666039 
    22450618 
    21349688 
    22435114 
    23901152 
    26155764 
    21437985 
    25725217 
    22365461 
    21497654 
    22674669 
    22226452 
    21822026 
    23719758 
    21629200 
    23825093 
    24684579 
    24168795 
    23540520 
    23624619 
    22974621 
    20635196 
    23983031 
    25641930 
    22284799 
    24383262 
    25425636 
    24573334 
    24283751 
    23069674 
    19597979 
    25379451 
    26384573 
    23710139 
    24165833 
    22350339 
    24342925 
    23893967 
    22473816 
    25475362 
    25253610 
    21319053 
    23730274 
    26126749 
    23101743 
    19112359 
    26063446 
    25054837 
    25111948 
    20678759 
    22932769 
    21058793 
    22918859 
    21470330 
    23869963 
    22922241 
    25151603 
    25745696 
    22167342 
    25694363 
    24343334 
    24664986 
    23585462 
    25429715 
    26605086 
    24179836 
    22099969 
    24097141 
    25862937 
    22972423 
    22731976 
    26837348 
    25336095 
    23593742 
    23224514 
    22695064 
    23788522 
    23523340 
    22271695 
    23183728 
    25600781 
    21455794 
    22322982 
    21519952 
    25600178 
    22937248 
    20930927 
    23973801 
    26003821 
    23110806 
    22705912 
    21638911 
    25629050 
    25676684 
    22222344 
    22917129 
    21556967 
    21829930 
    21238952 
    20565231 
    25445076 
    20361243 
    22730909 
    20809377 
    24953573 
    22460381 
    25419976 
    24287372 
    21502668 
    20839043 
    25580916 
    24799263 
    24408239 
    21831239 
    23869843 
    21784299 
    22923037 
    21034285 
    22456818 
    22968137 
    24104511 
    22537536 
    24209608 
    23564208 
    24795872 
    22006979 
    25321849 
    23466586 
    26325039 
    24361475 
    22743806 
    22628087 
    22879836 
    25626716 
    20878720 
    23460690 
    25461712 
    23748386 
    25847804 
    21690082 
    24331886 
    24231163 
    23835635 
    23153932 
    21877903 
    22221670 
    22582848 
    25252658 
    20411868 
    21797771 
    21035204 
    22075522 
    26090082 
    21601832 
    25676160 
    21287255 
    21760990 
    21610190 
    25917989 
    23045217 
    22219019 
    20922808 
    23144975 
    22240311 
    22781058 
    22952789 
    24655649 
    21776233 
    24375082 
    25194515 
    21883205 
    21766464 
    25731979 
    23906477 
    21675824 
    22361924 
    26356658 
    25456746 
    24737460 
    24075141 
    23842009 
    23224592 
    26173142 
    26010574 
    23688534 
    26398516 
    21350918 
    22900443 
    24824992 
    24199947 
    23691817 
    25023786 
    24081405 
    23307419 
    22933354 
    21430018 
    25526833 
    22925882 
    26659821 
    23359616 
    25650952 
    24290364 
    23283628 
    23156937 
    21223259 
    25957837 
    22870246 
    21125322 
    25841884 
    25428403 
    23527644 
    25104578 
    23017597 
    24737035 
    26207691 
    22686388 
    22139431 
    23722568 
    25296773 
    24709075 
    26114457 
    21518065 
    25178706 
    20584101 
    21336015 
    22689702 
    25299379 
    21910186 
    20970695 
    25853670 
    25321853 
    23386118 
    25739104 
    23208993 
    25211371 
    22511450 
    24953575 
    21336523 
    25280069 
    24463947 
    25433158 
    22477317 
    19173090 
    26388982 
    26721068 
    25471824 
    20223793 
    22937259 
    22915447 
    23295397 
    23696471 
    24150963 
    23140338 
    22122992 
    22186636 
    22921138 
    25446464 
    23593743 
    23054201 
    21333037 
    23053616 
    26147200 
    23175750 
    23018698 
    25541740 
    22564339 
    22250448 
    25262315 
    21983334 
    24418919 
    25773150 
    22136091 
    25840141 
    26471032 
    23452686 
    24627427 
    22284801 
    24983630 
    24529859 
    21354837 
    24547686 
    21034507 
    24989876 
    25381787 
    24374161 
    23414618 
    27158270 
    24128657 
    23214395 
    24504623 
    21788255 
    21181250 
    24790986 
    22403466 
    24366990 
    22155537 
    25693052 
    21958446 
    25823482 
    22408135 
    22964266 
    22434280 
    22021093 
    24593042 
    24639374 
    24679459 
    23672660 
    24509053 
    26203305 
    23926296 
    20963199 
    22228726 
    23055284 
    21917389 
    20556501 
    26325555 
    20964672 
    24118709 
    20929907 
    24817530 
    23636714 
    23188883 
    20809376 
    24756542 
    22350733 
    23701321 
    21732210 
    24777214 
    20850602 
    25711941 
    24394874 
    20556500 
    21153875 
    22268901 
    22800511 
    22506855 
    21129422 
    21681105 
    23390076 
    24913785 
    24807792 
    23810129 
    22260255 
    24565336 
    24369683 
    22704402 
    24517317 
    24494055 
    26082199 
    23417137 
    21489390 
    21586639 
    21786105 
    23219829 
    22775456 
    24408339 
    21848010 
    21461602 
    25923392 
    24532098 
    25234484 
    23816633 
    23336424 
    22940165 
    21971779 
    26011533 
    26155471 
    23055298 
    24108191 
    24042171 
    22503282 
    24085741 
    20868372 
    23371337 
    23965288 
    25270744 
    25036219 
    23928004 
    23371507 
    23278143 
    21442597 
    21134386 
    24287878 
    21720723 
    26900403 
    21924950 
    24104515 
    24778378 
    24465519 
    22580987 
    23265165 
    21187785 
    21769772 
    24931934 
    23912681 
    23205844 
    25898050 
    23894016 
