Topic: CD009579 

Title: Circulating antigen tests and urine reagent strips for diagnosis of active schistosomiasis in endemic areas 

Query: 
(anodic adj3 antigen*).ti,ab.
(cathodic adj3 antigen*).ti,ab.
exp Enzyme-Linked Immunosorbent Assay/
exp Immunoenzyme Techniques/
hematuria/ or exp proteinuria/
leukocyturia.ti,ab.
leucocyturia.ti,ab.
h?ematuria.ti,ab.
proteinuria.ti,ab.
albuminuria.ti,ab.
CCA.ti,ab.
CAA.ti,ab.
urinalysis.ti,ab.
elisa.ti,ab.
eia.ti,ab.
exp Reagent Strips/ or dipstick.mp.
(reagent adj3 strip*).ti,ab.
(test adj3 strip*).ti,ab.
haemastix.ti,ab.
"schistosoma mansoni".ti,ab. or "schistosoma haematobium".ti,ab.
exp Glycoproteins/
exp Antigens, Helminth/
exp Helminth Proteins/
exp Schistosoma haematobium/
exp Antibodies, Monoclonal/
exp Schistosoma mansoni/
or/1-26
schistosomiasis/ or schistosomiasis haematobia/ or schistosomiasis mansoni/
schistosomiasis.ti,ab.
bilharzia*.ti,ab.
or/28-30
animals/ not humans/
exp Letter/
exp Case Reports/
or/32-34
27 and 31
animals/ not humans/
36 not 37 

Pids: 
    24952121 
    24945827 
    24928666 
    24926687 
    24925456 
    24918421 
    24912586 
    24901333 
    24896815 
    24893012 
    24886277 
    24879000 
    24862051 
    24862047 
    24861284 
    24861283 
    24848950 
    24841027 
    24838577 
    24831552 
    24824051 
    24819648 
    24810615 
    24809504 
    24800564 
    24781377 
    24767421 
    24762961 
    24762736 
    24757288 
    24755821 
    24749785 
    24743389 
    24742192 
    24734921 
    24734920 
    24729611 
    24727442 
    24727052 
    24710612 
    24710174 
    24690404 
    24690282 
    24689086 
    24686741 
    24684924 
    24675823 
    24670210 
    24667030 
    24666689 
    24663063 
    24657847 
    24657590 
    24657550 
    24656567 
    24651847 
    24639303 
    24632992 
    24626123 
    24615138 
    24606429 
    24593687 
    24589739 
    24587461 
    24568206 
    24560833 
    24559264 
    24552246 
    24535152 
    24534810 
    24521991 
    24515945 
    24512613 
    24505371 
    24498191 
    24495228 
    24489732 
    24470560 
    24455977 
    24452918 
    24448400 
    24445211 
    24433721 
    24429291 
    24421255 
    24420706 
    24419450 
    24418080 
    24412728 
    24406075 
    24402703 
    24401567 
    24387599 
    24370839 
    24363182 
    24361640 
    24357629 
    24323515 
    24323511 
    24310377 
    24284955 
    24280295 
    24200189 
    24165185 
    24149081 
    24149080 
    24136387 
    24099825 
    24035474 
    23891456 
    23755120 
    24818390 
    24812871 
    24812851 
    24640882 
    24640858 
    24510597 
    24499537 
    24490413 
    24479290 
    24402156 
    24386499 
    24377117 
    24374945 
    24367250 
    24365046 
    24349589 
    24346659 
    24346392 
    24344506 
    24340115 
    24340107 
    24330594 
    24270258 
    24265821 
    24264651 
    24263136 
    24260810 
    24244777 
    24244773 
    24231496 
    24189480 
    24173194 
    24156230 
    24147175 
    24147165 
    24133921 
    24133909 
    24130499 
    24112100 
    24103059 
    24095806 
    24086136 
    24084635 
    24079113 
    24073761 
    24069486 
    24069483 
    24064438 
    24037369 
    24024465 
    24024456 
    24024450 
    24024434 
    24024211 
    24020375 
    24019429 
    24009791 
    24001640 
    23992576 
    23992575 
    23991235 
    23987918 
    23985040 
    23982100 
    23979493 
    23977096 
    23976783 
    23973434 
    23962504 
    23958565 
    23958564 
    23952297 
    23937701 
    23936578 
    23936559 
    23923251 
    23916210 
    23916204 
    23913499 
    23894832 
    23894831 
    23880663 
    23850995 
    23829918 
    23829767 
    23815102 
    23809077 
    23809068 
    23800409 
    23793335 
    23791803 
    23778663 
    23771290 
    23765531 
    23763976 
    23762275 
    23755313 
    23752571 
    23740077 
    23740071 
    23733296 
    23733295 
    23732438 
    23724620 
    23722998 
    23716406 
    23710083 
    23690549 
    23689700 
    23687825 
    23687804 
    23684792 
    23683331 
    23669231 
    23667617 
    23648995 
    23648217 
    23613907 
    23596262 
    23593513 
    23590255 
    23589884 
    23587594 
    23557896 
    23556029 
    23556011 
    23556009 
    23556007 
    23552512 
    23542315 
    23534715 
    23532472 
    23530072 
    23529336 
    23527093 
    23521712 
    23521678 
    23515570 
    23512515 
    23512028 
    23509820 
    23509119 
    23505590 
    23505586 
    23505584 
    23496801 
    23493004 
    23488866 
    23469295 
    23468354 
    23467705 
    23450530 
    23448728 
    23426263 
    23408448 
    23398537 
    23382170 
    23360734 
    23359829 
    23359826 
    23354218 
    23339913 
    23339198 
    23331870 
    23324217 
    23318933 
    23315656 
    23313322 
    23290589 
    23260770 
    23254201 
    23250950 
    23237719 
    23220499 
    23202777 
    23195036 
    23177375 
    23177316 
    23175561 
    23135629 
    23125445 
    23121638 
    23095137 
    23087431 
    23085327 
    23071136 
    23052762 
    23045617 
    23041540 
    23022016 
    23010161 
    22997211 
    22992895 
    22940014 
    22935316 
    22926562 
    22909029 
    22721826 
    22580511 
    22440199 
    22381896 
    22142789 
    22019933 
    21586268 
    21229360 
    22036060 
    1972123 
    2904917 
    14279979 
    19073189 
    18621051 
    22676052 
    2142771 
    21149589 
    19802383 
    19780472 
    11072380 
    3157170 
    11072382 
    11072379 
    16327704 
    1829820 
    23930478 
    23593859 
    23593838 
    23593828 
    23569905 
    23515773 
    23515635 
    23484260 
    23484251 
    23424889 
    23373252 
    23360644 
    23339695 
    23319886 
    23285307 
    23285184 
    23270458 
    23259435 
    23242675 
    23236797 
    23236532 
    23236526 
    23209862 
    23206383 
    23202602 
    23178316 
    23174311 
    23152349 
    23152348 
    23148687 
    23147146 
    23147142 
    23145202 
    23145200 
    23121675 
    23114664 
    23110494 
    23107664 
    23107575 
    23096253 
    23094120 
    23072127 
    23062400 
    23056662 
    23052781 
    23043919 
    23033399 
    23032837 
    23032289 
    23032275 
    23031799 
    23029589 
    23029585 
    23029577 
    23012966 
    23012951 
    23006852 
    23005702 
    22987658 
    22987651 
    22983286 
    22981182 
    22978371 
    22970333 
    22953018 
    22952862 
    22949518 
    22940100 
    22932940 
    22930048 
    22927499 
    22920339 
    22908809 
    22908804 
    22899607 
    22889153 
    22883646 
    22882457 
    22882427 
    22869806 
    22869635 
    22867954 
    22861127 
    22860153 
    22860148 
    22858241 
    22850963 
    22848765 
    22847410 
    22824258 
    22820025 
    22818881 
    22815999 
    22807052 
    22802974 
    22801651 
    22786992 
    22777178 
    22771865 
    22762140 
    22745651 
    22741583 
    22738857 
    22737405 
    22724034 
    22720904 
    22717150 
    22701733 
    22693628 
    22693230 
    22686541 
    22666171 
    22658784 
    22653920 
    22652116 
    22645454 
    22642977 
    22632645 
    22627639 
    22617496 
    22607148 
    22607147 
    22590863 
    22577245 
    22574486 
    22574126 
    22559976 
    22559040 
    22554952 
    22543125 
    22529947 
    22509417 
    22496920 
    22493664 
    22492145 
    22486551 
    22455721 
    22454280 
    22451732 
    22451731 
    22448675 
    22441394 
    22440198 
    22429049 
    22428079 
    22423613 
    22413834 
    22413029 
    22398631 
    22387759 
    22381628 
    22370708 
    22370114 
    22366733 
    22348155 
    22348117 
    22327410 
    22325753 
    22302866 
    22288822 
    22270443 
    22264258 
    22245148 
    22245065 
    22235360 
    22230509 
    22215193 
    22214332 
    22209502 
    22197011 
    22155647 
    22151001 
    22145587 
    22129037 
    22047987 
    22036931 
    21968955 
    21953124 
    21945832 
    21773836 
    21739313 
    21729382 
    21616068 
    21420955 
    20680447 
    24830194 
    22953337 
    22688491 
    22393623 
    22379827 
    22379820 
    22259882 
    22248959 
    22231863 
    22203511 
    22166365 
    22165667 
    22164862 
    22164626 
    22164617 
    22164616 
    22164490 
    22164394 
    22164379 
    22163056 
    22152486 
    22144446 
    22144445 
    22144444 
    22144443 
    22137582 
    22132246 
    22129192 
    22124564 
    22124561 
    22124557 
    22124556 
    22124551 
    22118038 
    22048120 
    22036898 
    22028640 
    22022573 
    22017717 
    22017711 
    22014731 
    22013990 
    22013383 
    21995318 
    21980785 
    21976571 
    21970262 
    21970103 
    21970102 
    21970101 
    21952807 
    21951846 
    21949893 
    21945176 
    21931706 
    21930247 
    21921206 
    21917166 
    21911702 
    21909439 
    21906319 
    21902061 
    21889508 
    21888656 
    21887319 
    21887276 
    21871646 
    21871169 
    21865194 
    21863592 
    21861945 
    21849689 
    21849166 
    21832058 
    21829186 
    21826993 
    21824443 
    21823318 
    21819640 
    21813042 
    21811643 
    21810307 
    21810050 
    21806877 
    21788729 
    21788709 
    21784077 
    21774790 
    21771686 
    21767372 
    21767334 
    21767333 
    21762203 
    21756422 
    21749703 
    21748644 
    21741929 
    21740589 
    21734619 
    21729355 
    21725391 
    21708991 
    21705620 
    21703056 
    21700239 
    21695107 
    21692957 
    21689221 
    21680534 
    21679489 
    21679486 
    21679087 
    21670886 
    21668948 
    21666800 
    21666790 
    21664486 
    21655308 
    21645386 
    21640815 
    21634240 
    21633040 
    21619661 
    21619508 
    21610855 
    21609782 
    21605705 
    21603764 
    21602774 
    21599944 
    21598059 
    21573157 
    21540390 
    21537558 
    21534771 
    21530403 
    21527274 
    21524931 
    21508157 
    21506812 
    21504049 
    21503488 
    21503408 
    21493866 
    21488078 
    21484850 
    21469072 
    21465612 
    21458594 
    21458582 
    21444803 
    21423644 
    21397716 
    21385631 
    21372247 
    21363971 
    21362166 
    21357724 
    21354093 
    21353271 
    21349218 
    21347311 
    21340416 
    21338486 
    21336380 
    21323161 
    21299881 
    21296079 
    21292908 
    21290396 
    21283613 
    21270220 
    21267065 
    21251927 
    21245910 
    21236422 
    21231860 
    21226725 
    21220486 
    21212199 
    21212195 
    21208643 
    21208365 
    21199146 
    21195046 
    21181193 
    21160045 
    21143528 
    21129869 
    21107709 
    21105986 
    21092361 
    21078223 
    20961473 
    20927126 
    20922427 
    20882579 
    20861864 
    20850875 
    20691496 
    20522322 
    20427427 
    23082491 
    21500532 
    21413578 
    21351545 
    21340305 
    21320812 
    21308673 
    21246943 
    21243263 
    21218718 
    21181014 
    21180998 
    21178421 
    21178216 
    21174263 
    21137315 
    21137067 
    21136241 
    21128380 
    21124888 
    21124881 
    21118946 
    21080323 
    21078176 
    21055123 
    21039611 
    21036836 
    20962734 
    20951593 
    20948553 
    20945592 
    20889899 
    20889898 
    20886098 
    20884153 
    20863440 
    20856909 
    20856680 
    20835514 
    20831609 
    20819926 
    20819309 
    20806444 
    20737799 
    20731862 
    20721513 
    20721512 
    20721510 
    20721509 
    20721508 
    20721507 
    20721506 
    20721505 
    20721502 
    20721493 
    20721492 
    20721482 
    20721479 
    20721477 
    20705516 
    20705514 
    20704754 
    20685202 
    20683900 
    20670408 
    20666307 
    20659890 
    20638601 
    20636603 
    20630783 
    20607287 
    20605744 
    20600071 
    20594611 
    20563503 
    20561396 
    20560767 
    20549236 
    20547157 
    20542135 
    20541754 
    20541140 
    20537152 
    20527233 
    20522577 
    20503602 
    20503188 
    20500919 
    20485491 
    20479203 
    20470746 
    20451489 
    20440060 
    20422029 
    20421918 
    20411746 
    20410090 
    20409287 
    20408180 
    20406603 
    20398225 
    20391981 
    20381839 
    20380765 
    20363433 
    20351784 
    20350861 
    20350194 
    20339656 
    20338608 
    20333401 
    20305983 
    20304473 
    20303925 
    20233043 
    20214757 
    20210082 
    20181896 
    20171156 
    20170964 
    20162431 
    20161725 
    20149365 
    20138271 
    20128942 
    20109453 
    20102761 
    20096907 
    20084484 
    20083437 
    20071361 
    20051114 
    20049860 
    20045695 
    20043751 
    20042004 
    20030714 
    20012564 
    20004686 
    19958397 
    19948784 
    19948430 
    19948171 
    19892835 
    19837188 
    19818465 
    19781518 
    19775486 
    19765542 
    19714775 
    19712536 
    19699502 
    19699204 
    19646307 
    19390860 
    21174933 
    20803923 
    20690269 
    20454483 
    20448845 
    20358789 
    20140385 
    20049994 
    20031001 
    20031000 
    19996436 
    19967244 
    19967243 
    19956564 
    19952394 
    19950537 
    19943968 
    19924224 
    19908189 
    19901992 
    19885392 
    19861614 
    19861613 
    19859537 
    19852800 
    19852363 
    19829705 
    19825105 
    19820832 
    19818057 
    19812189 
    19806223 
    19795775 
    19795747 
    19785826 
    19765394 
    19762959 
    19738650 
    19730700 
    19717340 
    19710013 
    19701131 
    19699526 
    19695155 
    19686417 
    19657117 
    19655702 
    19647844 
    19639340 
    19635870 
    19634785 
    19627633 
    19627628 
    19622410 
    19617021 
    19604033 
    19567879 
    19560432 
    19555400 
    19549517 
    19547872 
    19547860 
    19541943 
    19539339 
    19524079 
    19523252 
    19519608 
    19513102 
    19502699 
    19493363 
    19490727 
    19490724 
    19488484 
    19486544 
    19464296 
    19459493 
    19440958 
    19439747 
    19439013 
    19429506 
    19428667 
    19427295 
    19426665 
    19426659 
    19415108 
    19409948 
    19409588 
    19409193 
    19406169 
    19393158 
    19392746 
    19392635 
    19392626 
    19378020 
    19361503 
    19346298 
    19340911 
    19331272 
    19296834 
    19290040 
    19285502 
    19283896 
    19281637 
    19281636 
    19278527 
    19273558 
    19272297 
    19270301 
    19270295 
    19261314 
    19255786 
    19248562 
    19243595 
    19222824 
    19221932 
    19212127 
    19203926 
    19192170 
    19190772 
    19190208 
    19187519 
    19185322 
    19175946 
    19173313 
    19168393 
    19156193 
    19149774 
    19143871 
    19136071 
    19118853 
    19081261 
    19079948 
    19072134 
    19070583 
    19070522 
    19068147 
    18988752 
    18951599 
    18950598 
    18922204 
    18845029 
    18845028 
    18838149 
    18771789 
    18765241 
    18723022 
    18573565 
    20589131 
    20306689 
    19413209 
    19402580 
    19287828 
    19209780 
    19209761 
    19202764 
    19199268 
    19192606 
    19160958 
    19143123 
    19143122 
    19142450 
    19108541 
    19103821 
    19082376 
    19067842 
    19067841 
    19055625 
    19046671 
    19030965 
    19030225 
    19021109 
    19015722 
    19014683 
    18998054 
    18996349 
    18992007 
    18983246 
    18981513 
    18976582 
    18973744 
    18949326 
    18949215 
    18853618 
    18851939 
    18834847 
    18831955 
    18827884 
    18826832 
    18820739 
    18817603 
    18817602 
    18815920 
    18804101 
    18784236 
    18784223 
    18759990 
    18753991 
    18722335 
    18717640 
    18698361 
    18694485 
    18691925 
    18685437 
    18680415 
    18668296 
    18648516 
    18645951 
    18645264 
    18645157 
    18642508 
    18637591 
    18629511 
    18628997 
    18617155 
    18606767 
    18603722 
    18598664 
    18598576 
    18589392 
    18585383 
    18582914 
    18582844 
    18582842 
    18582841 
    18582197 
    18579103 
    18577363 
    18577364 
    18575619 
    18575479 
    18574340 
    18571965 
    18571113 
    18564758 
    18564757 
    18555172 
    18550021 
    18549316 
    18547533 
    18538767 
    18538280 
    18519730 
    18514159 
    18513839 
    18513442 
    18510814 
    18509472 
    18499080 
    18495081 
    18488092 
    18486169 
    18478569 
    18472119 
    18472052 
    18471683 
    18459948 
    18444331 
    18440577 
    18426875 
    18425222 
    18423504 
    18419586 
    18416881 
    18416249 
    18414649 
    18414646 
    18409478 
    18385343 
    18374376 
    18366784 
    18354470 
    18345010 
    18329981 
    18329020 
    18314284 
    18314149 
    18299649 
    18285496 
    18278284 
    18273035 
    18261254 
    18259777 
    18256420 
    18253140 
    18237732 
    18235848 
    18207118 
    18202444 
    18197249 
    18193481 
    18187797 
    18186976 
    18177822 
    18177680 
    18086015 
    18071750 
    18001742 
    17996914 
    17996207 
    17990928 
    17942645 
    17922869 
    17920605 
    17905371 
    17825305 
    17631966 
    20353129 
    19434989 
    19434988 
    18689281 
    18686258 
    18442002 
    18441905 
    18441887 
    18431992 
    18383806 
    18383793 
    18383792 
    18350985 
    18338685 
    18257996 
    18236739 
    18209943 
    18165528 
    18165526 
    18090276 
    18076550 
    18060086 
    18045464 
    18038797 
    18038771 
    18022808 
    18021678 
    18021364 
    18020217 
    18019804 
    18005467 
    17992416 
    17992403 
    17985596 
    17978070 
    17978069 
    17968826 
    17962881 
    17956717 
    17952294 
    17939751 
    17937340 
    17913547 
    17907745 
    17896619 
    17894632 
    17890791 
    17883465 
    17881756 
    17877876 
    17876171 
    17854081 
    17824308 
    17805526 
    17767713 
    17727035 
    17716429 
    17708352 
    17691438 
    17674306 
    17665664 
    17659278 
    17653482 
    17653473 
    17653469 
    17643432 
    17643433 
    17639711 
    17639692 
    17639243 
    17625697 
    17606217 
    17604523 
    17603885 
    17588287 
    17583713 
    17580576 
    17568947 
    17568903 
    17561718 
    17556625 
    17555783 
    17550469 
    17550468 
    17544802 
    17539243 
    17534016 
    17521654 
    17507019 
    17488923 
    17488922 
    17488920 
    17488296 
    17476530 
    17466450 
    17464867 
    17447029 
    17437478 
    17432519 
    17426890 
    17377821 
    17368699 
    17357767 
    17354130 
    17328226 
    17323139 
    17318582 
    17313515 
    17311341 
    17310394 
    17308729 
    17283188 
    17278204 
    17261246 
    17241663 
    17229591 
    17224047 
    17222846 
    17221090 
    17196594 
    17188764 
    17160074 
    17156580 
    17096873 
    17064746 
    17019080 
    16890257 
    16824566 
    16786317 
    16765398 
    20353134 
    18689269 
    18254501 
    17366974 
    17361824 
    17361690 
    17308800 
    17308796 
    17308795 
    17308794 
    17308793 
    17308786 
    17308775 
    17308762 
    17308760 
    17308757 
    17308751 
    17308749 
    17308748 
    17308747 
    17308745 
    17308743 
    17304818 
    17274848 
    17180592 
    17172364 
    17172363 
    17172362 
    17160322 
    17153713 
    17153699 
    17141165 
    17136018 
    17130880 
    17123992 
    17123985 
    17119755 
    17113242 
    17097002 
    17094631 
    17075485 
    17073109 
    17069742 
    17058618 
    17045559 
    17044903 
    17015735 
    17013799 
    17007463 
    16997268 
    16990420 
    16988248 
    16958018 
    16953953 
    16951805 
    16942390 
    16936268 
    16927859 
    16916140 
    16913555 
    16906256 
    16906252 
    16903891 
    16896133 
    16884635 
    16884623 
    16868833 
    16862917 
    16862906 
    16847958 
    16847506 
    16842935 
    16841866 
    16837713 
    16822596 
    16822551 
    16821442 
    16817994 
    16814294 
    16806222 
    16805228 
    16800126 
    16798718 
    16790771 
    16785716 
    16783371 
    16772006 
    16765950 
    16765394 
    16764709 
    16762112 
    16759658 
    16756654 
    16750833 
    16734606 
    16730013 
    16714563 
    16709874 
    16705587 
    16699658 
    16696981 
    16690357 
    16687687 
    16687686 
    16686356 
    16682480 
    16647836 
    16644144 
    16639309 
    16636847 
    16633832 
    16632601 
    16628669 
    16627960 
    16624274 
    16620892 
    16614117 
    16612506 
    16580400 
    16572713 
    16568679 
    16557547 
    16553932 
    16552047 
    16547578 
    16528439 
    16525112 
    16519990 
    16519583 
    16509062 
    16499980 
    16499665 
    16492363 
    16487952 
    16474094 
    16473318 
    16470124 
    16469168 
    16443246 
    16428771 
    16418873 
    16417713 
    16416239 
    16414223 
    16406034 
    16404738 
    16398756 
    16386231 
    16380294 
    16378628 
    16359714 
    16355348 
    16326742 
    16219330 
    16216544 
    16210901 
    17977219 
    17633010 
    16761668 
    16734140 
    16638240 
    16610638 
    16602459 
    16566202 
    16444376 
    16425741 
    16425355 
    16410936 
    16400801 
    16388282 
    16363291 
    16354824 
    16333906 
    16333884 
    16324407 
    16308474 
    16301741 
    16300010 
    16300009 
    16297167 
    16288382 
    16282311 
    16282310 
    16272278 
    16256058 
    16256050 
    16235057 
    16227793 
    16207482 
    16197880 
    16188216 
    16179032 
    16172761 
    16172719 
    16168945 
    16165128 
    16160717 
    16156972 
    16155001 
    16153318 
    16153313 
    16153312 
    16143289 
    16143288 
    16141997 
    16138851 
    16138849 
    16138848 
    16138847 
    16138844 
    16138195 
    16131912 
    16125194 
    16113896 
    16113891 
    16107967 
    16106784 
    16103605 
    16103604 
    16091903 
    16091508 
    16082486 
    16082475 
    16082473 
    16076063 
    16051574 
    16044680 
    16042197 
    16041282 
    16038401 
    16038357 
    16004707 
    16000432 
    15996461 
    15996460 
    15996459 
    15992532 
    15987342 
    15971548 
    15970682 
    15967366 
    15964953 
    15960703 
    15956175 
    15952091 
    15928434 
    15927317 
    15925597 
    15909710 
    15906645 
    15895188 
    15881004 
    15879126 
    15866471 
    15856396 
    15838791 
    15838790 
    15837605 
    15817765 
    15814743 
    15814039 
    15813722 
    15794687 
    15784598 
    15776378 
    15772328 
    15759334 
    15756299 
    15747129 
    15741544 
    15735581 
    15734662 
    15734657 
    15725385 
    15717093 
    15717092 
    15710554 
    15699423 
    15692642 
    15691467 
    15655786 
    15652334 
    15652332 
    15652331 
    15652327 
    15644127 
    15642276 
    15632235 
    15616856 
    15607341 
    15585328 
    15490172 
    17298129 
    17298128 
    16916052 
    16734116 
    16454894 
    15931361 
    15830877 
    15771685 
    15770048 
    15763973 
    15724388 
    15724383 
    15715129 
    15679635 
    15679634 
    15663810 
    15654420 
    15642972 
    15642971 
    15615385 
    15610578 
    15596012 
    15590562 
    15587320 
    15587313 
    15587151 
    15587150 
    15583265 
    15575992 
    15569782 
    15569345 
    15563410 
    15546483 
    15544703 
    15542097 
    15541229 
    15539523 
    15533288 
    15529268 
    15509682 
    15508344 
    15499545 
    15499536 
    15495993 
    15486649 
    15486648 
    15486646 
    15486645 
    15486643 
    15486640 
    15486639 
    15486637 
    15486634 
    15486633 
    15486631 
    15486630 
    15485701 
    15477190 
    15471549 
    15453125 
    15450118 
    15448670 
    15388264 
    15381813 
    15373980 
    15361973 
    15361240 
    15361239 
    15361236 
    15361113 
    15361112 
    15353964 
    15338573 
    15330068 
    15329320 
    15327187 
    15314235 
    15313179 
    15306712 
    15306711 
    15305704 
    15303998 
    15288822 
    15287177 
    15287168 
    15285838 
    15281456 
    15277648 
    15272737 
    15272413 
    15272197 
    15270862 
    15268869 
    15265923 
    15264164 
    15264001 
    15257799 
    15256525 
    15256320 
    15251399 
    15249044 
    15243939 
    15243378 
    15243377 
    15242371 
    15238697 
    15229227 
    15228488 
    15224781 
    15220944 
    15217737 
    15217731 
    15213147 
    15211965 
    15198643 
    15193562 
    15193558 
    15189470 
    15180032 
    15177146 
    15176948 
    15158685 
    15155645 
    15154012 
    15148772 
    15147584 
    15138194 
    15134321 
    15125519 
    15124747 
    15121048 
    15116714 
    15109553 
    15105022 
    15104159 
    15104158 
    15104157 
    15104156 
    15104155 
    15104154 
    15104153 
    15104152 
    15104151 
    15104150 
    15104149 
    15104148 
    15102772 
    15102330 
    15100463 
    15100462 
    15099813 
    15084707 
    15081951 
    15081950 
    15081948 
    15081947 
    15081942 
    15078264 
    15075328 
    15072060 
    15059190 
    15042188 
    15036656 
    15031780 
    15019278 
    15000731 
    14999608 
    14996368 
    14996367 
    14990715 
    14989532 
    14971699 
    14971697 
    14968219 
    14965872 
    14964813 
    14959982 
    14759233 
    14742613 
    14742514 
    14739104 
    14728619 
    14707108 
    14702835 
    14700588 
    14699044 
    14690486 
    14678388 
    14678327 
    14652048 
    16117973 
    15796414 
    15748049 
    15719617 
    15719615 
    15307437 
    15259459 
    15228260 
    15157025 
    15115115 
    15115114 
    15115074 
    15108515 
    15108513 
    15053779 
    15049115 
    15005518 
    14999356 
    14998299 
    14964670 
    14964649 
    14870620 
    14754494 
    14708863 
    14708852 
    14708847 
    14708844 
    14700188 
    14689364 
    14665394 
    14665393 
    14665389 
    14665383 
    14641846 
    14641687 
    14640953 
    14640503 
    14636985 
    14636979 
    14632650 
    14629763 
    14628951 
    14628379 
    14618497 
    14613631 
    14613630 
    14613629 
    14607968 
    14598816 
    14595489 
    14595468 
    14595449 
    14584366 
    14582295 
    14582294 
    14582293 
    14582291 
    14573694 
    14573661 
    14562596 
    14562594 
    14533674 
    14529537 
    14516925 
    14516923 
    14511559 
    14500488 
    14500462 
    13678637 
    12973350 
    12972187 
    12965906 
    12956851 
    12954496 
    12941484 
    12941480 
    12941479 
    12939136 
    12937729 
    12932753 
    12932101 
    12922004 
    12911728 
    12901933 
    12895287 
    12891752 
    12887022 
    12887021 
    12886815 
    12886814 
    12885186 
    12884597 
    12879820 
    12877738 
    12875296 
    12872529 
    12826298 
    12809587 
    12806456 
    12791104 
    12791062 
    12764515 
    12764454 
    12757691 
    12753436 
    12745147 
    12745141 
    12745133 
    12743683 
    12743556 
    12741097 
    12739806 
    12716389 
    12700805 
    12700619 
    12696017 
    12696007 
    12695908 
    12694982 
    12687757 
    12685632 
    12670325 
    12667151 
    12666880 
    12662421 
    12659971 
    12642601 
    12636351 
    12586470 
    12584643 
    12581434 
    12581433 
    12556143 
    12535255 
    12535254 
    12535248 
    12534951 
    12473309 
    17216977 
    15330573 
    12962595 
    12789093 
    12654092 
    12643095 
    12625941 
    12625676 
    12621681 
    12599914 
    12596654 
    12596653 
    12596382 
    12596369 
    12568042 
    12537629 
    12512825 
    12512814 
    12512810 
    12512802 
    12509099 
    12503300 
    12498994 
    12497985 
    12490087 
    12476492 
    12474480 
    12474477 
    12474469 
    12474468 
    12467564 
    12447751 
    12439807 
    12429428 
    12426617 
    12426616 
    12426614 
    12426613 
    12426612 
    12426611 
    12426610 
    12426605 
    12426604 
    12426596 
    12426592 
    12426590 
    12426588 
    12426585 
    12425482 
    12414775 
    12408665 
    12404164 
    12390411 
    12387908 
    12380867 
    12379948 
    12379947 
    12379664 
    12377245 
    12244399 
    12244379 
    12241930 
    12240565 
    12224581 
    12219148 
    12214936 
    12214929 
    12214928 
    12214913 
    12214630 
    12205023 
    12202589 
    12201588 
    12201402 
    12194709 
    12193234 
    12176856 
    12164605 
    12164288 
    12135287 
    12133617 
    12131289 
    12125335 
    12124497 
    12121672 
    12118276 
    12100735 
    12100447 
    12099412 
    12097398 
    12094224 
    12093145 
    12088860 
    12088853 
    12080978 
    12080977 
    12080975 
    12062555 
    12062494 
    12055818 
    12054021 
    12054019 
    12050167 
    12049454 
    12049272 
    12048569 
    12044279 
    12039673 
    12034094 
    12028406 
    12023772 
    12023771 
    12020891 
    12020885 
    12008041 
    12004997 
    12003064 
    11992163 
    11992157 
    11984610 
    11983601 
    11980603 
    11965259 
    11960416 
    11957026 
    11927088 
    11925985 
    11925983 
    11904104 
    11876725 
    11860033 
    11859276 
    11854090 
    11852760 
    11851957 
    11849642 
    11841700 
    11832297 
    11832285 
    11821256 
    11811800 
    11801220 
    11773451 
    11756987 
    18432750 
    12571996 
    12557948 
    12557939 
    12557927 
    12471747 
    12455404 
    12211728 
    12201025 
    12170944 
    12002103 
    12002101 
    11980283 
    11944719 
    11935373 
    11935088 
    11872396 
    11846722 
    11842728 
    11802273 
    11791970 
    11784423 
    11776720 
    11769294 
    11769288 
    11769285 
    11769282 
    11769280 
    11757747 
    11747748 
    11744941 
    11738752 
    11737838 
    11737837 
    11730781 
    11726299 
    11719112 
    11715906 
    11715336 
    11709472 
    11709285 
    11706672 
    11703840 
    11703808 
    11699321 
    11696199 
    11696167 
    11696162 
    11695723 
    11679932 
    11679130 
    11676071 
    11672470 
    11668412 
    11600225 
    11598841 
    11594791 
    11586444 
    11586443 
    11586440 
    11586441 
    11586439 
    11586436 
    11586435 
    11586433 
    11586432 
    11586429 
    11586427 
    11586426 
    11586425 
    11586423 
    11586422 
    11579895 
    11579893 
    11574911 
    11561710 
    11556584 
    11555438 
    11555437 
    11555424 
    11551310 
    11536174 
    11534639 
    11526391 
    11523455 
    11522749 
    11522140 
    11516371 
    11500037 
    11495033 
    11491002 
    11487372 
    11485090 
    11478448 
    11471107 
    11469950 
    11469948 
    11468438 
    11454244 
    11454245 
    11452324 
    11450661 
    11429526 
    11429173 
    11427595 
    11412803 
    11395810 
    11394352 
    11393827 
    11378144 
    11378143 
    11378142 
    11378141 
    11378014 
    11359443 
    11355564 
    11349025 
    11346982 
    11346981 
    11346977 
    11346976 
    11345060 
    11342901 
    11336748 
    11330777 
    11320767 
    11311476 
    11311457 
    11311188 
    11306914 
    11302148 
    11302147 
    11299039 
    11299032 
    11293163 
    11284248 
    11280069 
    11280068 
    11280060 
    11272646 
    11263461 
    11260180 
    11251910 
    11251909 
    11251524 
    11237814 
    11226455 
    11197765 
    11124843 
    11119511 
    17216928 
    12858892 
    12567731 
    12567723 
    12567716 
    12567704 
    12567691 
    12567685 
    12567684 
    12567673 
    12567667 
    12567639 
    12567466 
    12567463 
    12546056 
    12463032 
    12212187 
    12197350 
    11775324 
    11436599 
    11436587 
    11426576 
    11421370 
    11414459 
    11388504 
    11357987 
    11289679 
    11256353 
    11227766 
    11227763 
    11198650 
    11198389 
    11198388 
    11196391 
    11193693 
    11186732 
    11162373 
    11155931 
    11147038 
    11139716 
    11137487 
    11133023 
    11132384 
    11132383 
    11132373 
    11128802 
    11127350 
    11125338 
    11123824 
    11118616 
    11107544 
    11101053 
    11100444 
    11095260 
    11095252 
    11085237 
    11085224 
    11080508 
    11077955 
    11077269 
    11076716 
    11072677 
    11072523 
    11069402 
    11064760 
    11064579 
    11060486 
    11044270 
    11038320 
    11035098 
    11030060 
    11027746 
    11027743 
    11025158 
    10996985 
    10996129 
    10996127 
    10996126 
    10996124 
    10996123 
    10996122 
    10996119 
    10995096 
    10995094 
    10994353 
    10989786 
    10989785 
    10987111 
    10975001 
    10973151 
    10967599 
    10959806 
    10946522 
    10946514 
    10946506 
    10929143 
    10923230 
    10917123 
    10910711 
    10900475 
    10886718 
    10885183 
    10882905 
    10882605 
    10881283 
    10874720 
    10849370 
    10849306 
    10840980 
    10827869 
    10827435 
    10826425 
    10823801 
    10813505 
    10813504 
    10813503 
    10813502 
    10813501 
    10813500 
    10813499 
    10813498 
    10813497 
    10813496 
    10813492 
    10812739 
    10811280 
    10800196 
    10796552 
    10796476 
    10791204 
    10786030 
    10776745 
    10773705 
    10768975 
    10761735 
    10761724 
    10761720 
    10760187 
    10748910 
    10748904 
    10747282 
    10747281 
    10747267 
    10744504 
    10727319 
    10726277 
    10726264 
    10719121 
    10719119 
    10712729 
    10708014 
    10706967 
    10706966 
    10689237 
    10689112 
    10675174 
    10673085 
    10672208 
    10672206 
    10671890 
    10669141 
    10668735 
    10652491 
    10643911 
    10637583 
    17216955 
    12953997 
    12563835 
    12563826 
    12563796 
    12561931 
    12561913 
    12561903 
    12561897 
    12561894 
    12561882 
    12016787 
    11762445 
    11625622 
    11593576 
    11269278 
    10881109 
    10791925 
    10734791 
    10725800 
    10715699 
    10701201 
    10696422 
    10696404 
    10695783 
    10694162 
    10674091 
    10674083 
    10666776 
    10638946 
    10633918 
    10607922 
    10605512 
    10605496 
    10605495 
    10605485 
    10603572 
    10603571 
    10603570 
    10603568 
    10603566 
    10603565 
    10602539 
    10589899 
    10588769 
    10586908 
    10586907 
    10583866 
    10571025 
    10562829 
    10559846 
    10557147 
    10556825 
    10548300 
    10544683 
    10532664 
    10526537 
    10520373 
    10518143 
    10515830 
    10504865 
    10499078 
    10499077 
    10499076 
    10497994 
    10489244 
    10481960 
    10481149 
    10479161 
    10474648 
    10474638 
    10472583 
    10472580 
    10472579 
    10472448 
    10470202 
    10466983 
    10466982 
    10465055 
    10465054 
    10465049 
    10464386 
    10463684 
    10463669 
    10461228 
    10461167 
    10461159 
    10456917 
    10454795 
    10452621 
    10450436 
    10446442 
    10442201 
    10441577 
    10433795 
    10432054 
    10432047 
    10430366 
    10428643 
    10427932 
    10423955 
    10413050 
    10403328 
    10403323 
    10403322 
    10403320 
    10402968 
    10399598 
    10383082 
    10377125 
    10377116 
    10370380 
    10369186 
    10363721 
    10352649 
    10352306 
    10348995 
    10348370 
    10348244 
    10348229 
    10344659 
    10344658 
    10344647 
    10340330 
    10320657 
    10320623 
    10228363 
    10228074 
    10228073 
    10227026 
    10206116 
    10203020 
    10094195 
    10089635 
    10080152 
    10072158 
    10070667 
    10068597 
    10067741 
    10065636 
    10048962 
    10029916 
    10029905 
    9932856 
    9924961 
    9916070 
    9889217 
    9884825 
    17217033 
    15281315 
    12294423 
    12078293 
    12078277 
    12078266 
    12078234 
    12078226 
    11189385 
    10660931 
    10493063 
    10492945 
    10456120 
    10396345 
    10376281 
    10374370 
    10326120 
    10326109 
    10326107 
    10326106 
    10214452 
    10030070 
    10021790 
    9990644 
    9951750 
    9925270 
    9924535 
    9921372 
    9921371 
    9921370 
    9921369 
    9921363 
    9921362 
    9921346 
    9921339 
    9921338 
    9921334 
    9921333 
    9921328 
    9921326 
    9921325 
    9920341 
    9914712 
    9914697 
    9914695 
    9889961 
    9887571 
    9886209 
    9883929 
    9879562 
    9878917 
    9876440 
    9876436 
    9876435 
    9873987 
    9861417 
    9861396 
    9861359 
    9861358 
    9854493 
    9850407 
    9850386 
    9846854 
    9840597 
    9840596 
    9840595 
    9836197 
    9836196 
    9835152 
    9830730 
    9830202 
    9820850 
    9810489 
    9809919 
    9806874 
    9797510 
    9797505 
    9796183 
    9790428 
    9785670 
    9780189 
    9773194 
    9767602 
    9767601 
    9764316 
    9759176 
    9755562 
    9755561 
    9754668 
    9754667 
    9754666 
    9749635 
    9748601 
    9735935 
    9722204 
    9720844 
    9717645 
    9717196 
    9715952 
    9715951 
    9715950 
    9713543 
    9712813 
    9711345 
    9711318 
    9707682 
    9707670 
    9707363 
    9706743 
    9698853 
    9698772 
    9698111 
    9698100 
    9697734 
    9692172 
    9692165 
    9692154 
    9692147 
    9692137 
    9686196 
    9684644 
    9684626 
    9684602 
    9670833 
    9659843 
    9658427 
    9657504 
    9652458 
    9651922 
    9639905 
    9634124 
    9625614 
    9623935 
    9623934 
    9617038 
    9617037 
    9602373 
    9598459 
    9597243 
    9594998 
    9593363 
    9593361 
    9593042 
    9593026 
    9592128 
    9576502 
    9574785 
    9569060 
    9568797 
    9566792 
    9553158 
    9531825 
    9531321 
    9522499 
    9515818 
    9506383 
    9504492 
    9500781 
    9484712 
    9477702 
    9469463 
    9451403 
    17214148 
    10073013 
    10072982 
    9881116 
    9698910 
    9685990 
    9661305 
    9656359 
    9612779 
    9612777 
    9579213 
    9579210 
    9571696 
    9566246 
    9566243 
    9566244 
    9566240 
    9566239 
    9566238 
    9566227 
    9566220 
    9513172 
    9513160 
    9513158 
    9513156 
    9509626 
    9509169 
    9492919 
    9492912 
    9491106 
    9491101 
    9488937 
    9463682 
    9463666 
    9463658 
    9460256 
    9447776 
    9445922 
    9444004 
    9438475 
    9432187 
    9430532 
    9425821 
    9425808 
    9412343 
    9407383 
    9406783 
    9394523 
    9394521 
    9394192 
    9392598 
    9392596 
    9386797 
    9385849 
    9373648 
    9373636 
    9367736 
    9365301 
    9364555 
    9359737 
    9350291 
    9347969 
    9347965 
    9340240 
    9337006 
    9329608 
    9324895 
    9315121 
    9315040 
    9311752 
    9311651 
    9311650 
    9311646 
    9311634 
    9307661 
    9307079 
    9304009 
    9303205 
    9300461 
    9292894 
    9292149 
    9288824 
    9288816 
    9288809 
    9288808 
    9287190 
    9280190 
    9278946 
    9277012 
    9270735 
    9267400 
    9264005 
    9261940 
    9257970 
    9254047 
    9248764 
    9246214 
    9242311 
    9239437 
    9238039 
    9236822 
    9231221 
    9231216 
    9231205 
    9231198 
    9231197 
    9231190 
    9230801 
    9227802 
    9227799 
    9207389 
    9207268 
    9203963 
    9203682 
    9197395 
    9197386 
    9196777 
    9196775 
    9196755 
    9196752 
    9196497 
    9195681 
    9194098 
    9192711 
    9192707 
    9180601 
    9180600 
    9177580 
    9177093 
    9174407 
    9160690 
    9158048 
    9145570 
    9134427 
    9129435 
    9121418 
    9120909 
    9120021 
    9114177 
    9107025 
    9103446 
    9097549 
    9097539 
    9097532 
    9097526 
    9097522 
    9097085 
    9093622 
    9089917 
    9089726 
    9087185 
    9084036 
    9080867 
    9079280 
    9076810 
    9076525 
    9063371 
    9059941 
    9051920 
    9043517 
    9043502 
    9037622 
    9037450 
    9026832 
    9023465 
    9022009 
    8977203 
    17217003 
    17214186 
    12463016 
    12463015 
    12463014 
    12321483 
    10967991 
    9283659 
    9283641 
    9275331 
    9226701 
    9226679 
    9223173 
    9223157 
    9223156 
    9223152 
    9201353 
    9137744 
    9137655 
    9099926 
    9031396 
    9028413 
    9028412 
    9028411 
    9028410 
    9028409 
    9028408 
    9027538 
    9026595 
    8998411 
    8997864 
    8991917 
    8988310 
    8985756 
    8980599 
    8977818 
    8966311 
    8965604 
    8964244 
    8960204 
    8960195 
    8947605 
    8943860 
    8943408 
    8940966 
    8940965 
    8940964 
    8940963 
    8932780 
    8929095 
    8927951 
    8926066 
    8918051 
    8918048 
    8918046 
    8918041 
    8911450 
    8909380 
    8898462 
    8898461 
    8896524 
    8882187 
    8882178 
    8882173 
    8872967 
    8870697 
    8854004 
    8853260 
    8842126 
    8842117 
    8841190 
    8840611 
    8837591 
    8833727 
    8825438 
    8817168 
    8813914 
    8811848 
    8793420 
    8790772 
    8786216 
    8780463 
    8780452 
    8776371 
    8769641 
    8768585 
    8767791 
    8765453 
    8764451 
    8762407 
    8758095 
    8758077 
    8757703 
    8755934 
    8754652 
    8754644 
    8741717 
    8730312 
    8728993 
    8721240 
    8721239 
    8721234 
    8718785 
    8713606 
    8713604 
    8713603 
    8706238 
    8704539 
    8702023 
    8698022 
    8693370 
    8686776 
    8685788 
    8684827 
    8681472 
    8674500 
    8666802 
    8666077 
    8665387 
    8665383 
    8665382 
    8653761 
    8652843 
    8652437 
    8648117 
    8647223 
    8647218 
    8647180 
    8644912 
    8638328 
    8628537 
    8627078 
    8627077 
    8625870 
    8621968 
    8619439 
    8617350 
    8617346 
    8615445 
    8615440 
    8613397 
    8613387 
    8587800 
    8561075 
    8552619 
    8549049 
    8537675 
    17214166 
    8825115 
    8798955 
    8749429 
    8745938 
    8732081 
    8731261 
    8689984 
    8650738 
    8650737 
    8650736 
    8636615 
    8634229 
    8610538 
    8594666 
    8591639 
    8591638 
    8591017 
    8586860 
    8582969 
    8575423 
    8574433 
    8570579 
    8561273 
    8561256 
    8560522 
    8560521 
    8552987 
    8544228 
    8544226 
    8542803 
    8531670 
    8531667 
    8531664 
    8531662 
    8531653 
    8531651 
    8531649 
    8527552 
    8526895 
    8520010 
    7900435 
    7895445 
    7875683 
    7872453 
    7861481 
    7844379 
    7836929 
    7828378 
    7821405 
    7796771 
    7796762 
    7796748 
    7788890 
    7787449 
    7787444 
    7785523 
    7784306 
    7783280 
    7782029 
    7780448 
    7778151 
    7769906 
    7767983 
    7760180 
    7753522 
    7747334 
    7747306 
    7742435 
    7742430 
    7737292 
    7727191 
    7724238 
    7723893 
    7714938 
    7714937 
    7677219 
    7677216 
    7668919 
    7668918 
    7665948 
    7665943 
    7665938 
    7665927 
    7665061 
    7661644 
    7660432 
    7637062 
    7620049 
    7611980 
    7611564 
    7602170 
    7602159 
    7602117 
    7598827 
    7597320 
    7594673 
    7591063 
    7589272 
    7588139 
    7572428 
    7570876 
    7569646 
    7567134 
    7566630 
    7566250 
    7563253 
    7554166 
    7551254 
    7551246 
    7550439 
    7545117 
    7543459 
    7541026 
    7540743 
    7540518 
    7498046 
    7494645 
    7494642 
    7487231 
    7487230 
    7481467 
    7481465 
    7472866 
    10139471 
    9140485 
    8524054 
    8314265 
    8306504 
    8203708 
    8203707 
    8203706 
    8203304 
    8203296 
    8192963 
    8191233 
    8169447 
    8169441 
    8152830 
    8149471 
    8137314 
    8119110 
    8118891 
    8085764 
    8082154 
    8080828 
    8077757 
    8077739 
    8074253 
    8073544 
    8072305 
    8067320 
    8067319 
    8067318 
    8064941 
    8061163 
    8059914 
    8058368 
    8055760 
    8052509 
    8052507 
    8049291 
    8036691 
    8030995 
    8024065 
    8024064 
    8016489 
    8011824 
    8011815 
    8009216 
    7997850 
    7994903 
    7992326 
    7992322 
    7991523 
    7983984 
    7982748 
    7979640 
    7979625 
    7978075 
    7959574 
    7959352 
    7956863 
    7954730 
    7944676 
    7941001 
    7939160 
    7938960 
    7935604 
    7932921 
    7930740 
    7930452 
    7925063 
    7909326 
    7905141 
    7893177 
    7887338 
    7887337 
    7886759 
    7882413 
    7875097 
    7874028 
    7867551 
    7865686 
    7863851 
    7855923 
    7855489 
    7844432 
    7844425 
    7844415 
    7844410 
    7835353 
    7827837 
    7827524 
    7827238 
    7825229 
    7825228 
    7825227 
    7825226 
    7825225 
    7825224 
    7825223 
    7825222 
    7821252 
    7819359 
    7814474 
    7812313 
    7810826 
    7810384 
    7800412 
    7799574 
    7778952 
    7778951 
    7778950 
    7778949 
    7778948 
    7756581 
    7746870 
    7746128 
    7739676 
    7732262 
    7716395 
    7715071 
    7709871 
    7709861 
    7709316 
    7616054 
    7604749 
    7570847 
    7570817 
    7569620 
    7569604 
    7533491 
    7533137 
    7523323 
    7517028 
    7516309 
    7513011 
    7510039 
    7510027 
    8561526 
    8517484 
    8513780 
    8513725 
    8511812 
    8505774 
    8499320 
    8496000 
    8490984 
    8490983 
    8482883 
    8482864 
    8479445 
    8475026 
    8473763 
    8465393 
    8459482 
    8457979 
    8456934 
    8450408 
    8445042 
    8438746 
    8436099 
    8432659 
    8427391 
    8423581 
    8419485 
    8419165 
    8412593 
    8408548 
    8376879 
    8376875 
    8376874 
    8376870 
    8376860 
    8376848 
    8376847 
    8361775 
    8354416 
    8352395 
    8345542 
    8341908 
    8341904 
    8341907 
    8341905 
    8341903 
    8337726 
    8337725 
    8337718 
    8337708 
    8333567 
    8332381 
    8331180 
    8327076 
    8320660 
    8316412 
    8298658 
    8296370 
    8296365 
    8292916 
    8287860 
    8279643 
    8279638 
    8279637 
    8278754 
    8277170 
    8273181 
    8273180 
    8266409 
    8266408 
    8266400 
    8261501 
    8259482 
    8257946 
    8257922 
    8256094 
    8256093 
    8256092 
    8254164 
    8250627 
    8249077 
    8249064 
    8240935 
    8236404 
    8236391 
    8236381 
    8225750 
    8225573 
    8224084 
    8222913 
    8222906 
    8219789 
    8215115 
    8214269 
    8211260 
    8192538 
    8168242 
    8141624 
    8139434 
    8132960 
    8122916 
    8115806 
    8115792 
    8115176 
    8110979 
    8105816 
    8103623 
    8102968 
    8096109 
    8096108 
    8077040 
    8026352 
    7903838 
    7900975 
    7877831 
    7692754 
    7690821 
    7689784 
    7687881 
    7681485 
    7679149 
    7678152 
    7521804 
    7521803 
    7511149 
    7506882 
    7504049 
    1740820 
    1736518 
    1733932 
    1641245 
    1641243 
    1640092 
    1639579 
    1635130 
    1621899 
    1621898 
    1604238 
    1601036 
    1600868 
    1600257 
    1600255 
    1594299 
    1581807 
    1580585 
    1578179 
    1578175 
    1578168 
    1575287 
    1574081 
    1571210 
    1566307 
    1566306 
    1566305 
    1564319 
    1563751 
    1560840 
    1559065 
    1557613 
    1551641 
    1538165 
    1537619 
    1533068 
    1531634 
    1524142 
    1518953 
    1514047 
    1509054 
    1506654 
    1503189 
    1502744 
    1500797 
    1500785 
    1496716 
    1492630 
    1491314 
    1489902 
    1489172 
    1487380 
    1487256 
    1486612 
    1470834 
    1470832 
    1470831 
    1463366 
    1460700 
    1455521 
    1454421 
    1452992 
    1446177 
    1443344 
    1440886 
    1440818 
    1440783 
    1440782 
    1440781 
    1431304 
    1431299 
    1431274 
    1428019 
    1428017 
    1422682 
    1421200 
    1416221 
    1412651 
    1412650 
    1411688 
    1411323 
    1406213 
    1401034 
    1394886 
    1393194 
    1392384 
    1388843 
    1386097 
    1384237 
    1382885 
    1377180 
    1361638 
    1356302 
    1354933 
    1351357 
    1351352 
    1351351 
    1343933 
    1343932 
    1343931 
    1343926 
    1343925 
    1343919 
    1343918 
    1343917 
    1343916 
    1343913 
    1343911 
    1343910 
    1343907 
    1343905 
    1343900 
    1343896 
    1343894 
    1343893 
    1343891 
    1343884 
    1343882 
    1343794 
    1343670 
    1342721 
    1342708 
    1342702 
    1342131 
    1342123 
    1342104 
    1342069 
    1340796 
    1338710 
    1331941 
    1319694 
    1308952 
    1308938 
    1308563 
    1307214 
    1303489 
    1300350 
    1294685 
    1294681 
    1293729 
    1292606 
    1292081 
    1288431 
    1287931 
    1287929 
    1285335 
    12285296 
    2065447 
    2043944 
    2035754 
    2033296 
    2001716 
    1992516 
    1958998 
    1958989 
    1955266 
    1955265 
    1951860 
    1951859 
    1949883 
    1949143 
    1947403 
    1942215 
    1940377 
    1940328 
    1936116 
    1935732 
    1928571 
    1928567 
    1923563 
    1914048 
    1914047 
    1909471 
    1909088 
    1908874 
    1908500 
    1908358 
    1907808 
    1907767 
    1907220 
    1906907 
    1906630 
    1906208 
    1905990 
    1905986 
    1905880 
    1905786 
    1905526 
    1905303 
    1905208 
    1904198 
    1904197 
    1904196 
    1903882 
    1903605 
    1903426 
    1903425 
    1902919 
    1902604 
    1902554 
    1902523 
    1902178 
    1902058 
    1901428 
    1900846 
    1899892 
    1898985 
    1893399 
    1887482 
    1885212 
    1880390 
    1873884 
    1867325 
    1858970 
    1855845 
    1845251 
    1845250 
    1844946 
    1844388 
    1843941 
    1843398 
    1843390 
    1842844 
    1842399 
    1841433 
    1832255 
    1820623 
    1818394 
    1816672 
    1815281 
    1811437 
    1802520 
    1802453 
    1802450 
    1802447 
    1801347 
    1801143 
    1801138 
    1800084 
    1800078 
    1797963 
    1797287 
    1797286 
    1796227 
    1796225 
    1790561 
    1783077 
    1780993 
    1780173 
    1780171 
    1778295 
    1774304 
    1764756 
    1758012 
    1755057 
    1755056 
    1717095 
    1716247 
    1712997 
    1705894 
    1688343 
    1674405 
    1671740 
    1670254 
    1660767 
    1651785 
    2387714 
    2372088 
    2332644 
    2317945 
    2281956 
    2278067 
    2265494 
    2230310 
    2187227 
    2163231 
    2161496 
    2157540 
    2149382 
    2148463 
    2148039 
    2146894 
    2141564 
    2140584 
    2140243 
    2134090 
    2133906 
    2129335 
    2129268 
    2129159 
    2128985 
    2128984 
    2128983 
    2128922 
    2128904 
    2128670 
    2128669 
    2128668 
    2128667 
    2128666 
    2128654 
    2128545 
    2127475 
    2127474 
    2127383 
    2127166 
    2126751 
    2126549 
    2125325 
    2124691 
    2124576 
    2124392 
    2124374 
    2124373 
    2124097 
    2123993 
    2122819 
    2121850 
    2121847 
    2121845 
    2121788 
    2121056 
    2120820 
    2120345 
    2119898 
    2119491 
    2119273 
    2119212 
    2118684 
    2118319 
    2117858 
    2117600 
    2116776 
    2116659 
    2116656 
    2116378 
    2116210 
    2116164 
    2115678 
    2115308 
    2115307 
    2115306 
    2114011 
    2113308 
    2112996 
    2112995 
    2112431 
    2112430 
    2111965 
    2111949 
    2111946 
    2111099 
    2110925 
    2110700 
    2110227 
    2110225 
    2110221 
    2110219 
    2110218 
    2109968 
    2109950 
    2109948 
    2108833 
    2108424 
    2107769 
    2107768 
    2106723 
    2106182 
    2106038 
    2102021 
    2097901 
    1980801 
    1969705 
    1964860 
    1964847 
    1964846 
    1703747 
    1701559 
    1699133 
    1698860 
    1696953 
    1692074 
    1688730 
    2927956 
    2910696 
    2794579 
    2794577 
    2785149 
    2768873 
    2768864 
    2738992 
    2723436 
    2700844 
    2676469 
    2672288 
    2646547 
    2643915 
    2637707 
    2626643 
    2584935 
    2575910 
    2571250 
    2569582 
    2567283 
    2565072 
    2557801 
    2554032 
    2545370 
    2526699 
    2520827 
    2518956 
    2518767 
    2518450 
    2517803 
    2517565 
    2517415 
    2517413 
    2517153 
    2515929 
    2515868 
    2515638 
    2515637 
    2515636 
    2515635 
    2515632 
    2515631 
    2515625 
    2515578 
    2515342 
    2515156 
    2515054 
    2514476 
    2514474 
    2514279 
    2514077 
    2513633 
    2513491 
    2513207 
    2513182 
    2512866 
    2512753 
    2512703 
    2512597 
    2511623 
    2510528 
    2510527 
    2510291 
    2509388 
    2508987 
    2508502 
    2508501 
    2507658 
    2507655 
    2507654 
    2507647 
    2507628 
    2507344 
    2506387 
    2505626 
    2505608 
    2505417 
    2505383 
    2505382 
    2505381 
    2505380 
    2505379 
    2505377 
    2505376 
    2505372 
    2504987 
    2504858 
    2504828 
    2504824 
    2504814 
    2504481 
    2504070 
    2504069 
    2503913 
    2503911 
    2503542 
    2500133 
    2499278 
    2499227 
    2499203 
    2498868 
    2498828 
    2498496 
    2498106 
    2497017 
    2496975 
    2496974 
    2496888 
    2496532 
    2496186 
    2496184 
    2496180 
    2496179 
    2496177 
    2496176 
    2494899 
    2494898 
    2494260 
    2493686 
    2493592 
    2493370 
    2493202 
    2493097 
    2492777 
    2492352 
    2492298 
    2482557 
    2482001 
    2481214 
    2478037 
    2476270 
    2475845 
    2475060 
    2473566 
    3276525 
    3256277 
    3254188 
    3208450 
    3195692 
    3192912 
    3182993 
    3181612 
    3175140 
    3169203 
    3152782 
    3152779 
    3152777 
    3152776 
    3151543 
    3151529 
    3151528 
    3151431 
    3151430 
    3151417 
    3151416 
    3151415 
    3150918 
    3150879 
    3150866 
    3150865 
    3150612 
    3149789 
    3149552 
    3149417 
    3149219 
    3149173 
    3148233 
    3148232 
    3147550 
    3147416 
    3147244 
    3146717 
    3145853 
    3144403 
    3144318 
    3144033 
    3143840 
    3143681 
    3143538 
    3143440 
    3143147 
    3142286 
    3142120 
    3142117 
    3142116 
    3142115 
    3141740 
    3141739 
    3141629 
    3140748 
    3140747 
    3140683 
    3140682 
    3140360 
    3140359 
    3140358 
    3140357 
    3140356 
    3140354 
    3140123 
    3138315 
    3138313 
    3138312 
    3137734 
    3137653 
    3137267 
    3136993 
    3136958 
    3136760 
    3136674 
    3136551 
    3135786 
    3135250 
    3134556 
    3133735 
    3133562 
    3133320 
    3133180 
    3133133 
    3132503 
    3131934 
    3131445 
    3131444 
    3131443 
    3129291 
    3128605 
    3128128 
    3128116 
    3127466 
    3127091 
    3126306 
    3125431 
    3124649 
    3124648 
    3124647 
    3124307 
    3122873 
    3059666 
    3057927 
    3044152 
    3043703 
    3043696 
    2978094 
    2963552 
    2907591 
    2907265 
    2907155 
    2903628 
    2900363 
    2891974 
    2854364 
    2450613 
    2450028 
    2449460 
    2449353 
    2476973 
    2465785 
    2461091 
    2459210 
    2457636 
    2456324 
    3688313 
    3672180 
    3658974 
    3605497 
    3508507 
    3447520 
    3445339 
    3435708 
    3326552 
    3326134 
    3317823 
    3307344 
    3304833 
    3294642 
    3151120 
    3151118 
    3151115 
    3151114 
    3151112 
    3151106 
    3151103 
    3151095 
    3151092 
    3151091 
    3151090 
    3151088 
    3151087 
    3151084 
    3151083 
    3149387 
    3148973 
    3146499 
    3140437 
    3140435 
    3136532 
    3133006 
    3131561 
    3131037 
    3131031 
    3130690 
    3130689 
    3130688 
    3130686 
    3130685 
    3130655 
    3130156 
    3128971 
    3128192 
    3127966 
    3127958 
    3127957 
    3127877 
    3126720 
    3126545 
    3126449 
    3124313 
    3124312 
    3124064 
    3124063 
    3124062 
    3122300 
    3122061 
    3121767 
    3121765 
    3121764 
    3121200 
    3120494 
    3120372 
    3120371 
    3120370 
    3120368 
    3119770 
    3119437 
    3119363 
    3118905 
    3118479 
    3118434 
    3118425 
    3118120 
    3118054 
    3117532 
    3117161 
    3116682 
    3116277 
    3115672 
    3115655 
    3115642 
    3115199 
    3115076 
    3115074 
    3115073 
    3114861 
    3114465 
    3113973 
    3113914 
    3113004 
    3113005 
    3112769 
    3112768 
    3112311 
    3112217 
    3111847 
    3111733 
    3111282 
    3110931 
    3110930 
    3110394 
    3110022 
    3109933 
    3109836 
    3109794 
    3109578 
    3109037 
    3108832 
    3108830 
    3108566 
    3108478 
    3108393 
    3108179 
    3108166 
    3108024 
    3107847 
    3107591 
    3107371 
    3106556 
    3106521 
    3106519 
    3104624 
    3102755 
    3102128 
    3101733 
    3101529 
    2978271 
    2962342 
    2953755 
    2953263 
    2891270 
    2828756 
    2447994 
    2445555 
    2442987 
    2440175 
    2438629 
    2434601 
    2474124 
    2455084 
    3539495 
    3531227 
    3521781 
    3515179 
    3152813 
    3152812 
    3152811 
    3150588 
    3124223 
    3120252 
    3118828 
    3112513 
    3111033 
    3111030 
    3111031 
    3111028 
    3111026 
    3111023 
    3110908 
    3109751 
    3108616 
    3107102 
    3105911 
    3105039 
    3103941 
    3103355 
    3103198 
    3102898 
    3102367 
    3100906 
    3100905 
    3100822 
    3100821 
    3100091 
    3099805 
    3099667 
    3099666 
    3099665 
    3099660 
    3099659 
    3099624 
    3099436 
    3099122 
    3098988 
    3098475 
    3098258 
    3098127 
    3098123 
    3098124 
    3097888 
    3097800 
    3097734 
    3097374 
    3097170 
    3097169 
    3097117 
    3096771 
    3095936 
    3095935 
    3095562 
    3095561 
    3094978 
    3094395 
    3094391 
    3094264 
    3094144 
    3094089 
    3093886 
    3093535 
    3093132 
    3092340 
    3092339 
    3092338 
    3092335 
    3092170 
    3092167 
    3091852 
    3091803 
    3089756 
    3089682 
    3089185 
    3089040 
    3089036 
    3089035 
    3089034 
    3088784 
    3088435 
    3088143 
    3088093 
    3087895 
    3087859 
    3087746 
    3087728 
    3087404 
    3087077 
    3087019 
    3086953 
    3086571 
    3086104 
    3085527 
    3084903 
    3084236 
    3084108 
    3083554 
    3083518 
    3083279 
    3082749 
    3082740 
    3082230 
    3082229 
    3081300 
    3080918 
    3079925 
    3011674 
    2942117 
    2941492 
    2940502 
    2938004 
    2937409 
    2882660 
    2879647 
    2874711 
    2873192 
    2869344 
    2867326 
    2430044 
    2429569 
    2425648 
    2423946 
    2422971 
    2419970 
    4095765 
    4085098 
    4067318 
    4040188 
    4040016 
    4038590 
    4037895 
    4037180 
    4037065 
    4035774 
    4035772 
    4035773 
    4035741 
    4035739 
    4032531 
    4032530 
    4032521 
    4032520 
    4026440 
    4025686 
    4023559 
    4023544 
    4023334 
    4020142 
    4016915 
    4011582 
    4008927 
    4008903 
    4008566 
    4006813 
    4006634 
    4006109 
    4004374 
    4003667 
    4003664 
    4002283 
    4001983 
    4001764 
    4000700 
    3994947 
    3994946 
    3994429 
    3992098 
    3991032 
    3990736 
    3990539 
    3988906 
    3987076 
    3986954 
    3985704 
    3985275 
    3985274 
    3977002 
    3975518 
    3970303 
    3970302 
    3966154 
    3939382 
    3939298 
    3939296 
    3939251 
    3939145 
    3938936 
    3938926 
    3938925 
    3938861 
    3938697 
    3938684 
    3938654 
    3938625 
    3938563 
    3938202 
    3938145 
    3938093 
    3938092 
    3938063 
    3937975 
    3937974 
    3937861 
    3937292 
    3937212 
    3937206 
    3936655 
    3936632 
    3936631 
    3936246 
    3936244 
    3936243 
    3936242 
    3936156 
    3936155 
    3935408 
    3935269 
    3935065 
    3934631 
    3934497 
    3934451 
    3933917 
    3932633 
    3931945 
    3931167 
    3930620 
    3929804 
    3928184 
    3906066 
    3898885 
    3897560 
    3897559 
    3897558 
    3894682 
    3890669 
    3890577 
    3890494 
    3889530 
    3887222 
    3886532 
    3882445 
    3875127 
    3872732 
    3872731 
    3161309 
    3160417 
    3160360 
    3159526 
    3155782 
    2994410 
    2989191 
    2989184 
    2936472 
    2865881 
    2865880 
    2861524 
    2859753 
    2858617 
    2422078 
    2422077 
    2422075 
    2411814 
    2411308 
    2409508 
    6747302 
    6745140 
    6742926 
    6738337 
    6736716 
    6736698 
    6736685 
    6735523 
    6732302 
    6731677 
    6729987 
    6729766 
    6726707 
    6725993 
    6715885 
    6713539 
    6710598 
    6710566 
    6710563 
    6705268 
    6699432 
    6698106 
    6697105 
    6696189 
    6696188 
    6690820 
    6609969 
    6583509 
    6570691 
    6548884 
    6543159 
    6542945 
    6542399 
    6542396 
    6542322 
    6540803 
    6540282 
    6539420 
    6538185 
    6536462 
    6536119 
    6535922 
    6535136 
    6533865 
    6529279 
    6527184 
    6525724 
    6524823 
    6524558 
    6523170 
    6522954 
    6521631 
    6517814 
    6516901 
    6516352 
    6512904 
    6512903 
    6512630 
    6512284 
    6508389 
    6507729 
    6507419 
    6506737 
    6506205 
    6500378 
    6498688 
    6497718 
    6497212 
    6489385 
    6489232 
    6488425 
    6488424 
    6486934 
    6486301 
    6486297 
    6486296 
    6486295 
    6485071 
    6483922 
    6482729 
    6482725 
    6482188 
    6480778 
    6476204 
    6475208 
    6474558 
    6473056 
    6471329 
    6470535 
    6469397 
    6467362 
    6464192 
    6464191 
    6464135 
    6464121 
    6464111 
    6464110 
    6464109 
    6463521 
    6442551 
    6441261 
    6440750 
    6437727 
    6433761 
    6433537 
    6432214 
    6431248 
    6429257 
    6427004 
    6426015 
    6424851 
    6419865 
    6399935 
    6399600 
    6399028 
    6399027 
    6398916 
    6398833 
    6395989 
    6395341 
    6393009 
    6392575 
    6392436 
    6391723 
    6391712 
    6390657 
    6390582 
    6390303 
    6387793 
    6387168 
    6382783 
    6379831 
    6376660 
    6373945 
    6371150 
    6370803 
    6369651 
    6369374 
    6367527 
    6366249 
    6335929 
    6335910 
    6334705 
    6332345 
    6331405 
    6329766 
    6325546 
    6242255 
    6241954 
    6239337 
    6234365 
    6233696 
    6231973 
    6231338 
    6228581 
    6209162 
    6205482 
    6198200 
    6098224 
    6088087 
    6084464 
    6888579 
    6887317 
    6887316 
    6882062 
    6879254 
    6879050 
    6879048 
    6879047 
    6877277 
    6873582 
    6872106 
    6870421 
    6868118 
    6863938 
    6861371 
    6859013 
    6854209 
    6850814 
    6850241 
    6842031 
    6839402 
    6837842 
    6835420 
    6835417 
    6835217 
    6829985 
    6826843 
    6826842 
    6822415 
    6689192 
    6687217 
    6686727 
    6685810 
    6683560 
    6683499 
    6681691 
    6679363 
    6679157 
    6678657 
    6676096 
    6673860 
    6673849 
    6673844 
    6673843 
    6673121 
    6673119 
    6672865 
    6666150 
    6663104 
    6663100 
    6660966 
    6660961 
    6659048 
    6656601 
    6656600 
    6656599 
    6653472 
    6653330 
    6650735 
    6649986 
    6649050 
    6646254 
    6645942 
    6645880 
    6641458 
    6638789 
    6637587 
    6636299 
    6634216 
    6631108 
    6631107 
    6630996 
    6625729 
    6625059 
    6625058 
    6625057 
    6623595 
    6622916 
    6622414 
    6618684 
    6618683 
    6617801 
    6617452 
    6613196 
    6606755 
    6604760 
    6602298 
    6601940 
    6601292 
    6600672 
    6580560 
    6575543 
    6549606 
    6433639 
    6413432 
    6412867 
    6409412 
    6403457 
    6401550 
    6380804 
    6370478 
    6370476 
    6368187 
    6363767 
    6361967 
    6361966 
    6359910 
    6357664 
    6355431 
    6351874 
    6351191 
    6351189 
    6347416 
    6344359 
    6344354 
    6344270 
    6343488 
    6343475 
    6340541 
    6338226 
    6338127 
    6337836 
    6337516 
    6337411 
    6336979 
    6325060 
    6323252 
    6314531 
    6314518 
    6305221 
    6301302 
    6238469 
    6227818 
    6225490 
    6220628 
    6196979 
    6187595 
    6186977 
    6186153 
    6185579 
    6185578 
    6138977 
    6138976 
    6138975 
    6138974 
    6138973 
    6138972 
    6138971 
    6136742 
    6136177 
    6136174 
    6133057 
    6132181 
    7202027 
    7201892 
    7199262 
    7188159 
    7188157 
    7188156 
    7188155 
    7188154 
    7188153 
    7186337 
    7181541 
    7179432 
    7179424 
    7179419 
    7179412 
    7177166 
    7170602 
    7170183 
    7169187 
    7168853 
    7168663 
    7167724 
    7166079 
    7165900 
    7165899 
    7165876 
    7164164 
    7164149 
    7164140 
    7160833 
    7156702 
    7156674 
    7154900 
    7153566 
    7153560 
    7153556 
    7151144 
    7149834 
    7149102 
    7148590 
    7146817 
    7146747 
    7145477 
    7144549 
    7142705 
    7141883 
    7136190 
    7134739 
    7128137 
    7126776 
    7126511 
    7125060 
    7124479 
    7123646 
    7123645 
    7123463 
    7121675 
    7120573 
    7116431 
    7112679 
    7112663 
    7112662 
    7105291 
    7105290 
    7105289 
    7105280 
    7104590 
    7102912 
    7102911 
    7102486 
    7097828 
    7096002 
    7087900 
    7086236 
    7086203 
    7084216 
    7082955 
    7082953 
    7082072 
    7081543 
    7081542 
    7078493 
    7072900 
    7072897 
    7071684 
    7071568 
    7071403 
    7069819 
    7059888 
    7058971 
    7051495 
    7050743 
    7050612 
    7048948 
    7042854 
    7042157 
    7041378 
    7041263 
    7038958 
    6984911 
    6984440 
    6983926 
    6983749 
    6982781 
    6982780 
    6982562 
    6980505 
    6979609 
    6979420 
    6979316 
    6979264 
    6979263 
    6978409 
    6960899 
    6957078 
    6954812 
    6926771 
    6890775 
    6890774 
    6890530 
    6890267 
    6819663 
    6816494 
    6814925 
    6812907 
    6812000 
    6803362 
    6765167 
    6764357 
    6764264 
    6762635 
    6762634 
    6761905 
    6760753 
    6760351 
    6759845 
    6756534 
    6753683 
    6753087 
    6753086 
    6750759 
    6750744 
    6750740 
    6460684 
    6301245 
    6289404 
    6222532 
    6215565 
    6212174 
    6188196 
    6184464 
    6182680 
    6182016 
    6181698 
    6179857 
    6179265 
    6126100 
    6123167 
    7465371 
    7462624 
    7451995 
    7451972 
    7349411 
    7348818 
    7348802 
    7348772 
    7347595 
    7347476 
    7347471 
    7347194 
    7345689 
    7344416 
    7344406 
    7344404 
    7343126 
    7343091 
    7342902 
    7342892 
    7342891 
    7342382 
    7342301 
    7340751 
    7339423 
    7332022 
    7330957 
    7330940 
    7330939 
    7330929 
    7330692 
    7330691 
    7325871 
    7325869 
    7325282 
    7325280 
    7324139 
    7324104 
    7319572 
    7318983 
    7308986 
    7308180 
    7305511 
    7305508 
    7305498 
    7303137 
    7303136 
    7303134 
    7299183 
    7296733 
    7294925 
    7292600 
    7287200 
    7285269 
    7281220 
    7281216 
    7280480 
    7280477 
    7278881 
    7278812 
    7276570 
    7274859 
    7272715 
    7271355 
    7271354 
    7271353 
    7269585 
    7258491 
    7256027 
    7247518 
    7246517 
    7245338 
    7244929 
    7241623 
    7232179 
    7222470 
    7220342 
    7218473 
    7218405 
    7215272 
    7212158 
    7210818 
    7200187 
    7198100 
    7197517 
    7197511 
    7195345 
    7195259 
    7195258 
    7195257 
    7195254 
    7195253 
    7195252 
    7195249 
    7195247 
    7045959 
    7045895 
    7044585 
    7034321 
    7032429 
    7030668 
    7025165 
    7024409 
    7021869 
    7019960 
    7018037 
    7018036 
    7016124 
    7016122 
    7015272 
    6976611 
    6976239 
    6976225 
    6976224 
    6976218 
    6974508 
    6974422 
    6974387 
    6972175 
    6942853 
    6817023 
    6805893 
    6793344 
    6789330 
    6453537 
    6275726 
    6268716 
    6264269 
    6260857 
    6217393 
    6185045 
    6172989 
    6168048 
    6123249 
    6111920 
    6109059 
    7472124 
    7471514 
    7469572 
    7469565 
    7469544 
    7466152 
    7466149 
    7465909 
    7462683 
    7461720 
    7460121 
    7458465 
    7458464 
    7455517 
    7455516 
    7455515 
    7455514 
    7455513 
    7455511 
    7455510 
    7455507 
    7455506 
    7455504 
    7455492 
    7446816 
    7446815 
    7446813 
    7445046 
    7445045 
    7444712 
    7443628 
    7439150 
    7436603 
    7435791 
    7435790 
    7434435 
    7434422 
    7434418 
    7433820 
    7429386 
    7427977 
    7426418 
    7422138 
    7421934 
    7421931 
    7421747 
    7414706 
    7413247 
    7408738 
    7406109 
    7406107 
    7406106 
    7404185 
    7402067 
    7402064 
    7402062 
    7402063 
    7402061 
    7393621 
    7393043 
    7389856 
    7386721 
    7386720 
    7385298 
    7383711 
    7379332 
    7377967 
    7376258 
    7369441 
    7366368 
    7366367 
    7366366 
    7366365 
    7366364 
    7362280 
    7358978 
    7352631 
    7352628 
    7352627 
    7348291 
    7312395 
    7268291 
    7232981 
    7213141 
    7213128 
    7210159 
    7210121 
    7210120 
    7210112 
    7190779 
    7189233 
    7014010 
    7013316 
    7012295 
    7010375 
    7008948 
    7006838 
    7006720 
    7006041 
    7006038 
    6999658 
    6999432 
    6999320 
    6998588 
    6996151 
    6995790 
    6995789 
    6994308 
    6989909 
    6986099 
    6986098 
    6975187 
    6971087 
    6969136 
    6969039 
    6968993 
    6968941 
    6966656 
    6902290 
    6821483 
    6782716 
    6782585 
    6780850 
    6778229 
    6776198 
    6772919 
    6772340 
    6770502 
    6449304 
    6449156 
    6448892 
    6447362 
    6256843 
    6245323 
    6245322 
    6159796 
    6155527 
    6111909 
    6106929 
    6106367 
    6104426 
    6102634 
    762435 
    760262 
    575471 
    575177 
    573987 
    572150 
    570202 
    555062 
    555061 
    554097 
    554058 
    553120 
    551379 
    550712 
    550423 
    549210 
    545818 
    543003 
    542983 
    541493 
    540657 
    539856 
    538816 
    538805 
    537491 
    534452 
    534448 
    530045 
    529672 
    527158 
    527159 
    527157 
    519590 
    519476 
    519455 
    518754 
    515674 
    515666 
    515473 
    511629 
    510767 
    508168 
    502084 
    499718 
    498894 
    496699 
    496487 
    496481 
    496480 
    496471 
    496461 
    493061 
    490753 
    485041 
    484768 
    483381 
    483217 
    479975 
    479601 
    473337 
    473330 
    473315 
    473313 
    467910 
    463663 
    458160 
    453899 
    450105 
    448786 
    448192 
    448186 
    448088 
    442186 
    438598 
    437424 
    436702 
    434318 
    434308 
    424717 
    400655 
    400103 
    396698 
    396319 
    396054 
    396053 
    395743 
    393837 
    393422 
    393189 
    390340 
    390086 
    388774 
    387461 
    386258 
    385180 
    380776 
    380021 
    378001 
    376867 
    317672 
    317254 
    316595 
    316594 
    316555 
    315583 
    315212 
    313160 
    312843 
    263647 
    263096 
    263092 
    262824 
    262467 
    261934 
    230422 
    219515 
    158744 
    122130 
    121770 
    120556 
    119088 
    119087 
    118264 
    117055 
    113459 
    111571 
    110163 
    108822 
    107819 
    107817 
    94193 
    92558 
    91674 
    90881 
    90230 
    90093 
    89343 
    87433 
    86307 
    43083 
    38539 
    757893 
    757725 
    757619 
    754619 
    753050 
    753049 
    747438 
    746348 
    744187 
    743807 
    743776 
    741502 
    741319 
    741294 
    739160 
    734719 
    734716 
    734715 
    733280 
    727643 
    727334 
    727322 
    726042 
    726041 
    726031 
    726008 
    725994 
    725427 
    722466 
    722095 
    719847 
    719118 
    718301 
    718300 
    717639 
    717638 
    717637 
    717636 
    715360 
    715255 
    711837 
    709912 
    709581 
    705850 
    705846 
    704031 
    703849 
    702619 
    686244 
    686243 
    685010 
    684418 
    678831 
    677723 
    677365 
    677364 
    675450 
    675442 
    674712 
    668604 
    666395 
    658217 
    657668 
    653801 
    653791 
    653790 
    653221 
    649103 
    646030 
    644655 
    641685 
    635981 
    635971 
    628947 
    628944 
    627103 
    626472 
    626283 
    622684 
    570210 
    565381 
    556281 
    556084 
    555758 
    555757 
    555756 
    555752 
    553266 
    552760 
    549156 
    549155 
    549154 
    416780 
    400362 
    385162 
    383310 
    373026 
    369730 
    364786 
    364672 
    364488 
    363095 
    362958 
    362956 
    354047 
    353958 
    352282 
    349665 
    348448 
    343327 
    313638 
    310737 
    310366 
    310361 
    308406 
    308324 
    307458 
    305593 
    305205 
    232801 
    219489 
    209198 
    152833 
    110648 
    110647 
    106764 
    102211 
    98817 
    96997 
    96743 
    85318 
    84418 
    82737 
    75394 
    31780 
    923928 
    922308 
    921191 
    921190 
    918460 
    917088 
    915602 
    914764 
    907053 
    907051 
    897482 
    897478 
    891819 
    891763 
    889013 
    889012 
    889011 
    883855 
    883011 
    877997 
    877989 
    875915 
    873574 
    872950 
    871844 
    870994 
    869101 
    869100 
    869099 
    864315 
    861565 
    860325 
    860181 
    850287 
    849382 
    849020 
    849019 
    849018 
    849016 
    848648 
    848645 
    842790 
    842789 
    842788 
    842787 
    842771 
    831926 
    752695 
    752691 
    752681 
    618372 
    617921 
    617691 
    617680 
    617678 
    617675 
    617659 
    613965 
    612426 
    610027 
    610025 
    610024 
    608901 
    607078 
    606732 
    606730 
    606375 
    606374 
    606373 
    606372 
    606371 
    605463 
    601429 
    601416 
    598313 
    596513 
    595092 
    594879 
    589779 
    589248 
    588962 
    588939 
    578179 
    572837 
    563637 
    562075 
    559469 
    556933 
    553457 
    553454 
    417826 
    413219 
    402987 
    369265 
    366170 
    340501 
    340071 
    339755 
    336298 
    334273 
    333963 
    329698 
    326274 
    326208 
    326207 
    326069 
    320895 
    320025 
    311041 
    311025 
    305077 
    304396 
    302473 
    300716 
    265699 
    191941 
    191927 
    189253 
    140615 
    97156 
    97155 
    97124 
    71599 
    18911 
    1278073 
    1276065 
    1275524 
    1274385 
    1267508 
    1265822 
    1262688 
    1259089 
    1259088 
    1259076 
    1259074 
    1257668 
    1247859 
    1088516 
    1088515 
    1088407 
    1088305 
    1088109 
    1088097 
    1086971 
    1085945 
    1085942 
    1066941 
    1065330 
    1037435 
    1037390 
    1034358 
    1033955 
    1032369 
    1032292 
    1032138 
    1030267 
    1026424 
    1026216 
    1025243 
    1025233 
    1020744 
    1017847 
    1014066 
    1012745 
    1011286 
    1008127 
    1008126 
    1006805 
    1006804 
    1006760 
    996687 
    987758 
    987024 
    986642 
    986245 
    986082 
    984859 
    984020 
    982548 
    982217 
    981107 
    976246 
    975232 
    971005 
    968460 
    966313 
    965707 
    963890 
    963464 
    961993 
    961979 
    961978 
    961977 
    957463 
    951627 
    948902 
    943963 
    943279 
    940752 
    939668 
    937633 
    937632 
    935905 
    935718 
    841660 
    829718 
    829666 
    829665 
    828870 
    827621 
    816180 
    799235 
    798633 
    797479 
    795311 
    791350 
    789785 
    786125 
    781425 
    779501 
    778761 
    772233 
    193198 
    189421 
    135812 
    65811 
    62206 
    24872 
    8977 
    1241922 
    1240666 
    1238460 
    1236413 
    1236394 
    1235503 
    1235502 
    1235501 
    1232943 
    1230348 
    1230347 
    1230346 
    1228987 
    1224779 
    1223183 
    1219980 
    1219640 
    1216331 
    1216315 
    1200090 
    1198006 
    1196863 
    1190368 
    1190367 
    1188579 
    1188554 
    1184947 
    1181175 
    1181173 
    1181172 
    1181169 
    1175491 
    1175114 
    1169833 
    1167781 
    1166501 
    1166499 
    1163187 
    1155697 
    1153046 
    1153011 
    1145708 
    1145073 
    1140949 
    1135568 
    1131679 
    1131583 
    1129881 
    1127262 
    1124104 
    1122549 
    1119670 
    1119669 
    1119668 
    1118415 
    1114799 
    1112540 
    1111360 
    1107578 
    1107577 
    1101766 
    1101463 
    1096483 
    1092554 
    1092416 
    1092278 
    1091956 
    1091495 
    1082384 
    1082378 
    1080404 
    1080209 
    816695 
    812183 
    811715 
    810988 
    799573 
    769081 
    241625 
    239605 
    238712 
    129419 
    128911 
    126661 
    125058 
    124862 
    124323 
    123165 
    54005 
    52436 
    4856424 
    4854858 
    4854200 
    4852528 
    4852394 
    4852230 
    4847040 
    4845458 
    4845026 
    4843106 
    4837259 
    4834403 
    4830622 
    4826362 
    4817666 
    4817665 
    4817664 
    4817663 
    4817356 
    4817212 
    4816123 
    4814458 
    4619886 
    4619885 
    4619884 
    4619883 
    4619032 
    4617279 
    4616261 
    4614510 
    4614509 
    4611253 
    4608611 
    4599357 
    4596043 
    4596038 
    4594073 
    4587689 
    4549612 
    4549491 
    4480532 
    4480531 
    4478859 
    4477942 
    4471717 
    4471064 
    4471060 
    4471059 
    4471058 
    4470669 
    4470667 
    4469236 
    4469235 
    4469233 
    4462403 
    4462400 
    4462398 
    4456521 
    4456056 
    4455938 
    4452454 
    4451231 
    4451230 
    4447396 
    4445744 
    4431479 
    4429178 
    4427891 
    4427085 
    4426495 
    4424312 
    4421504 
    4420054 
    4419850 
    4419804 
    4418544 
    4417931 
    4411213 
    4377908 
    4369491 
    4362648 
    4361695 
    4279411 
    4220100 
    4219465 
    4218060 
    4216997 
    4214796 
    4214388 
    4209510 
    4206930 
    4142935 
    4137991 
    4805677 
    4804963 
    4804347 
    4803211 
    4799710 
    4799057 
    4795964 
    4795822 
    4791929 
    4789392 
    4788766 
    4788758 
    4788757 
    4785796 
    4785463 
    4785459 
    4784117 
    4779528 
    4779115 
    4779113 
    4778194 
    4778191 
    4770034 
    4763492 
    4761944 
    4761943 
    4760112 
    4757510 
    4753852 
    4747796 
    4747795 
    4737145 
    4730988 
    4729742 
    4726538 
    4723214 
    4722427 
    4721469 
    4717690 
    4717274 
    4711664 
    4709477 
    4706995 
    4706638 
    4698642 
    4694002 
    4688415 
    4684161 
    4683546 
    4632657 
    4599750 
    4596373 
    4591503 
    4589580 
    4589579 
    4583840 
    4579223 
    4577669 
    4574207 
    4569543 
    4569542 
    4543546 
    4542798 
    4518544 
    4366140 
    4353904 
    4352860 
    4219216 
    4219196 
    4209135 
    4206654 
    4205107 
    4202463 
    4200698 
    4200241 
    4200119 
    4198468 
    4147744 
    4144954 
    4130430 
    4128618 
    4127382 
    4123189 
    5085854 
    5085839 
    5083199 
    5073493 
    5070149 
    5065694 
    5053219 
    5052380 
    5048875 
    5048080 
    5045941 
    5043812 
    5038244 
    5038243 
    5035318 
    5031859 
    5028754 
    5024670 
    5016451 
    5013622 
    4680653 
    4680452 
    4679269 
    4679130 
    4678938 
    4677866 
    4677147 
    4673849 
    4673654 
    4670823 
    4669396 
    4665070 
    4664903 
    4661970 
    4661366 
    4659554 
    4653815 
    4653042 
    4648648 
    4648274 
    4647652 
    4647641 
    4646936 
    4646214 
    4645491 
    4641954 
    4640122 
    4635633 
    4634778 
    4634261 
    4633870 
    4628285 
    4628063 
    4627631 
    4624673 
    4623246 
    4577284 
    4567579 
    4562682 
    4562258 
    4560439 
    4558675 
    4558672 
    4558286 
    4552027 
    4540905 
    4540677 
    4540676 
    4540675 
    4540029 
    4540028 
    4539823 
    4539820 
    4538536 
    4509099 
    4405443 
    4404248 
    4343173 
    4341320 
    4340882 
    4336210 
    4334400 
    4119142 
    4117546 
    4114863 
    4113931 
    5573584 
    5573577 
    5564202 
    5555928 
    5545371 
    5286428 
    5173759 
    5169289 
    5169194 
    5168428 
    5168427 
    5163010 
    5162520 
    5162517 
    5159771 
    5159141 
    5157446 
    5155289 
    5149951 
    5145114 
    5144820 
    5136919 
    5136916 
    5131693 
    5127072 
    5111091 
    5105897 
    5098996 
    5098993 
    5005734 
    4947505 
    4946688 
    4945419 
    4941588 
    4941587 
    5535647 
    5531638 
    5525831 
    5524168 
    5520140 
    5514059 
    5507397 
    5504525 
    5503378 
    5497392 
    5495636 
    5476934 
    5470900 
    5466269 
    5465750 
    5453907 
    5453906 
    5430713 
    5429383 
    5426961 
    5425831 
    5310954 
    5310952 
    5309511 
    4993888 
    4991070 
    4932715 
    4920546 
    4920427 
    5824278 
    5821834 
    5821559 
    5817070 
    5814717 
    5775224 
    5768446 
    5409116 
    5408712 
    5406859 
    5402629 
    5387893 
    5383747 
    5376929 
    5365919 
    5357779 
    5345692 
    5308968 
    5308698 
    5307608 
    5307237 
    5259286 
    4998218 
    4983826 
    4983052 
    4981213 
    4980588 
    4919277 
    4898961 
    4885009 
    5761083 
    5753392 
    5713778 
    5703695 
    5692783 
    5676659 
    5674537 
    5671535 
    5659235 
    5658192 
    5645335 
    5308665 
    5304436 
    4922836 
    4884981 
    4884636 
    4884032 
    4877078 
    4866291 
    4386695 
    4181046 
    4169327 
    6081156 
    6080671 
    6078920 
    6077514 
    6077484 
    6070295 
    6065377 
    6042904 
    6036476 
    6023680 
    5631075 
    5625700 
    5625699 
    5625698 
    5624750 
    5619335 
    5613495 
    5602560 
    5582737 
    5299185 
    5006470 
    4293432 
    4170538 
    4165038 
    6014286 
    6014285 
    5987631 
    5976971 
    5976972 
    5973647 
    5964494 
    5954290 
    5949224 
    5940528 
    5922610 
    5922609 
    5920215 
    5917629 
    5336783 
    5331463 
    5326936 
    5298034 
    5297805 
    5297634 
    5297632 
    5297629 
    5297628 
    5297627 
    5297626 
    5296234 
    5219457 
    4958129 
    14334728 
    14311785 
    14310915 
    14299519 
    14292065 
    14263430 
    5899559 
    5898838 
    5895847 
    5889011 
    5864001 
    5862612 
    5862613 
    5861861 
    5857551 
    5849620 
    5323117 
    5295000 
    5214355 
    14306148 
    14229820 
    14222413 
    14212885 
    14206693 
    14203910 
    14183110 
    14163961 
    14163129 
    14144764 
    14144763 
    14141217 
    14138332 
    14132785 
    14127512 
    14117554 
    14106050 
    14088756 
    14118656 
    14101731 
    14099677 
    14081299 
    14070767 
    14068437 
    14066552 
    14051284 
    14016115 
    13998982 
    13993556 
    13982092 
    13975993 
    13957271 
    13942062 
    13931832 
    14492560 
    14492502 
    14477929 
    14014411 
    14012647 
    14012646 
    14005428 
    14004783 
    13994896 
    13974680 
    13949627 
    13920328 
    13900875 
    13889637 
    13866866 
    14486966 
    14481589 
    14475532 
    14469828 
    14036493 
    13895391 
    13873929 
    13873815 
    13873805 
    13782350 
    13741502 
    13727550 
    13714372 
    13686832 
    13682831 
    14438198 
    14433280 
    14415171 
    13793445 
    13781490 
    13766752 
    13762894 
    13758245 
    13702738 
    13696692 
    13683270 
    14433689 
    14408403 
    13855817 
    13833364 
    13821378 
    13808237 
    13807577 
    13807378 
    13805463 
    13796641 
    13737458 
    13671310 
    13665469 
    13649450 
    13639954 
    13638791 
    13630223 
    13637718 
    13627656 
    13625374 
    13609535 
    13609529 
    13606685 
    13595995 
    13588397 
    13574067 
    13574066 
    13573120 
    13573118 
    13573115 
    13573114 
    13571307 
    13571229 
    13559588 
    13539626 
    13535954 
    13510893 
    13583531 
    13534144 
    13528094 
    13500749 
    13495949 
    13493779 
    13478205 
    13475581 
    13458681 
    13456033 
    13444999 
    13400254 
    13494871 
    13426747 
    13426740 
    13396005 
    13384185 
    13381873 
    13380988 
    13373944 
    13365030 
    13364645 
    13362753 
    13362154 
    13344502 
    13332250 
    13329840 
    13329786 
    13321573 
    13303100 
    13292663 
    13287099 
    14376767 
    14376766 
    14374351 
    14370844 
    13332161 
    13278041 
    13277038 
    13248838 
    13248827 
    13248347 
    13240982 
    13231838 
    14372417 
    13246223 
    13234883 
    13224720 
    13216954 
    13214915 
    13213651 
    13208156 
    13184169 
    13182471 
    13173904 
    13167557 
    13159089 
    14357899 
    13150085 
    13094468 
    13077722 
    13069799 
    13066685 
    13064183 
    13045290 
    14928148 
    13047717 
    13032753 
    13031303 
    14839470 
    14829749 
    14799717 
    15438292 
    15426066 
    15420413 
    15410585 
    14811232 
    14798876 
    14790179 
    14772637 
    14772443 
    14771401 
    18119174 
    18119172 
    15399328 
    18921465 
