Topic: CD009786 

Title: Laparoscopy for diagnosing resectability of disease in patients with advanced ovarian cancer 

Query: 
exp Ovarian Neoplasms/
Fallopian Tube Neoplasms/
((ovar* or fallopian tube*) adj5 (cancer* or tumor* or tumour* or adenocarcinoma* or carcino* or cystadenocarcinoma* or choriocarcinoma* or malignan* or neoplas* or metasta* or mass or masses)).tw,ot.
(thecoma* or luteoma*).tw,ot.
1 or 2 or 3 or 4
exp Laparoscopy/
laparoscop*.tw,ot.
celioscop*.tw,ot.
peritoneoscop*.tw,ot.
abdominoscop*.tw,ot.
6 or 7 or 8 or 9 or 10
5 and 11
exp animals/ not humans.sh.
12 not 13 

Pids: 
    7997808 
    23440802 
    23370655 
    23344407 
    23318909 
    23312256 
    23312253 
    23312240 
    23305931 
    23266650 
    23262520 
    23224440 
    23220563 
    23153077 
    23153053 
    23142076 
    23099190 
    23090572 
    22987258 
    22889349 
    22817767 
    22744800 
    2952542 
    9175670 
    7556856 
    6102049 
    7904954 
    19892330 
    22652482 
    17161164 
    16777110 
    21247567 
    8855097 
    21872235 
    8099025 
    21457974 
    15617715 
    10636056 
    7698387 
    8022735 
    1836590 
    11147056 
    8545329 
    9232059 
    8248064 
    8177859 
    8302779 
    23374386 
    23336154 
    23329192 
    23288262 
    23268049 
    23250246 
    23234025 
    23231836 
    23159202 
    23157324 
    23152180 
    23141164 
    23067525 
    23025112 
    23024155 
    22964073 
    22941352 
    22935307 
    22932780 
    22906344 
    22906334 
    22900995 
    22884658 
    22880483 
    22873112 
    22863971 
    22859813 
    22854062 
    22838244 
    22827612 
    22819008 
    22818540 
    22815844 
    22813793 
    22791381 
    22776340 
    22764562 
    22740492 
    22729094 
    22702068 
    22682753 
    22669919 
    22669303 
    22647749 
    22613353 
    22611958 
    22595711 
    22581356 
    22572861 
    22560042 
    22548292 
    22543911 
    22522189 
    22512967 
    22503435 
    22487546 
    22482992 
    22469706 
    22455740 
    22439415 
    22431247 
    22425355 
    22425142 
    22424356 
    22397744 
    22381975 
    22381964 
    22371368 
    22367325 
    22367321 
    22367320 
    22353442 
    22348496 
    22343231 
    22325661 
    22322957 
    22322155 
    22321906 
    22318068 
    22313651 
    22283565 
    22270278 
    22264278 
    22258988 
    22233724 
    22193712 
    22189619 
    22176995 
    22136884 
    22131044 
    22123220 
    22114111 
    22091751 
    22086443 
    22070471 
    22063459 
    22020676 
    21889231 
    21830006 
    20339953 
    23155631 
    22776228 
    22699468 
    22643497 
    22356011 
    22333231 
    22333227 
    22212335 
    22212317 
    22200722 
    22199317 
    22180395 
    22161881 
    22134021 
    22134015 
    22117832 
    22105256 
    22053663 
    22032815 
    22031252 
    22030044 
    22030041 
    22020691 
    21996462 
    21991871 
    21985734 
    21968159 
    21967041 
    21966778 
    21960341 
    21948683 
    21944035 
    21941978 
    21941970 
    21941968 
    21923991 
    21921381 
    21917305 
    21912057 
    21902992 
    21902980 
    21902936 
    21880280 
    21870731 
    21841489 
    21840583 
    21806569 
    21803662 
    21797127 
    21793996 
    21791318 
    21777843 
    21751454 
    21741079 
    21715192 
    21707553 
    21699024 
    21695966 
    21679474 
    21668318 
    21666466 
    21656182 
    21633306 
    21633305 
    21632097 
    21620559 
    21614927 
    21614917 
    21614915 
    21614520 
    21571247 
    21566518 
    21559924 
    21554851 
    21545961 
    21543929 
    21503633 
    21499894 
    21495801 
    21465605 
    21463889 
    21450415 
    21450024 
    21429426 
    21429425 
    21424549 
    21413836 
    21411127 
    21392246 
    21391829 
    21377389 
    21368476 
    21362294 
    21354065 
    21349125 
    21298536 
    21273344 
    21272147 
    21270608 
    21269890 
    21269611 
    21266814 
    21259415 
    21252795 
    21233249 
    21215439 
    21195970 
    21194826 
    21194736 
    21183177 
    21168196 
    21160172 
    21155918 
    21130426 
    21116640 
    21082898 
    21054763 
    20976490 
    20947074 
    20943259 
    20931212 
    20922399 
    20817576 
    20801440 
    20709583 
    20688446 
    20637459 
    20607264 
    20607263 
    20569103 
    20221620 
    22750920 
    21966769 
    21495250 
    21416918 
    21319522 
    21224612 
    21199739 
    21180100 
    21158324 
    21138693 
    21111664 
    21054125 
    20979707 
    20975495 
    20975493 
    20966693 
    20932388 
    20932362 
    20882893 
    20882872 
    20873867 
    20829343 
    20824864 
    20817462 
    20814383 
    20813621 
    20812220 
    20810465 
    20739009 
    20737454 
    20728827 
    20724944 
    20715668 
    20708506 
    20666969 
    20663487 
    20645700 
    20638901 
    20638899 
    20629199 
    20627241 
    20621016 
    20621015 
    20620297 
    20580151 
    20579712 
    20573679 
    20561742 
    20556585 
    20537629 
    20531186 
    20529532 
    20527247 
    20527239 
    20517826 
    20500106 
    20482495 
    20473276 
    20465557 
    20451983 
    20446246 
    20444337 
    20438667 
    20438312 
    20431278 
    20430667 
    20417433 
    20409655 
    20400071 
    20392556 
    20392142 
    20386444 
    20376495 
    20375795 
    20373947 
    20357728 
    20226417 
    20226415 
    20226400 
    20226399 
    20226130 
    20217130 
    20198556 
    20181551 
    20143997 
    20129344 
    20129339 
    20122863 
    20079589 
    20068327 
    20065732 
    20059391 
    20059326 
    20057285 
    20022314 
    19998220 
    19957213 
    19916886 
    19852568 
    19846211 
    19837620 
    19784697 
    19771439 
    19669156 
    19657814 
    19589703 
    19543903 
    19495923 
    19345350 
    19299121 
    19200955 
    20530950 
    20446446 
    20149044 
    20108559 
    20048559 
    20045759 
    20045752 
    20014550 
    20003789 
    19967244 
    19955918 
    19955907 
    19919915 
    19899422 
    19896594 
    19896593 
    19851210 
    19835804 
    19761648 
    19761137 
    19761131 
    19751334 
    19745797 
    19722150 
    19715487 
    19697626 
    19697223 
    19690591 
    19673427 
    19670032 
    19661748 
    19661747 
    19660216 
    19652848 
    19591970 
    19589709 
    19585444 
    19576813 
    19570422 
    19568245 
    19539202 
    19530497 
    19527374 
    19525620 
    19525616 
    19525452 
    19524715 
    19500391 
    19490787 
    19481786 
    19481243 
    19481241 
    19477060 
    19459012 
    19423055 
    19400422 
    19399101 
    19396012 
    19370607 
    19366536 
    19363709 
    19361838 
    19346186 
    19343442 
    19341200 
    19327764 
    19321390 
    19319552 
    19317273 
    19317271 
    19317257 
    19317249 
    19292804 
    19289327 
    19287986 
    19264478 
    19263064 
    19261370 
    19254579 
    19249713 
    19249712 
    19232293 
    19231556 
    19215560 
    19215557 
    19212934 
    19204659 
    19189870 
    19188822 
    19187388 
    19184073 
    19184048 
    19181369 
    19171373 
    19161612 
    19151992 
    19135233 
    19125000 
    19110193 
    19093129 
    19090447 
    19039599 
    19037650 
    19021468 
    19019337 
    19013745 
    18990385 
    18982336 
    18973882 
    18950959 
    18922565 
    18795308 
    18793773 
    18622543 
    18584185 
    18555237 
    18509663 
    18431586 
    19999195 
    19496369 
    19472731 
    19295011 
    19122954 
    19115701 
    19115697 
    19082308 
    19062661 
    19039644 
    19035140 
    19012702 
    18991080 
    18971145 
    18971141 
    18971136 
    18971132 
    18946442 
    18929404 
    18843688 
    18840188 
    18837098 
    18827492 
    18819455 
    18814002 
    18805654 
    18802903 
    18801470 
    18796025 
    18763296 
    18722966 
    18708903 
    18706207 
    18692828 
    18672622 
    18669765 
    18660682 
    18656074 
    18651883 
    18646677 
    18618475 
    18614547 
    18613274 
    18609278 
    18602055 
    18584410 
    18581775 
    18581767 
    18572226 
    18539090 
    18510047 
    18504700 
    18504696 
    18501324 
    18493900 
    18476952 
    18463044 
    18463043 
    18459557 
    18439519 
    18437497 
    18433977 
    18394621 
    18386461 
    18358268 
    18356093 
    18353321 
    18336393 
    18326907 
    18299381 
    18289650 
    18284455 
    18275579 
    18273629 
    18262158 
    18258232 
    18239927 
    18236062 
    18227769 
    18207461 
    18004572 
    18003624 
    18000633 
    18000169 
    17949797 
    17888431 
    17764453 
    17692084 
    17653564 
    17401568 
    18666467 
    18447057 
    18274181 
    18241545 
    18200965 
    18179147 
    18179144 
    18175521 
    18158818 
    18156118 
    18078193 
    18076766 
    18018361 
    17991355 
    17991106 
    17980339 
    17980337 
    17977178 
    17977174 
    17966785 
    17966217 
    17948753 
    17947845 
    17937093 
    17932999 
    17922452 
    17912181 
    17848331 
    17848329 
    17848322 
    17786826 
    17762575 
    17761984 
    17713096 
    17713090 
    17706482 
    17693116 
    17688638 
    17686238 
    17673140 
    17666596 
    17646728 
    17638632 
    17633068 
    17630162 
    17628919 
    17627695 
    17617524 
    17617522 
    17615917 
    17602847 
    17581760 
    17578369 
    17578358 
    17544420 
    17537302 
    17532369 
    17524458 
    17514402 
    17502200 
    17489487 
    17486474 
    17484640 
    17478373 
    17478171 
    17464594 
    17461295 
    17447107 
    17445640 
    17425680 
    17373668 
    17368265 
    17368256 
    17362319 
    17354223 
    17339150 
    17337353 
    17315741 
    17306593 
    17290330 
    17289310 
    17285387 
    17276434 
    17275077 
    17270653 
    17267889 
    17267138 
    17230294 
    17217498 
    17211677 
    17188545 
    17175013 
    17166570 
    17157903 
    17150248 
    17146744 
    17101236 
    17050549 
    17031738 
    16977608 
    16959199 
    16261563 
    17467272 
    17352116 
    17213968 
    17187015 
    17185953 
    17176869 
    17175475 
    17174830 
    17169178 
    17159812 
    17145485 
    17139978 
    17076199 
    17068405 
    17054259 
    17042207 
    17014818 
    17009994 
    17006426 
    17006424 
    17005244 
    17000446 
    16966069 
    16964696 
    16962536 
    16957416 
    16956051 
    16951393 
    16949028 
    16927923 
    16915373 
    16900710 
    16897289 
    16894298 
    16893544 
    16885660 
    16883449 
    16873081 
    16866799 
    16842843 
    16828849 
    16803474 
    16802080 
    16800256 
    16794421 
    16791447 
    16787549 
    16769104 
    16768053 
    16740297 
    16736974 
    16736959 
    16735822 
    16698532 
    16690058 
    16677839 
    16677594 
    16673251 
    16647380 
    16631341 
    16626792 
    16616744 
    16615133 
    16600779 
    16598473 
    16580399 
    16575358 
    16562790 
    16550963 
    16537005 
    16527722 
    16527713 
    16525789 
    16515632 
    16515615 
    16515576 
    16515571 
    16515565 
    16502175 
    16500357 
    16498263 
    16490239 
    16473397 
    16462852 
    16455505 
    16455020 
    16446329 
    16445631 
    16445616 
    16442326 
    16431324 
    16413810 
    16412760 
    16360202 
    16343732 
    16337997 
    16325244 
    16307793 
    16216320 
    16185754 
    16544721 
    16525973 
    16433164 
    16419639 
    16398230 
    16396153 
    16343194 
    16343192 
    16341120 
    16337577 
    16316768 
    16260204 
    16247574 
    16212662 
    16202727 
    16184921 
    16174223 
    16169063 
    16167493 
    16163598 
    16145860 
    16123189 
    16054202 
    16050570 
    16047952 
    16043215 
    16036204 
    16034946 
    16028379 
    16009186 
    16005945 
    15976540 
    15972171 
    15953871 
    15948060 
    15943999 
    15943988 
    15932823 
    15927503 
    15922981 
    15922972 
    15906901 
    15904606 
    15902166 
    15880570 
    15868492 
    15854461 
    15846567 
    15841027 
    15839617 
    15817239 
    15791705 
    15790480 
    15790473 
    15790442 
    15775686 
    15755020 
    15754994 
    15752668 
    15742862 
    15727606 
    15721444 
    15721418 
    15711416 
    15695978 
    15695311 
    15661233 
    15661208 
    15653700 
    15619309 
    15589610 
    15589609 
    15589583 
    14986024 
    21213506 
    15701189 
    15673006 
    15663234 
    15656219 
    15630884 
    15625766 
    15611955 
    15603984 
    15573848 
    15571612 
    15559350 
    15559338 
    15527637 
    15516851 
    15516439 
    15508439 
    15498186 
    15495639 
    15494657 
    15493180 
    15493168 
    15491767 
    15462594 
    15450265 
    15450261 
    15447969 
    15385132 
    15385110 
    15369246 
    15350350 
    15343246 
    15304167 
    15304164 
    15297186 
    15297177 
    15297166 
    15295344 
    15285533 
    15285320 
    15285316 
    15259587 
    15211408 
    15200789 
    15200788 
    15200767 
    15198792 
    15198095 
    15192974 
    15185603 
    15181884 
    15170428 
    15167847 
    15156385 
    15156378 
    15151843 
    15119657 
    15108578 
    15104843 
    15099934 
    15090333 
    15073853 
    15072738 
    15065703 
    15064540 
    15063971 
    15061292 
    15047236 
    15047234 
    15047227 
    15033667 
    15032282 
    15032281 
    15032277 
    15020662 
    15009043 
    14976796 
    14968412 
    14965479 
    14751183 
    14751178 
    14691638 
    15029751 
    14968063 
    14738647 
    14675692 
    14674134 
    14674127 
    14674109 
    14662231 
    14644836 
    14629029 
    14619656 
    14616261 
    14607039 
    14599858 
    14593299 
    14584668 
    14581875 
    14567805 
    14566702 
    14529690 
    14529674 
    14526159 
    14515055 
    14513369 
    14506771 
    12974083 
    12969590 
    12969585 
    12959184 
    12920345 
    12918511 
    12917064 
    12907095 
    12905519 
    12903790 
    12903553 
    12893216 
    12893213 
    12893209 
    12893196 
    12886864 
    12865867 
    12865596 
    12861132 
    12858105 
    12854858 
    12821363 
    12816688 
    12815914 
    12807238 
    12807227 
    12798483 
    12782940 
    12781415 
    12775541 
    12756880 
    12755523 
    12746993 
    12732763 
    12706785 
    12691323 
    12680799 
    12629933 
    12618166 
    12574929 
    12557716 
    12555008 
    12404052 
    12722472 
    12722400 
    12613345 
    12554262 
    12519038 
    12473577 
    12468342 
    12468334 
    12457142 
    12457141 
    12413936 
    12365221 
    12359199 
    12355638 
    12239764 
    12217767 
    12214736 
    12214731 
    12214726 
    12214460 
    12197548 
    12196887 
    12189478 
    12181732 
    12165898 
    12165827 
    12153670 
    12152291 
    12152285 
    12151833 
    12140633 
    12109222 
    12106750 
    12101341 
    12069748 
    12051886 
    12013109 
    12013106 
    11979412 
    11976573 
    11928042 
    11925146 
    11857512 
    11845360 
    11838308 
    11834867 
    11748999 
    14758880 
    14574170 
    12731160 
    11977327 
    11930686 
    11918456 
    11917382 
    11917378 
    11917377 
    11917373 
    11917371 
    11883277 
    11843398 
    11828663 
    11816533 
    11813026 
    11802556 
    11760544 
    11744902 
    11730763 
    11727148 
    11704124 
    11685927 
    11685875 
    11677466 
    11603247 
    11594544 
    11591422 
    11591271 
    11569420 
    11553899 
    11548835 
    11526783 
    11526777 
    11526721 
    11526711 
    11520146 
    11517866 
    11509794 
    11509792 
    11501784 
    11499346 
    11497293 
    11491380 
    11462205 
    11458938 
    11452201 
    11449615 
    11446479 
    11446470 
    11443459 
    11420840 
    11413522 
    11406930 
    11402752 
    11396379 
    11394427 
    11393262 
    11382955 
    11342741 
    11342738 
    11338132 
    11330971 
    11328220 
    11319502 
    11311766 
    11279390 
    11277654 
    11263935 
    11213011 
    11206227 
    11182659 
    11176227 
    11174478 
    11172118 
    11172117 
    11163832 
    11158655 
    11158183 
    11140864 
    11136568 
    11136562 
    12057051 
    11535981 
    11287988 
    11174120 
    11173751 
    11169353 
    11155944 
    11141421 
    11128910 
    11127118 
    11098043 
    11094240 
    11091991 
    11084462 
    11082998 
    11082987 
    11081691 
    11077634 
    11077633 
    11063666 
    11056130 
    11044509 
    11025466 
    10976443 
    10975556 
    10968359 
    10952124 
    10949421 
    10949380 
    10924632 
    10908768 
    10902229 
    10900592 
    10883991 
    10883025 
    10883022 
    10883021 
    10873417 
    10870321 
    10857214 
    10843464 
    10842911 
    10832285 
    10831359 
    10831341 
    10830772 
    10818413 
    10810438 
    10806907 
    10806272 
    10806265 
    10804371 
    10789230 
    10785469 
    10779815 
    10758805 
    10739542 
    10733031 
    10726696 
    10725957 
    10684714 
    10674598 
    10673635 
    10656952 
    10648751 
    10620437 
    11479965 
    11326944 
    10897870 
    10853439 
    10804675 
    10742897 
    10730141 
    10726445 
    10726339 
    10661040 
    10646238 
    10600294 
    10589406 
    10584186 
    10582789 
    10576183 
    10548713 
    10548709 
    10548708 
    10541371 
    10534930 
    10532187 
    10527327 
    10526812 
    10519434 
    10513079 
    10510898 
    10509307 
    10490356 
    10486460 
    10477869 
    10475120 
    10471145 
    10469692 
    10462958 
    10462957 
    10462955 
    10459063 
    10459057 
    10459033 
    10444006 
    10435166 
    10430190 
    10427953 
    10422684 
    10414485 
    10410886 
    10390915 
    10378217 
    10366464 
    10365364 
    10363412 
    10227005 
    10194122 
    10192494 
    10083939 
    10073126 
    10071448 
    10063270 
    10053115 
    9989103 
    9988872 
    9932560 
    9889027 
    9852393 
    10224804 
    10050401 
    9989046 
    9919347 
    9887245 
    9885355 
    9880895 
    9880875 
    9880699 
    9859535 
    9850661 
    9846713 
    9840559 
    9822519 
    9822463 
    9816664 
    9809569 
    9806584 
    9800677 
    9800114 
    9788856 
    9784314 
    9782137 
    9779237 
    9777626 
    9776605 
    9774878 
    9773541 
    9761167 
    9757751 
    9757217 
    9752451 
    9740429 
    9732222 
    9716771 
    9694480 
    9647572 
    9633844 
    9632965 
    9619287 
    9615829 
    9607269 
    9600814 
    9600813 
    9598957 
    9591032 
    9586709 
    9582574 
    9577148 
    9570995 
    9570973 
    9564065 
    9557831 
    9553817 
    9521412 
    9521397 
    9514797 
    9499545 
    9488571 
    9482623 
    9479720 
    9454870 
    9454393 
    9440109 
    12292544 
    9876656 
    9770839 
    9536216 
    9497606 
    9492110 
    9480574 
    9478301 
    9463084 
    9454432 
    9417463 
    9410389 
    9408314 
    9394652 
    9386034 
    9348369 
    9347806 
    9336750 
    9315174 
    9308803 
    9306122 
    9306114 
    9303790 
    9280737 
    9273108 
    9265052 
    9264732 
    9263716 
    9262302 
    9243202 
    9240618 
    9240592 
    9234937 
    9233893 
    9224588 
    9222473 
    9209664 
    9207813 
    9197457 
    9194283 
    9190966 
    9179805 
    9175688 
    9166300 
    9164207 
    9156868 
    9156710 
    9138957 
    9133147 
    9103387 
    9091337 
    9091020 
    9087286 
    9076424 
    9070692 
    9062161 
    9060538 
    9050740 
    9050730 
    9049293 
    15717442 
    15717440 
    9679616 
    9275581 
    9206164 
    9159256 
    9129133 
    9118426 
    9082236 
    9065118 
    9050665 
    9050664 
    9050653 
    9050650 
    9050641 
    9050633 
    9026174 
    9019435 
    9007148 
    8992817 
    8991834 
    8974900 
    8964452 
    8964451 
    8964446 
    8961701 
    8924007 
    8924000 
    8906667 
    8900602 
    8898169 
    8886883 
    8886692 
    8881063 
    8875037 
    8851090 
    8849961 
    8841261 
    8841216 
    8835491 
    8832941 
    8829058 
    8816863 
    8815133 
    8808559 
    8794421 
    8786211 
    8775267 
    8775250 
    8775247 
    8774657 
    8763123 
    8759186 
    8751572 
    8736725 
    8735736 
    8730628 
    8727704 
    8714064 
    8706964 
    8706963 
    8703147 
    8686410 
    8656414 
    8654650 
    8653926 
    8641614 
    8641503 
    8631544 
    8605142 
    8596842 
    12288783 
    10150435 
    9050607 
    9050603 
    9050572 
    9050555 
    8821246 
    8821245 
    8747403 
    8710141 
    8672943 
    8635009 
    8634989 
    8587744 
    8582588 
    8582587 
    8579388 
    8579212 
    8571460 
    8549598 
    8542730 
    7879398 
    7867272 
    7824738 
    7805922 
    7800323 
    7800309 
    7794638 
    7778428 
    7746172 
    7742518 
    7736636 
    7730461 
    7729731 
    7701484 
    7699286 
    7672696 
    7658856 
    7646909 
    7644634 
    7640058 
    7640039 
    7616797 
    7605086 
    7593516 
    7578972 
    7578970 
    7571964 
    7557611 
    7557223 
    7557204 
    7557201 
    7556836 
    7555942 
    7554608 
    7554604 
    7554603 
    7547764 
    7534970 
    7496181 
    7485751 
    7483637 
    7478032 
    7473436 
    9138874 
    9050540 
    9050536 
    9050499 
    9050490 
    9050487 
    8306249 
    8296843 
    8296831 
    8193109 
    8187587 
    8180356 
    8178893 
    8167873 
    8164928 
    8151182 
    8147211 
    8126386 
    8111714 
    8089599 
    8059816 
    8059620 
    8043553 
    8039002 
    8038406 
    8033451 
    8030726 
    8023610 
    8015768 
    8015759 
    8010483 
    8005309 
    8005149 
    8005137 
    7999719 
    7992183 
    7988849 
    7982547 
    7982546 
    7980313 
    7980312 
    7978948 
    7936509 
    7926236 
    7922758 
    7889049 
    7882629 
    7855480 
    7855346 
    7846978 
    7835810 
    7835808 
    7827157 
    7822711 
    7821490 
    7810245 
    7808126 
    7735015 
    7733593 
    7660384 
    7648897 
    7569156 
    7505830 
    9420927 
    8513635 
    8513634 
    8508878 
    8506762 
    8498956 
    8482555 
    8476839 
    8463563 
    8462826 
    8458916 
    8458520 
    8455221 
    8455217 
    8445418 
    8428695 
    8422646 
    8410840 
    8406189 
    8397149 
    8375700 
    8372885 
    8351061 
    8343261 
    8337440 
    8334637 
    8330712 
    8329645 
    8323922 
    8318336 
    8318102 
    8316556 
    8283415 
    8282239 
    8280577 
    8272811 
    8270153 
    8258730 
    8257050 
    8252224 
    8235778 
    8224260 
    8218501 
    8204944 
    8179552 
    8163617 
    8118353 
    8118352 
    8118351 
    8118350 
    8118345 
    8102278 
    8018126 
    7991849 
    7951609 
    7951595 
    7900396 
    7805478 
    12343971 
    1729791 
    1609137 
    1606122 
    1593762 
    1579297 
    1541366 
    1535798 
    1535114 
    1534495 
    1533814 
    1533584 
    1533405 
    1533025 
    1532991 
    1532155 
    1530989 
    1511124 
    1500022 
    1491135 
    1481968 
    1479017 
    1473747 
    1465664 
    1457508 
    1430912 
    1427408 
    1398256 
    1388333 
    1388132 
    1388069 
    1387913 
    1387907 
    1387905 
    1387786 
    1386658 
    1342458 
    1342433 
    1341510 
    1330244 
    1325052 
    1315353 
    1314779 
    1311965 
    1306052 
    1305144 
    1291571 
    1288782 
    1282408 
    10150038 
    10150037 
    2070851 
    2045855 
    1955662 
    1878513 
    1860672 
    1839884 
    1839658 
    1839457 
    1839015 
    1838758 
    1838455 
    1838204 
    1836716 
    1836402 
    1835805 
    1835564 
    1835528 
    1835468 
    1833691 
    1833045 
    1832408 
    1831746 
    1831082 
    1831080 
    1830559 
    1829802 
    1829343 
    1828651 
    1828481 
    1827651 
    1825976 
    1825866 
    1752488 
    1746200 
    10150031 
    10150016 
    2375222 
    2351178 
    2288867 
    2288664 
    2277165 
    2249208 
    2237158 
    2230887 
    2213099 
    2155140 
    2150746 
    2149253 
    2148569 
    2145780 
    2145720 
    2145354 
    2143914 
    2141643 
    2141642 
    2141641 
    2140995 
    2139923 
    2138109 
    2093774 
    1980666 
    1980662 
    1699368 
    1696873 
    2914280 
    2812640 
    2759325 
    2740713 
    2738321 
    2722067 
    2717739 
    2686339 
    2680788 
    2560720 
    2533142 
    2533120 
    2533013 
    2532174 
    2532173 
    2531521 
    2527175 
    2525650 
    2525510 
    2525501 
    2524933 
    2521380 
    2513964 
    2501110 
    2476410 
    3391198 
    3373267 
    3347414 
    3342910 
    3338663 
    3193419 
    3177251 
    2978104 
    2976723 
    2974621 
    2974514 
    2971904 
    2969688 
    2969609 
    2968942 
    2967467 
    3688077 
    3658287 
    3599995 
    3576712 
    3493176 
    3329956 
    3305148 
    3111618 
    3107721 
    3033768 
    2972167 
    2964760 
    2962701 
    2954861 
    2954339 
    2950349 
    2950002 
    2949998 
    2885289 
    2842092 
    2443235 
    3945444 
    3943758 
    3513245 
    3457709 
    2953046 
    2950272 
    2950008 
    2948971 
    2948369 
    2947247 
    2944387 
    2943896 
    2942815 
    2942812 
    2942801 
    2941921 
    2941187 
    2940776 
    2423378 
    4044628 
    4040673 
    4017325 
    4014339 
    3979574 
    3970088 
    3161807 
    3161735 
    3160189 
    3157319 
    3156313 
    3155643 
    2944791 
    2935446 
    2935036 
    2934291 
    2578611 
    6715399 
    6587710 
    6504419 
    6485624 
    6469089 
    6439408 
    6396538 
    6385256 
    6239068 
    6238850 
    6238039 
    6237936 
    6237197 
    6237194 
    6235465 
    6235463 
    6229927 
    6147640 
    6660923 
    6631839 
    6617038 
    6358558 
    6326088 
    6241114 
    6232990 
    6228294 
    6227990 
    6227956 
    6225918 
    6225603 
    6224378 
    6220938 
    6193920 
    9417617 
    7084496 
    7067844 
    6218657 
    6217881 
    6216811 
    6215598 
    6215265 
    6215076 
    6213162 
    6213157 
    6210902 
    6181837 
    12279356 
    7461150 
    7454182 
    7254659 
    7250403 
    6908877 
    6794922 
    6459037 
    6455064 
    6454868 
    6454354 
    6451490 
    6450907 
    6299563 
    6215248 
    6212328 
    7443119 
    7437381 
    7405477 
    7394472 
    7380237 
    7205797 
    6773656 
    6766604 
    6458589 
    6453013 
    6451819 
    6450444 
    6449218 
    6448548 
    6448405 
    6448404 
    6447404 
    6446793 
    6445314 
    6445047 
    6210557 
    12339215 
    552767 
    537947 
    456625 
    445502 
    312692 
    294768 
    223041 
    218874 
    161983 
    161980 
    161766 
    161282 
    161215 
    160100 
    158917 
    158455 
    158165 
    155561 
    155549 
    155218 
    686103 
    634015 
    156941 
    155115 
    151139 
    150794 
    150132 
    149005 
    148161 
    147845 
    101843 
    876539 
    875871 
    838260 
    187990 
    146988 
    142242 
    141518 
    141514 
    141013 
    140535 
    140241 
    138476 
    138367 
    1003400 
    819125 
    186349 
    138991 
    136834 
    132320 
    131659 
    131373 
    129772 
    1210862 
    1162430 
    179919 
    137528 
    136606 
    125397 
    125342 
    125338 
    125336 
    125214 
    125057 
    4376998 
    4361608 
    4281670 
    4280108 
    4279554 
    4276392 
    4276313 
    4274570 
    4277257 
    4271805 
    4269674 
    4267636 
    4267304 
    4266943 
    4128004 
    4267129 
    4266262 
    4265247 
    4262821 
    4262556 
    5581304 
    5121080 
    4259875 
    4256596 
    4253589 
    4252822 
    4252494 
    4256057 
    4252070 
    4097480 
    5819942 
    5770584 
    4245673 
    5710047 
    5628972 
    6003520 
    5853882 
    5842433 
    4223429 
    14265073 
    13755321 
