Topic: CD009519 

Title: PET-CT for assessing mediastinal lymph node involvement in patients with suspected resectable non-small cell lung cancer 

Query: 
exp Lung Neoplasms/
((lung or lungs or pulmonary) adj3 (neoplasm$ or cancer$ or carcinoma$ or adenocarcinoma$ or angiosarcoma$ or chrondosarcoma$ or sarcoma$ or teratoma$ or lymphoma$ or blastoma$ or microcytic$ or tumour$ or tumor$)).ti,ab.
NSCLC.ti,ab.
or/1-3
Tomography/
Tomography, Emission-Computed/
Positron-Emission Tomography/
Tomography, Spiral Computed/
Fluorodeoxyglucose F18/
(FDG or Fludeoxyglucose or fluorodeoxyglucose or depreotide).tw.
((positron or photon or scintillation) adj3 (emission or tomograph$)).tw.
(CGC or PET or SPECT or NEOTECT or NEOSPECT or NEOTEC).tw.
or/5-12
4 and 13 

Pids: 
    23621187 
    23612819 
    23609866 
    23609428 
    23603927 
    23593186 
    23580351 
    23575181 
    23566971 
    23566965 
    23557204 
    23549390 
    23549019 
    23544205 
    23542911 
    23541639 
    23541364 
    23537538 
    23536032 
    23531319 
    23519008 
    23516568 
    23516466 
    23510132 
    23507854 
    23507601 
    23497933 
    23497597 
    23497592 
    23490268 
    23489556 
    23489365 
    23486741 
    23484998 
    23483761 
    23483676 
    23481033 
    23474190 
    23470033 
    23466871 
    23465978 
    23464338 
    23460161 
    23460160 
    23456166 
    23456164 
    23455529 
    23452426 
    23450449 
    23446117 
    23445649 
    23436855 
    23431398 
    23429993 
    23429399 
    23429366 
    23414988 
    23414826 
    23414265 
    23412603 
    23411938 
    23411669 
    23403934 
    23402779 
    23401449 
    23401434 
    23399986 
    23396920 
    23396358 
    23387751 
    23377765 
    23370357 
    23354351 
    23354027 
    23353168 
    23352916 
    23348719 
    23348246 
    23345491 
    23341532 
    23337216 
    23334128 
    23334123 
    23331009 
    23328148 
    23328016 
    23321827 
    23317944 
    23317708 
    23313170 
    23308140 
    23307985 
    23306807 
    23306806 
    23305644 
    23299524 
    23299492 
    23298881 
    23290251 
    23287577 
    23280348 
    23276827 
    23276821 
    23275641 
    23273996 
    23273886 
    23265622 
    23261227 
    23258469 
    23258466 
    23254266 
    23249968 
    23249572 
    23246123 
    23242821 
    23242063 
    23219463 
    23218939 
    23218762 
    23205908 
    23204495 
    23200174 
    23196832 
    23192365 
    23179888 
    23179248 
    23177345 
    23177277 
    23174176 
    23151913 
    23146420 
    23143661 
    23138022 
    23136224 
    23136193 
    23129358 
    23124523 
    23116493 
    23110763 
    23099105 
    23086204 
    23085861 
    23070096 
    23020081 
    23000262 
    22999369 
    22981500 
    22980134 
    22968069 
    22921750 
    22921340 
    22901746 
    22890912 
    22886728 
    22868220 
    22853981 
    22843511 
    22814723 
    22777314 
    22771096 
    22752641 
    22744348 
    22739428 
    22722946 
    22689182 
    22682667 
    22669597 
    22644386 
    22614732 
    22529185 
    22404955 
    22291338 
    22129499 
    20068553 
    14997137 
    19251094 
    20435308 
    22726884 
    22974533 
    22929048 
    22558101 
    22056226 
    23342272 
    21703935 
    22664562 
    22627615 
    21210108 
    19286346 
    21437893 
    21045183 
    12733302 
    15709251 
    19329207 
    17436450 
    20855820 
    16969335 
    19366446 
    18827606 
    21119104 
    23610849 
    23600278 
    23520680 
    23520671 
    23465675 
    23427745 
    23386093 
    23372867 
    23367857 
    23367152 
    23367146 
    23367134 
    23367044 
    23335532 
    23328236 
    23298939 
    23285594 
    23285537 
    23280019 
    23272083 
    23268091 
    23257674 
    23249719 
    23244188 
    23244185 
    23242722 
    23242715 
    23235767 
    23231312 
    23220834 
    23208167 
    23208044 
    23207533 
    23207256 
    23204126 
    23202706 
    23183774 
    23176924 
    23171752 
    23168066 
    23164351 
    23158997 
    23158718 
    23157978 
    23155285 
    23144339 
    23137673 
    23131942 
    23130932 
    23127105 
    23117364 
    23117360 
    23104480 
    23104478 
    23103000 
    23095295 
    23093372 
    23092816 
    23090738 
    23087315 
    23084019 
    23084012 
    23073605 
    23070247 
    23070246 
    23067538 
    23067528 
    23067526 
    23064067 
    23060555 
    23059775 
    23058020 
    23055362 
    23054878 
    23039813 
    23038234 
    23030755 
    23030745 
    23028537 
    23027384 
    23027207 
    23027204 
    23023069 
    23020972 
    23017426 
    23011835 
    23009727 
    23006688 
    22996254 
    22996243 
    22989834 
    22985987 
    22984219 
    22982665 
    22981254 
    22975801 
    22975575 
    22974779 
    22971515 
    22970434 
    22963661 
    22961644 
    22955656 
    22954184 
    22954179 
    22950352 
    22940662 
    22935164 
    22930885 
    22929213 
    22922126 
    22920373 
    22919015 
    22916786 
    22915437 
    22915025 
    22914804 
    22914125 
    22913207 
    22907541 
    22906351 
    22905478 
    22902054 
    22899197 
    22899191 
    22898692 
    22898682 
    22898528 
    22898383 
    22897792 
    22895152 
    22893629 
    22893003 
    22889810 
    22889794 
    22889790 
    22888649 
    22884163 
    22883649 
    22883546 
    22883008 
    22882936 
    22879081 
    22873179 
    22868467 
    22868461 
    22864936 
    22864012 
    22863965 
    22859511 
    22855174 
    22851271 
    22847592 
    22847591 
    22847563 
    22846975 
    22843758 
    22843200 
    22841591 
    22841518 
    22840596 
    22840594 
    22840225 
    22836906 
    22829686 
    22825038 
    22821123 
    22821111 
    22819364 
    22819194 
    22817957 
    22812247 
    22811409 
    22808763 
    22808632 
    22808631 
    22802566 
    22802007 
    22800488 
    22797465 
    22795583 
    22791600 
    22790125 
    22786987 
    22785528 
    22781363 
    22776788 
    22772365 
    22766913 
    22762865 
    22761343 
    22759748 
    22753923 
    22753917 
    22753915 
    22753287 
    22753284 
    22750840 
    22750828 
    22745210 
    22745208 
    22745027 
    22741148 
    22736922 
    22730854 
    22729551 
    22727222 
    22726919 
    22723499 
    22723320 
    22722800 
    22721598 
    22717978 
    22713588 
    22713303 
    22711054 
    22710433 
    22707682 
    22707183 
    22703801 
    22702254 
    22700554 
    22698711 
    22697336 
    22696814 
    22693698 
    22692034 
    22691515 
    22691513 
    22691512 
    22691334 
    22691329 
    22682749 
    22682599 
    22681676 
    22681674 
    22678001 
    22677982 
    22677702 
    22677701 
    22673553 
    22662647 
    22661603 
    22661058 
    22659962 
    22658807 
    22653282 
    22653189 
    22652096 
    22647327 
    22645409 
    22645189 
    22644511 
    22642421 
    22638740 
    22634532 
    22633748 
    22633014 
    22632985 
    22632534 
    22626572 
    22622031 
    22614964 
    22614206 
    22614189 
    22605581 
    22594342 
    22588628 
    22584348 
    22582540 
    22582046 
    22582005 
    22581639 
    22581165 
    22579901 
    22579884 
    22578806 
    22577296 
    22576431 
    22572078 
    22569504 
    22566260 
    22566040 
    22563620 
    22560966 
    22560366 
    22558483 
    22558228 
    22554550 
    22548366 
    22546820 
    22546111 
    22546106 
    22544428 
    22542172 
    22541207 
    22541192 
    22541065 
    22540935 
    22536574 
    22535505 
    22534816 
    22531544 
    22529105 
    22526960 
    22524768 
    22524413 
    22523107 
    22520283 
    22517371 
    22516859 
    22516187 
    22515818 
    22508824 
    22507293 
    22504050 
    22502693 
    22499615 
    22498194 
    22498114 
    22498085 
    22495706 
    22495704 
    22492982 
    22491665 
    22485042 
    22484982 
    22483675 
    22479724 
    22477481 
    22475906 
    22475903 
    22473507 
    22471746 
    22471689 
    22465911 
    22459646 
    22452411 
    22450903 
    22449793 
    22449692 
    22446512 
    22445302 
    22436434 
    22435913 
    22429676 
    22428457 
    22426828 
    22425996 
    22425919 
    22425917 
    22424889 
    22423060 
    22422098 
    22421772 
    22421284 
    22419795 
    22419606 
    22419190 
    22417800 
    22414637 
    22414632 
    22413115 
    22411124 
    22407127 
    22405953 
    22405110 
    22405106 
    22402822 
    22393191 
    22392199 
    22391733 
    22391723 
    22391437 
    22389293 
    22388628 
    22378319 
    22374706 
    22374083 
    22371188 
    22367469 
    22365519 
    22361129 
    22358427 
    22358376 
    22357250 
    22351657 
    22351502 
    22350956 
    22341301 
    22337255 
    22336234 
    22336233 
    22331221 
    22331220 
    22330998 
    22329847 
    22327787 
    22321727 
    22321441 
    22320815 
    22319569 
    22314176 
    22314152 
    22314150 
    22314149 
    22311052 
    22308219 
    22305958 
    22300820 
    22300023 
    22294484 
    22292754 
    22290911 
    22290887 
    22287839 
    22284669 
    22283471 
    22281130 
    22279236 
    22271834 
    22271811 
    22270509 
    22269780 
    22269767 
    22269704 
    22268177 
    22265854 
    22265731 
    22264790 
    22264659 
    22263924 
    22262244 
    22261389 
    22261261 
    22258475 
    22253463 
    22252327 
    22250054 
    22247523 
    22245990 
    22245365 
    22244438 
    22241911 
    22241909 
    22237120 
    22228354 
    22228350 
    22228342 
    22226446 
    22226436 
    22226376 
    22225288 
    22223082 
    22221634 
    22221631 
    22219613 
    22219461 
    22219420 
    22219418 
    22219415 
    22218970 
    22218876 
    22215835 
    22215749 
    22214835 
    22214627 
    22214506 
    22214375 
    22213822 
    22209869 
    22206958 
    22206598 
    22198910 
    22197235 
    22197228 
    22197090 
    22197027 
    22194526 
    22194482 
    22194481 
    22190643 
    22186627 
    22182725 
    22182444 
    22178287 
    22175235 
    22173661 
    22173321 
    22159234 
    22157053 
    22157037 
    22157022 
    22149685 
    22142680 
    22142679 
    22137017 
    22134535 
    22134069 
    22133290 
    22124361 
    22121014 
    22120568 
    22119198 
    22112798 
    22106348 
    22106020 
    22104678 
    22104579 
    22104359 
    22104289 
    22103902 
    22101865 
    22100749 
    22100659 
    22100657 
    22098794 
    22086561 
    22078500 
    22071782 
    22062925 
    22019513 
    22016487 
    22003958 
    22002100 
    22001441 
    21997719 
    21997335 
    21996089 
    21984059 
    21980032 
    21976631 
    21969110 
    21964914 
    21958851 
    21957086 
    21946983 
    21944190 
    21943652 
    21920625 
    21900023 
    21885145 
    21864242 
    21851187 
    21835705 
    21833808 
    21822784 
    21821550 
    21817117 
    21815186 
    21795995 
    21789758 
    21782272 
    21757570 
    21755379 
    21737184 
    21722995 
    21706046 
    21700609 
    21692019 
    21691728 
    21689294 
    21681581 
    21664140 
    21656105 
    21647807 
    21643770 
    21605940 
    21604320 
    21555933 
    21546177 
    21531085 
    21516483 
    21511421 
    21489716 
    21466930 
    21458181 
    21448647 
    21440998 
    21380783 
    21377293 
    21377285 
    21354739 
    21093173 
    21075551 
    20971575 
    20932700 
    20634676 
    23393810 
    22776280 
    22715590 
    22688492 
    22688475 
    22474717 
    22420434 
    22364103 
    22352061 
    22333541 
    22321838 
    22262330 
    22256316 
    22255331 
    22242302 
    22242292 
    22241041 
    22233307 
    22231584 
    22229212 
    22215400 
    22202400 
    22202386 
    22202328 
    22202282 
    22201582 
    22198189 
    22196629 
    22189480 
    22187133 
    22185998 
    22173606 
    22171494 
    22171487 
    22167792 
    22165608 
    22157168 
    22156445 
    22147822 
    22144556 
    22144555 
    22137284 
    22130766 
    22128310 
    22126378 
    22123527 
    22123338 
    22117310 
    22115553 
    22100939 
    22095231 
    22093626 
    22089005 
    22087459 
    22087439 
    22086520 
    22082614 
    22076573 
    22073618 
    22073269 
    22065872 
    22064113 
    22057746 
    22056535 
    22054887 
    22054883 
    22054878 
    22051278 
    22045816 
    22045709 
    22045706 
    22045476 
    22044828 
    22044819 
    22043148 
    22041872 
    22041352 
    22032426 
    22028093 
    22027105 
    22024070 
    22017952 
    22015488 
    22003699 
    21992387 
    21990577 
    21989645 
    21982207 
    21975404 
    21974801 
    21971924 
    21963286 
    21958472 
    21956489 
    21955663 
    21953072 
    21944242 
    21941134 
    21940530 
    21937139 
    21934546 
    21931149 
    21927909 
    21926857 
    21926377 
    21924782 
    21918350 
    21908390 
    21903741 
    21901366 
    21901365 
    21896963 
    21895862 
    21895404 
    21894080 
    21892947 
    21892106 
    21892061 
    21892054 
    21892048 
    21891798 
    21889901 
    21889224 
    21889020 
    21886034 
    21885143 
    21883013 
    21881362 
    21881354 
    21880535 
    21879296 
    21876458 
    21876401 
    21875420 
    21874323 
    21873096 
    21872133 
    21871322 
    21869716 
    21867996 
    21860002 
    21855363 
    21849398 
    21847064 
    21847041 
    21847039 
    21843760 
    21842680 
    21838190 
    21838034 
    21835043 
    21825864 
    21824707 
    21815378 
    21813742 
    21813406 
    21811604 
    21809678 
    21807298 
    21805824 
    21804367 
    21796890 
    21796499 
    21792167 
    21791941 
    21785078 
    21780523 
    21778456 
    21777988 
    21774104 
    21768701 
    21768697 
    21767189 
    21767188 
    21764892 
    21764789 
    21763575 
    21762637 
    21761023 
    21761015 
    21756521 
    21750197 
    21748620 
    21748616 
    21741615 
    21729898 
    21728388 
    21726976 
    21726705 
    21726700 
    21725907 
    21725392 
    21719945 
    21718849 
    21718818 
    21716145 
    21716036 
    21716028 
    21716025 
    21716011 
    21716007 
    21697783 
    21697415 
    21697244 
    21697137 
    21697027 
    21682675 
    21682102 
    21681575 
    21680297 
    21677493 
    21673067 
    21672678 
    21667030 
    21666559 
    21666558 
    21666288 
    21665317 
    21665078 
    21663861 
    21662976 
    21660624 
    21659432 
    21659322 
    21658990 
    21646076 
    21645832 
    21643806 
    21643637 
    21642874 
    21642869 
    21641883 
    21637076 
    21637074 
    21637049 
    21636663 
    21636548 
    21633846 
    21628324 
    21625182 
    21623237 
    21623159 
    21622193 
    21621384 
    21619965 
    21619964 
    21617977 
    21617975 
    21616429 
    21614922 
    21613306 
    21612822 
    21610467 
    21607843 
    21606052 
    21605089 
    21592456 
    21591459 
    21587180 
    21587129 
    21587083 
    21587082 
    21586625 
    21575518 
    21575508 
    21575507 
    21575489 
    21572580 
    21571803 
    21571656 
    21571382 
    21565957 
    21565398 
    21554231 
    21553141 
    21552033 
    21552027 
    21552019 
    21552018 
    21552017 
    21547636 
    21542273 
    21537838 
    21529847 
    21527411 
    21524814 
    21524477 
    21514978 
    21512089 
    21511870 
    21508822 
    21508737 
    21508735 
    21508733 
    21508730 
    21508201 
    21507671 
    21504327 
    21502381 
    21500128 
    21500125 
    21500124 
    21499006 
    21498541 
    21498523 
    21497727 
    21497109 
    21496432 
    21487288 
    21485148 
    21484560 
    21474833 
    21472674 
    21471259 
    21471253 
    21470782 
    21470411 
    21468267 
    21467871 
    21467865 
    21467856 
    21467848 
    21467716 
    21461272 
    21460905 
    21460371 
    21459530 
    21458087 
    21455881 
    21449768 
    21448804 
    21446045 
    21444129 
    21442260 
    21441819 
    21441257 
    21440334 
    21440264 
    21437571 
    21436329 
    21432758 
    21430944 
    21429608 
    21427327 
    21427201 
    21422426 
    21422043 
    21421728 
    21421722 
    21409347 
    21405971 
    21404566 
    21404562 
    21403445 
    21400911 
    21400906 
    21399527 
    21397488 
    21396119 
    21394047 
    21391742 
    21388979 
    21388332 
    21384283 
    21382191 
    21377866 
    21372474 
    21368610 
    21368507 
    21368493 
    21364919 
    21364032 
    21361220 
    21361203 
    21358408 
    21357585 
    21357325 
    21353987 
    21353907 
    21352969 
    21352720 
    21347630 
    21342771 
    21342726 
    21339258 
    21334773 
    21333026 
    21331928 
    21331927 
    21330443 
    21326122 
    21320756 
    21317747 
    21317745 
    21317744 
    21315563 
    21315269 
    21310757 
    21308444 
    21307150 
    21305510 
    21300215 
    21297143 
    21296635 
    21295203 
    21293939 
    21292341 
    21289523 
    21285692 
    21277665 
    21277484 
    21277096 
    21277040 
    21277038 
    21275463 
    21273527 
    21273525 
    21273522 
    21264838 
    21263266 
    21263097 
    21262874 
    21258929 
    21258297 
    21258257 
    21257942 
    21257723 
    21257671 
    21254936 
    21253682 
    21252788 
    21247966 
    21247262 
    21242094 
    21234727 
    21234725 
    21234724 
    21232904 
    21225405 
    21224293 
    21222120 
    21221846 
    21220977 
    21220969 
    21220318 
    21219823 
    21218032 
    21214283 
    21210111 
    21210109 
    21208694 
    21208693 
    21207024 
    21206098 
    21198423 
    21196266 
    21194908 
    21193791 
    21191115 
    21191112 
    21188658 
    21188657 
    21185733 
    21184913 
    21178717 
    21178639 
    21175767 
    21172518 
    21169851 
    21169287 
    21169285 
    21169276 
    21168237 
    21165538 
    21164366 
    21163584 
    21159395 
    21149669 
    21149666 
    21149474 
    21145028 
    21144734 
    21130470 
    21119546 
    21119224 
    21113598 
    21112229 
    21109965 
    21107256 
    21094559 
    21094027 
    21085046 
    21080119 
    21079522 
    21075777 
    21074882 
    21071117 
    21056487 
    21055770 
    21050690 
    21045185 
    20978026 
    20950961 
    20950956 
    20941554 
    20936411 
    20933430 
    20933243 
    20888706 
    20888200 
    20884128 
    20884076 
    20880069 
    20871420 
    20859697 
    20858664 
    20848252 
    20842362 
    20833060 
    20829720 
    20823138 
    20727680 
    20702788 
    20698809 
    20694573 
    20675076 
    20656419 
    20653396 
    20646779 
    20621502 
    20619924 
    20619479 
    20607685 
    20580245 
    20571923 
    20547021 
    20539268 
    20508937 
    20472367 
    20471184 
    20430470 
    20429003 
    20421149 
    20396888 
    20373056 
    20198494 
    19945240 
    19695808 
    19695804 
    22798097 
    22166657 
    21766547 
    21576816 
    21549276 
    21513640 
    21438306 
    21391442 
    21327305 
    21319042 
    21302779 
    21302774 
    21302640 
    21302631 
    21287907 
    21279259 
    21263426 
    21263424 
    21263419 
    21226303 
    21226299 
    21226298 
    21224613 
    21221073 
    21211376 
    21211373 
    21200091 
    21192486 
    21179276 
    21174741 
    21174665 
    21152689 
    21141059 
    21128554 
    21126714 
    21122414 
    21122413 
    21120438 
    21119278 
    21116120 
    21114924 
    21113753 
    21113748 
    21110160 
    21108184 
    21105140 
    21102269 
    21102262 
    21102256 
    21098770 
    21095361 
    21095358 
    21095306 
    21095305 
    21095303 
    21092837 
    21092836 
    21092117 
    21089790 
    21088084 
    21087727 
    21081050 
    21079134 
    21078791 
    21078787 
    21076235 
    21071639 
    21070442 
    21066996 
    21062977 
    21060232 
    21057447 
    21055621 
    21051648 
    21051579 
    21049634 
    21049464 
    21048364 
    21042062 
    20979697 
    20978735 
    20976633 
    20975384 
    20970038 
    20969774 
    20966333 
    20966329 
    20965393 
    20965378 
    20959074 
    20956480 
    20956471 
    20955880 
    20952506 
    20947515 
    20944175 
    20943613 
    20941823 
    20933164 
    20932288 
    20930682 
    20929404 
    20927018 
    20926977 
    20925915 
    20923792 
    20922626 
    20920635 
    20920122 
    20890054 
    20883378 
    20881638 
    20881637 
    20881375 
    20880776 
    20871390 
    20871261 
    20868846 
    20863982 
    20863981 
    20863979 
    20863675 
    20861786 
    20858837 
    20858656 
    20851487 
    20847531 
    20847172 
    20846983 
    20846647 
    20842604 
    20841953 
    20841465 
    20838302 
    20838064 
    20837459 
    20833010 
    20832897 
    20831495 
    20831492 
    20824945 
    20824397 
    20822650 
    20821943 
    20820991 
    20819492 
    20816018 
    20814658 
    20813710 
    20813307 
    20808998 
    20808995 
    20803964 
    20803181 
    20802352 
    20802172 
    20797871 
    20795344 
    20739905 
    20736808 
    20733125 
    20729419 
    20720059 
    20720051 
    20720035 
    20715456 
    20713538 
    20707663 
    20706062 
    20706056 
    20706051 
    20706050 
    20706043 
    20703868 
    20703861 
    20702003 
    20693956 
    20690522 
    20685579 
    20685578 
    20684220 
    20684215 
    20684209 
    20680910 
    20679889 
    20677667 
    20677630 
    20677562 
    20677555 
    20676638 
    20676347 
    20675249 
    20673513 
    20673512 
    20673486 
    20671308 
    20667324 
    20666069 
    20656364 
    20652216 
    20652085 
    20651192 
    20651189 
    20646840 
    20646428 
    20646317 
    20639808 
    20631525 
    20631523 
    20631513 
    20628726 
    20628724 
    20628723 
    20627930 
    20626206 
    20625681 
    20623786 
    20614257 
    20610251 
    20610039 
    20607627 
    20607534 
    20605765 
    20605762 
    20605426 
    20601859 
    20599157 
    20597136 
    20593548 
    20592372 
    20588272 
    20582511 
    20581578 
    20581576 
    20573930 
    20573060 
    20573058 
    20570782 
    20567119 
    20564630 
    20558893 
    20548160 
    20541059 
    20540786 
    20537426 
    20537425 
    20534958 
    20533745 
    20533438 
    20533031 
    20530120 
    20525459 
    20524514 
    20523095 
    20522392 
    20518880 
    20518871 
    20517911 
    20517910 
    20517819 
    20517734 
    20514935 
    20513919 
    20512541 
    20512095 
    20510086 
    20508525 
    20508373 
    20507643 
    20502249 
    20502248 
    20501320 
    20499002 
    20494018 
    20492727 
    20489106 
    20488721 
    20479562 
    20478641 
    20472359 
    20470481 
    20462672 
    20460522 
    20459769 
    20457349 
    20453649 
    20452138 
    20452093 
    20451130 
    20451018 
    20448501 
    20448373 
    20448372 
    20448371 
    20443508 
    20443495 
    20443461 
    20441469 
    20435873 
    20435658 
    20430463 
    20429755 
    20424610 
    20424372 
    20424253 
    20423227 
    20422184 
    20421774 
    20421763 
    20420108 
    20418042 
    20414943 
    20411166 
    20410395 
    20409533 
    20403239 
    20400121 
    20398201 
    20397922 
    20395710 
    20395246 
    20391979 
    20389137 
    20387526 
    20387519 
    20385989 
    20384491 
    20384268 
    20380601 
    20379242 
    20378233 
    20371133 
    20369236 
    20364373 
    20364209 
    20354458 
    20353850 
    20353275 
    20351580 
    20350798 
    20347204 
    20339211 
    20335121 
    20309686 
    20308520 
    20308264 
    20306161 
    20306084 
    20305410 
    20302726 
    20299443 
    20237037 
    20234323 
    20234214 
    20229860 
    20227797 
    20224732 
    20222794 
    20221579 
    20219072 
    20213693 
    20210670 
    20207499 
    20198277 
    20197541 
    20197397 
    20197344 
    20195167 
    20191072 
    20188601 
    20186025 
    20182712 
    20180102 
    20177834 
    20173453 
    20172908 
    20168286 
    20168284 
    20156622 
    20154488 
    20154073 
    20150250 
    20146959 
    20146589 
    20145579 
    20143289 
    20141083 
    20140611 
    20139253 
    20136737 
    20133071 
    20132557 
    20124294 
    20123851 
    20123849 
    20122515 
    20116273 
    20110782 
    20107421 
    20103508 
    20103300 
    20103299 
    20101153 
    20101150 
    20099976 
    20097498 
    20092375 
    20087533 
    20084475 
    20080896 
    20074598 
    20067987 
    20066540 
    20065123 
    20059314 
    20051397 
    20047843 
    20046001 
    20044265 
    20038738 
    20035188 
    20032160 
    20031503 
    20028927 
    20028722 
    20026982 
    20026981 
    20026974 
    20026969 
    20025539 
    20024881 
    20022516 
    20022140 
    20022134 
    20019404 
    20015657 
    20015586 
    20009199 
    20008993 
    20005653 
    20005529 
    20005459 
    20001475 
    19969512 
    19969392 
    19968287 
    19955796 
    19955790 
    19955789 
    19952801 
    19944595 
    19942313 
    19940968 
    19937406 
    19933240 
    19921339 
    19915840 
    19910140 
    19895175 
    19894070 
    19882335 
    19875512 
    19864078 
    19859858 
    19854758 
    19847358 
    19845034 
    19836163 
    19833638 
    19818636 
    19806038 
    19782478 
    19781806 
    19779928 
    19756867 
    19752008 
    19716312 
    19711206 
    19699648 
    19693437 
    19683358 
    19665324 
    19657751 
    19632063 
    19626378 
    19608585 
    19595471 
    19577320 
    19559496 
    19543947 
    19525359 
    19497605 
    19481832 
    19473777 
    19446975 
    19420903 
    19398291 
    19371962 
    19285820 
    19246170 
    19214626 
    19130320 
    19084367 
    22462148 
    22275043 
    20821113 
    20440921 
    20298390 
    20226345 
    20226344 
    20193567 
    20193335 
    20139837 
    20120845 
    20099747 
    20083875 
    20078711 
    20067054 
    20058697 
    20058696 
    20058682 
    20037858 
    20029782 
    20029558 
    20026540 
    20021952 
    20021867 
    20021862 
    20013629 
    20010503 
    20009453 
    19995659 
    19995654 
    19994602 
    19967484 
    19966357 
    19965304 
    19965303 
    19952025 
    19950560 
    19949671 
    19943597 
    19939778 
    19936344 
    19936331 
    19932283 
    19928327 
    19923580 
    19923070 
    19922830 
    19919057 
    19914979 
    19910425 
    19910422 
    19910420 
    19903855 
    19901884 
    19901512 
    19901180 
    19899375 
    19894437 
    19890828 
    19887967 
    19885322 
    19882925 
    19882922 
    19878170 
    19875353 
    19875054 
    19863331 
    19861994 
    19861990 
    19861905 
    19861902 
    19856877 
    19853973 
    19851188 
    19851186 
    19851183 
    19848098 
    19843732 
    19842248 
    19842247 
    19842246 
    19842245 
    19839458 
    19838037 
    19837771 
    19837768 
    19837767 
    19837761 
    19835344 
    19828998 
    19828539 
    19828420 
    19827995 
    19827587 
    19827559 
    19827556 
    19826199 
    19826197 
    19810140 
    19806854 
    19803526 
    19801221 
    19795338 
    19795329 
    19786715 
    19784877 
    19782418 
    19781319 
    19775608 
    19766523 
    19764509 
    19759116 
    19759111 
    19759099 
    19755799 
    19744743 
    19744635 
    19740266 
    19735111 
    19734817 
    19731260 
    19728921 
    19724171 
    19720283 
    19707986 
    19707978 
    19707976 
    19707908 
    19704342 
    19701153 
    19701109 
    19701106 
    19700566 
    19699921 
    19699920 
    19699919 
    19699917 
    19696297 
    19696261 
    19694578 
    19692977 
    19692831 
    19692816 
    19687763 
    19687221 
    19687220 
    19680740 
    19679971 
    19670790 
    19666423 
    19664211 
    19662344 
    19660381 
    19659837 
    19659656 
    19643858 
    19641474 
    19637819 
    19632942 
    19632852 
    19629984 
    19628378 
    19622963 
    19622304 
    19619793 
    19619449 
    19618610 
    19617733 
    19615286 
    19615270 
    19601520 
    19590457 
    19581638 
    19581637 
    19581636 
    19581253 
    19579863 
    19579015 
    19578652 
    19577048 
    19574939 
    19571281 
    19567143 
    19566290 
    19562438 
    19562240 
    19561284 
    19559258 
    19559256 
    19558959 
    19558958 
    19556853 
    19556132 
    19552978 
    19550247 
    19549907 
    19544790 
    19542959 
    19542954 
    19542953 
    19542946 
    19541609 
    19540037 
    19538892 
    19538891 
    19538879 
    19538871 
    19535669 
    19534253 
    19531453 
    19526977 
    19525465 
    19525453 
    19522215 
    19522201 
    19521130 
    19521129 
    19520905 
    19520743 
    19517341 
    19504092 
    19503669 
    19502074 
    19499790 
    19498300 
    19493691 
    19492198 
    19491524 
    19487964 
    19487962 
    19487961 
    19487850 
    19487848 
    19484354 
    19483288 
    19478128 
    19476851 
    19476276 
    19471220 
    19470821 
    19464906 
    19464822 
    19464641 
    19461407 
    19459575 
    19455956 
    19455459 
    19454408 
    19453526 
    19452248 
    19444550 
    19437097 
    19437096 
    19434460 
    19430784 
    19430783 
    19427551 
    19424759 
    19424100 
    19423010 
    19419818 
    19416508 
    19414080 
    19409891 
    19406595 
    19406442 
    19406050 
    19403224 
    19401483 
    19399270 
    19396440 
    19395909 
    19394746 
    19394556 
    19390554 
    19387210 
    19387207 
    19386444 
    19384069 
    19381115 
    19380411 
    19380172 
    19379992 
    19375054 
    19368985 
    19367450 
    19367446 
    19367205 
    19366724 
    19365181 
    19360441 
    19359282 
    19358442 
    19357228 
    19352293 
    19352285 
    19352266 
    19352256 
    19349485 
    19349386 
    19348852 
    19348277 
    19340527 
    19340526 
    19336598 
    19334796 
    19333516 
    19332513 
    19330177 
    19329321 
    19329219 
    19328570 
    19324277 
    19324119 
    19323899 
    19321155 
    19318993 
    19318478 
    19318322 
    19306785 
    19306784 
    19306781 
    19306745 
    19306010 
    19303529 
    19300059 
    19300058 
    19300057 
    19300056 
    19300050 
    19299033 
    19297166 
    19289439 
    19289430 
    19288816 
    19286509 
    19282791 
    19274011 
    19273475 
    19272791 
    19270019 
    19269991 
    19268326 
    19265503 
    19264250 
    19262009 
    19259910 
    19251098 
    19250769 
    19247211 
    19247092 
    19247091 
    19244009 
    19243866 
    19242830 
    19242303 
    19242055 
    19238391 
    19237294 
    19237050 
    19233668 
    19232178 
    19232174 
    19232171 
    19231414 
    19231413 
    19231098 
    19231024 
    19227157 
    19225943 
    19223750 
    19223415 
    19223414 
    19223408 
    19218133 
    19216085 
    19215826 
    19212106 
    19211260 
    19205840 
    19205838 
    19205833 
    19205017 
    19203812 
    19201718 
    19198244 
    19195730 
    19195192 
    19194704 
    19188326 
    19188319 
    19185384 
    19185161 
    19184999 
    19183471 
    19168836 
    19168248 
    19166238 
    19164239 
    19164230 
    19164218 
    19162496 
    19161794 
    19161741 
    19161740 
    19156850 
    19156000 
    19155297 
    19155201 
    19155090 
    19154919 
    19154901 
    19154894 
    19154893 
    19152243 
    19150243 
    19147026 
    19144446 
    19141127 
    19139117 
    19124238 
    19118267 
    19118231 
    19111933 
    19111932 
    19111362 
    19107479 
    19101325 
    19100641 
    19096952 
    19096322 
    19096320 
    19096317 
    19096305 
    19095576 
    19095373 
    19095367 
    19092385 
    19092376 
    19091899 
    19091887 
    19085687 
    19084355 
    19077783 
    19065657 
    19065104 
    19050875 
    19046631 
    19036570 
    19016303 
    19004519 
    18996706 
    18995919 
    18990507 
    18984780 
    18973116 
    18946704 
    18931837 
    18931838 
    18836886 
    18828012 
    18819724 
    18819161 
    18723240 
    18676056 
    18640802 
    18635284 
    18632217 
    18609416 
    18585820 
    18487079 
    18337683 
    18183409 
    20298309 
    19943430 
    19331838 
    19317283 
    19294876 
    19288801 
    19256759 
    19253855 
    19238632 
    19204474 
    19186683 
    19186682 
    19173997 
    19173915 
    19173807 
    19163367 
    19145939 
    19145931 
    19142701 
    19138964 
    19131926 
    19120534 
    19112200 
    19110759 
    19106909 
    19102930 
    19094904 
    19090436 
    19087519 
    19087342 
    19086608 
    19086605 
    19081868 
    19081865 
    19079597 
    19068772 
    19065509 
    19060511 
    19057268 
    19056713 
    19049786 
    19049763 
    19042177 
    19039633 
    19039263 
    19038727 
    19036682 
    19033792 
    19029981 
    19028285 
    19028270 
    19025950 
    19024481 
    19024315 
    19020214 
    19015534 
    19014777 
    19012212 
    19011352 
    19010859 
    19010280 
    19000513 
    19000452 
    18997667 
    18997037 
    18990326 
    18988293 
    18987523 
    18984277 
    18978560 
    18971833 
    18971827 
    18955925 
    18939433 
    18939415 
    18936613 
    18936612 
    18936611 
    18936610 
    18928537 
    18927324 
    18924306 
    18924145 
    18852078 
    18848459 
    18846350 
    18838884 
    18838848 
    18836697 
    18836376 
    18836374 
    18829492 
    18827615 
    18824709 
    18824705 
    18823717 
    18823506 
    18821346 
    18818985 
    18818574 
    18812340 
    18808716 
    18808168 
    18805261 
    18805198 
    18805196 
    18801952 
    18801089 
    18801087 
    18801086 
    18800385 
    18799919 
    18799917 
    18799405 
    18799318 
    18799039 
    18796557 
    18795491 
    18794276 
    18794269 
    18793952 
    18790966 
    18788639 
    18788435 
    18788305 
    18779614 
    18778536 
    18765585 
    18761275 
    18760928 
    18758311 
    18758298 
    18757336 
    18756367 
    18756366 
    18756359 
    18729562 
    18728544 
    18724619 
    18722279 
    18722132 
    18720933 
    18716517 
    18707868 
    18703347 
    18703345 
    18701177 
    18700578 
    18700576 
    18698039 
    18697557 
    18696206 
    18695792 
    18692266 
    18690382 
    18688028 
    18683689 
    18682940 
    18682881 
    18682719 
    18678355 
    18677206 
    18674686 
    18670862 
    18670859 
    18670846 
    18670805 
    18670303 
    18664846 
    18663166 
    18661128 
    18655652 
    18651256 
    18650172 
    18650169 
    18647920 
    18645378 
    18641255 
    18640297 
    18635890 
    18633265 
    18632812 
    18632536 
    18628460 
    18628324 
    18628319 
    18626158 
    18625689 
    18625349 
    18622953 
    18619380 
    18612790 
    18612133 
    18607593 
    18603181 
    18600423 
    18600415 
    18595800 
    18593370 
    18591921 
    18590539 
    18583574 
    18580246 
    18580244 
    18580241 
    18580236 
    18580235 
    18580232 
    18575734 
    18570858 
    18562782 
    18562751 
    18559525 
    18555033 
    18553238 
    18552311 
    18552144 
    18549933 
    18549513 
    18539889 
    18535878 
    18535874 
    18535873 
    18535804 
    18535523 
    18528695 
    18528184 
    18528183 
    18525309 
    18520814 
    18520810 
    18520809 
    18520801 
    18520552 
    18519226 
    18514781 
    18514339 
    18512524 
    18511647 
    18507963 
    18506722 
    18506666 
    18506662 
    18504748 
    18504665 
    18503912 
    18501099 
    18498836 
    18498030 
    18498029 
    18496460 
    18495536 
    18486986 
    18483085 
    18478853 
    18477034 
    18474334 
    18471382 
    18465126 
    18453737 
    18452846 
    18452692 
    18451505 
    18451275 
    18449075 
    18449012 
    18449011 
    18449010 
    18445859 
    18443173 
    18442958 
    18442575 
    18441414 
    18431157 
    18431150 
    18430856 
    18425418 
    18424949 
    18418596 
    18418021 
    18414349 
    18408977 
    18408643 
    18408640 
    18404791 
    18401976 
    18400125 
    18398638 
    18394750 
    18393180 
    18393179 
    18393175 
    18390390 
    18383679 
    18381942 
    18379368 
    18379353 
    18379306 
    18376441 
    18374761 
    18374589 
    18374513 
    18374499 
    18374225 
    18373810 
    18372457 
    18366353 
    18365983 
    18365822 
    18365818 
    18357490 
    18356662 
    18355490 
    18351344 
    18349458 
    18349457 
    18349396 
    18349282 
    18347522 
    18347518 
    18347407 
    18342967 
    18342844 
    18341272 
    18331971 
    18331968 
    18330756 
    18329480 
    18328584 
    18323864 
    18317959 
    18317300 
    18317079 
    18317067 
    18317066 
    18314327 
    18313791 
    18311534 
    18310297 
    18309948 
    18308956 
    18308420 
    18305574 
    18304700 
    18303441 
    18303440 
    18303433 
    18303432 
    18301893 
    18301402 
    18300808 
    18299162 
    18293562 
    18293042 
    18288049 
    18287859 
    18287273 
    18283453 
    18282373 
    18282357 
    18282355 
    18282353 
    18282351 
    18281777 
    18280614 
    18280613 
    18280003 
    18278213 
    18275863 
    18271456 
    18268401 
    18267183 
    18263680 
    18258380 
    18253072 
    18252884 
    18250987 
    18249130 
    18243849 
    18243404 
    18242764 
    18242247 
    18239919 
    18235105 
    18234438 
    18234432 
    18227827 
    18227543 
    18223238 
    18222234 
    18222216 
    18222147 
    18212229 
    18209980 
    18209534 
    18209530 
    18208584 
    18204955 
    18201878 
    18199626 
    18199618 
    18197136 
    18195583 
    18191496 
    18188517 
    18184677 
    18182694 
    18177978 
    18176007 
    18166834 
    18164849 
    18158953 
    18097260 
    18097254 
    18097252 
    18097247 
    18096398 
    18094319 
    18087748 
    18081901 
    18077538 
    18077530 
    18071012 
    18068798 
    18068784 
    18057932 
    18055062 
    18054124 
    18037590 
    18037581 
    18034241 
    18029051 
    18026950 
    18019629 
    18019619 
    17996384 
    17996383 
    17980511 
    17977738 
    17938921 
    17936405 
    17932670 
    17920724 
    17913282 
    17909795 
    17909790 
    17889446 
    17850919 
    17714905 
    17640764 
    17608754 
    19652669 
    19070019 
    18497503 
    18478942 
    18478939 
    18330088 
    18269870 
    18235398 
    18235392 
    18210767 
    18196801 
    18192101 
    18186434 
    18159699 
    18092135 
    18089646 
    18087190 
    18076764 
    18075718 
    18075436 
    18075426 
    18075294 
    18072487 
    18064937 
    18056777 
    18055292 
    18053364 
    18051111 
    18049856 
    18048826 
    18043368 
    18042932 
    18042929 
    18036894 
    18036893 
    18035273 
    18030191 
    18030049 
    18029878 
    18029112 
    18023132 
    18021687 
    18021641 
    18018644 
    18018572 
    18018569 
    18003526 
    18001544 
    17999839 
    17991329 
    17986113 
    17984017 
    17983948 
    17983947 
    17983946 
    17983944 
    17981173 
    17976614 
    17975497 
    17975491 
    17975149 
    17974282 
    17974276 
    17974269 
    17969989 
    17968782 
    17967322 
    17965644 
    17964957 
    17962061 
    17958854 
    17954129 
    17954085 
    17947484 
    17942814 
    17940297 
    17939911 
    17931171 
    17928499 
    17923745 
    17922971 
    17922270 
    17921946 
    17921085 
    17920352 
    17911517 
    17909358 
    17909353 
    17909002 
    17908518 
    17904303 
    17903496 
    17900005 
    17896784 
    17896396 
    17896365 
    17895795 
    17895794 
    17891243 
    17890462 
    17888953 
    17880166 
    17879371 
    17876555 
    17876154 
    17876129 
    17873177 
    17873176 
    17873169 
    17873168 
    17873163 
    17873138 
    17870274 
    17869659 
    17853676 
    17851810 
    17846845 
    17844948 
    17827465 
    17825950 
    17822026 
    17805059 
    17803872 
    17786439 
    17785570 
    17765466 
    17763696 
    17763686 
    17763680 
    17760269 
    17729341 
    17726071 
    17724680 
    17723947 
    17720652 
    17720408 
    17720403 
    17718062 
    17715414 
    17707281 
    17707278 
    17706528 
    17706527 
    17706526 
    17705017 
    17705012 
    17704242 
    17702686 
    17701257 
    17700275 
    17697179 
    17691766 
    17690792 
    17687098 
    17687093 
    17684586 
    17682468 
    17679474 
    17675945 
    17675180 
    17673427 
    17670735 
    17669891 
    17669863 
    17669837 
    17667432 
    17664579 
    17662928 
    17662186 
    17654907 
    17646467 
    17646466 
    17646435 
    17645850 
    17642214 
    17635892 
    17635480 
    17634905 
    17634848 
    17634845 
    17634842 
    17634490 
    17632431 
    17627611 
    17626788 
    17626406 
    17626397 
    17625387 
    17623254 
    17619499 
    17616383 
    17610119 
    17607214 
    17606189 
    17603307 
    17599506 
    17598906 
    17598417 
    17597250 
    17596748 
    17596746 
    17596742 
    17593417 
    17589301 
    17588408 
    17588407 
    17585414 
    17583640 
    17583253 
    17583136 
    17581910 
    17581719 
    17579599 
    17574133 
    17573622 
    17573517 
    17570608 
    17566597 
    17562276 
    17562272 
    17562248 
    17560980 
    17556871 
    17555072 
    17555071 
    17554980 
    17545844 
    17545531 
    17545510 
    17544146 
    17541749 
    17539834 
    17539195 
    17538525 
    17538394 
    17537538 
    17534169 
    17534167 
    17532985 
    17532938 
    17532932 
    17530250 
    17527123 
    17526606 
    17521442 
    17519142 
    17517082 
    17515395 
    17513066 
    17512190 
    17509259 
    17506012 
    17505585 
    17504877 
    17504862 
    17504386 
    17497099 
    17494800 
    17493699 
    17478008 
    17475975 
    17475964 
    17475962 
    17475952 
    17475581 
    17473941 
    17473498 
    17468462 
    17467426 
    17464256 
    17462407 
    17457286 
    17457236 
    17457233 
    17455878 
    17455741 
    17453521 
    17453514 
    17452875 
    17452874 
    17451842 
    17450248 
    17449764 
    17449377 
    17448671 
    17447515 
    17446001 
    17443995 
    17441234 
    17438474 
    17436672 
    17436432 
    17436189 
    17435862 
    17434072 
    17430251 
    17428168 
    17426235 
    17426206 
    17426205 
    17425210 
    17424976 
    17412254 
    17410028 
    17409811 
    17404812 
    17398018 
    17397618 
    17393589 
    17392256 
    17387565 
    17383768 
    17380434 
    17377185 
    17373589 
    17363449 
    17361379 
    17353064 
    17349299 
    17343940 
    17342579 
    17341902 
    17340072 
    17339140 
    17336230 
    17335654 
    17331966 
    17331671 
    17329683 
    17325080 
    17320577 
    17315089 
    17314613 
    17314611 
    17313032 
    17311765 
    17311309 
    17306394 
    17299649 
    17298447 
    17296637 
    17293230 
    17286235 
    17278894 
    17273799 
    17272977 
    17272228 
    17268367 
    17268028 
    17268017 
    17268016 
    17266086 
    17264775 
    17258339 
    17249144 
    17243205 
    17242579 
    17242566 
    17242561 
    17242317 
    17242237 
    17239556 
    17237010 
    17236977 
    17225705 
    17223570 
    17222373 
    17222372 
    17219276 
    17218590 
    17218584 
    17207691 
    17207039 
    17204722 
    17204720 
    17204719 
    17204716 
    17204701 
    17204695 
    17204694 
    17198837 
    17198346 
    17197120 
    17189070 
    17184694 
    17184670 
    17184669 
    17180333 
    17179913 
    17179809 
    17179346 
    17176981 
    17167760 
    17159543 
    17157622 
    17152051 
    17137819 
    17129635 
    17124382 
    17112773 
    17112758 
    17109169 
    17103167 
    17101735 
    17097847 
    17095115 
    17084485 
    17069931 
    17068326 
    17060487 
    17058078 
    17046099 
    17021839 
    17021707 
    16909219 
    16896664 
    16896660 
    16715239 
    16683115 
    17946204 
    17946104 
    17764204 
    17608064 
    17533745 
    17415998 
    17409997 
    17409977 
    17409933 
    17409906 
    17409905 
    17409894 
    17409883 
    17409882 
    17409878 
    17409873 
    17409858 
    17409845 
    17409833 
    17409831 
    17409830 
    17315506 
    17274375 
    17268333 
    17268330 
    17233385 
    17228856 
    17228275 
    17188146 
    17182374 
    17182373 
    17173777 
    17173776 
    17166999 
    17166998 
    17166377 
    17160160 
    17150162 
    17149002 
    17145532 
    17140957 
    17138746 
    17138742 
    17138741 
    17138734 
    17134024 
    17127977 
    17127956 
    17127166 
    17126212 
    17126096 
    17119351 
    17118847 
    17116005 
    17114674 
    17114376 
    17114084 
    17114077 
    17112002 
    17111703 
    17111584 
    17111390 
    17108728 
    17105986 
    17102052 
    17101410 
    17099780 
    17094906 
    17089847 
    17089825 
    17088685 
    17088683 
    17086525 
    17084065 
    17079825 
    17079814 
    17071156 
    17070448 
    17068084 
    17064802 
    17062256 
    17062254 
    17062253 
    17059942 
    17056930 
    17056268 
    17054327 
    17053859 
    17053382 
    17052015 
    17050879 
    17045006 
    17039492 
    17036525 
    17036361 
    17035060 
    17028549 
    17026817 
    17026811 
    17022245 
    17021429 
    17020967 
    17020961 
    17015895 
    17011450 
    16998194 
    16996906 
    16989751 
    16985377 
    16985370 
    16985164 
    16982554 
    16982543 
    16982542 
    16974120 
    16972643 
    16969491 
    16969262 
    16967780 
    16966480 
    16963667 
    16962783 
    16959519 
    16955087 
    16954024 
    16953479 
    16952853 
    16952312 
    16952037 
    16950145 
    16939120 
    16937302 
    16934695 
    16930766 
    16929086 
    16928692 
    16928527 
    16925490 
    16919841 
    16916332 
    16915161 
    16915069 
    16915065 
    16902881 
    16898464 
    16897320 
    16894415 
    16892894 
    16885617 
    16883016 
    16883004 
    16880236 
    16875634 
    16872091 
    16863739 
    16861526 
    16861137 
    16859874 
    16857796 
    16856575 
    16856570 
    16855443 
    16855427 
    16849747 
    16849743 
    16844733 
    16840993 
    16840418 
    16826354 
    16818939 
    16802241 
    16802240 
    16802234 
    16802233 
    16802232 
    16801040 
    16798423 
    16798357 
    16798261 
    16795969 
    16794168 
    16791800 
    16785806 
    16785803 
    16785471 
    16782729 
    16778226 
    16770232 
    16770231 
    16770229 
    16770228 
    16762610 
    16762274 
    16759617 
    16758370 
    16750018 
    16737627 
    16737623 
    16733150 
    16731115 
    16723795 
    16720848 
    16720242 
    16720142 
    16719146 
    16715897 
    16715674 
    16715673 
    16715455 
    16714903 
    16710105 
    16706386 
    16702929 
    16702928 
    16702748 
    16698359 
    16698114 
    16688451 
    16682256 
    16682136 
    16679755 
    16679747 
    16678581 
    16676520 
    16673059 
    16671379 
    16670870 
    16644759 
    16644410 
    16641356 
    16640803 
    16639689 
    16638358 
    16635407 
    16632744 
    16632427 
    16631679 
    16629461 
    16627201 
    16622339 
    16622337 
    16621901 
    16620664 
    16619487 
    16615424 
    16615420 
    16613549 
    16612866 
    16612776 
    16612733 
    16612588 
    16612160 
    16609351 
    16607586 
    16604024 
    16595997 
    16595488 
    16595487 
    16586080 
    16580440 
    16570185 
    16567772 
    16567767 
    16564242 
    16564241 
    16563636 
    16557206 
    16556714 
    16553158 
    16552234 
    16550018 
    16550010 
    16548907 
    16548192 
    16546677 
    16545488 
    16537876 
    16536992 
    16523822 
    16515707 
    16514531 
    16513615 
    16513614 
    16513610 
    16513611 
    16512984 
    16512980 
    16498938 
    16498267 
    16498090 
    16495729 
    16493531 
    16492931 
    16490562 
    16482935 
    16482915 
    16482901 
    16480332 
    16478857 
    16478697 
    16477930 
    16475693 
    16472939 
    16468448 
    16465946 
    16462186 
    16455825 
    16455636 
    16452580 
    16450084 
    16446055 
    16443709 
    16440682 
    16436809 
    16436491 
    16427824 
    16427823 
    16424699 
    16424687 
    16424242 
    16423932 
    16423207 
    16421409 
    16418864 
    16409881 
    16405752 
    16397030 
    16396951 
    16386435 
    16377488 
    16377420 
    16376444 
    16369826 
    16365577 
    16337397 
    16314942 
    16270214 
    16266820 
    16226394 
    16220306 
    16198064 
    16193313 
    16180030 
    16168660 
    16152615 
    16151765 
    16086181 
    16043954 
    16001172 
    17354734 
    16756153 
    16685981 
    16579344 
    16511583 
    16475763 
    16447470 
    16438859 
    16437039 
    16421501 
    16410674 
    16398616 
    16398322 
    16374077 
    16366374 
    16361139 
    16352762 
    16344470 
    16340835 
    16336099 
    16333167 
    16319640 
    16318811 
    16317217 
    16316759 
    16313793 
    16308994 
    16308006 
    16306037 
    16305837 
    16304301 
    16304006 
    16302132 
    16296122 
    16294182 
    16294177 
    16293866 
    16291305 
    16281866 
    16280105 
    16276444 
    16274762 
    16269604 
    16269601 
    16266571 
    16256231 
    16254114 
    16248390 
    16248386 
    16244276 
    16242512 
    16236979 
    16236914 
    16236886 
    16236618 
    16234534 
    16233894 
    16225943 
    16222311 
    16219937 
    16219928 
    16218344 
    16208188 
    16208177 
    16206654 
    16204056 
    16200037 
    16192911 
    16192576 
    16185964 
    16184736 
    16182993 
    16181845 
    16181842 
    16180031 
    16177421 
    16173132 
    16172572 
    16170191 
    16170034 
    16168828 
    16167047 
    16167039 
    16164196 
    16163034 
    16162742 
    16157989 
    16157537 
    16157531 
    16156352 
    16155447 
    16151767 
    16145222 
    16144919 
    16140541 
    16133395 
    16133382 
    16132033 
    16127376 
    16125870 
    16122411 
    16122410 
    16111805 
    16100491 
    16100156 
    16099601 
    16097636 
    16096588 
    16087377 
    16087077 
    16086545 
    16086544 
    16086542 
    16085592 
    16078714 
    16077335 
    16061030 
    16052428 
    16051337 
    16046432 
    16044216 
    16037686 
    16036155 
    16027522 
    16023045 
    16019093 
    16015038 
    16014441 
    16010251 
    16006584 
    16005575 
    16004333 
    16001726 
    16000602 
    16000601 
    15999056 
    15997503 
    15995604 
    15992753 
    15990331 
    15989999 
    15988681 
    15988680 
    15987980 
    15984900 
    15984512 
    15983939 
    15983940 
    15979817 
    15978829 
    15977582 
    15973662 
    15972412 
    15970984 
    15968756 
    15968322 
    15967114 
    15966375 
    15958536 
    15958460 
    15953716 
    15949595 
    15947349 
    15939693 
    15930019 
    15928490 
    15927502 
    15926097 
    15923725 
    15923572 
    15916143 
    15913841 
    15912428 
    15912426 
    15906960 
    15902359 
    15898414 
    15898411 
    15898410 
    15896624 
    15895601 
    15891505 
    15888868 
    15886307 
    15886306 
    15883125 
    15877227 
    15875553 
    15875178 
    15872346 
    15869461 
    15866135 
    15864704 
    15854428 
    15854427 
    15854393 
    15852255 
    15850948 
    15850904 
    15847812 
    15847810 
    15845183 
    15841374 
    15838426 
    15837727 
    15834623 
    15833404 
    15829325 
    15829317 
    15828822 
    15828258 
    15827416 
    15827405 
    15825569 
    15825210 
    15823460 
    15817360 
    15816612 
    15809493 
    15800765 
    15800348 
    15799827 
    15798620 
    15798344 
    15791438 
    15790860 
    15785955 
    15777977 
    15776130 
    15776128 
    15775688 
    15774802 
    15772951 
    15772540 
    15772539 
    15772538 
    15771807 
    15767106 
    15766694 
    15765376 
    15765294 
    15764885 
    15764884 
    15764883 
    15754991 
    15753789 
    15750152 
    15746749 
    15737837 
    15735147 
    15735129 
    15734419 
    15732354 
    15731960 
    15729183 
    15729116 
    15726357 
    15725309 
    15722832 
    15722822 
    15721762 
    15719294 
    15718309 
    15717197 
    15714310 
    15711723 
    15708242 
    15705978 
    15695787 
    15695786 
    15695784 
    15693644 
    15691465 
    15691245 
    15688837 
    15680811 
    15675598 
    15671350 
    15670259 
    15668143 
    15665676 
    15657819 
    15657793 
    15647684 
    15647675 
    15647674 
    15639722 
    15639713 
    15633048 
    15632043 
    15620991 
    15620955 
    15620907 
    15604981 
    15604979 
    15604975 
    15604964 
    15603854 
    15603850 
    15599526 
    15583798 
    15529306 
    23570092 
    17411738 
    16429617 
    16264792 
    16145946 
    15968601 
    15852723 
    15852721 
    15777509 
    15762360 
    15727084 
    15700654 
    15700630 
    15690613 
    15688796 
    15682852 
    15682847 
    15679244 
    15671780 
    15651600 
    15650454 
    15650452 
    15646749 
    15640776 
    15634527 
    15596371 
    15588872 
    15587868 
    15587352 
    15585482 
    15581820 
    15577589 
    15576340 
    15573074 
    15568588 
    15566675 
    15566002 
    15562552 
    15561807 
    15561000 
    15560998 
    15559234 
    15558507 
    15558505 
    15558500 
    15552792 
    15552787 
    15552785 
    15552784 
    15550194 
    15545903 
    15545897 
    15545887 
    15545878 
    15541828 
    15539740 
    15538149 
    15537972 
    15536347 
    15535057 
    15534066 
    15525885 
    15519800 
    15517138 
    15516678 
    15515747 
    15508268 
    15501738 
    15500150 
    15500145 
    15498895 
    15487740 
    15483505 
    15483502 
    15483025 
    15477473 
    15477337 
    15476596 
    15473931 
    15471832 
    15471827 
    15471667 
    15471662 
    15468943 
    15465222 
    15465191 
    15464469 
    15464384 
    15453959 
    15451355 
    15450733 
    15450136 
    15447986 
    15447979 
    15385327 
    15383206 
    15382822 
    15382313 
    15382304 
    15382303 
    15382300 
    15382293 
    15381872 
    15380739 
    15380574 
    15377687 
    15371461 
    15369454 
    15365447 
    15365446 
    15365445 
    15364753 
    15363231 
    15362743 
    15361417 
    15359927 
    15357166 
    15354098 
    15354087 
    15352565 
    15350382 
    15337533 
    15337482 
    15337041 
    15332394 
    15331993 
    15319596 
    15317895 
    15312372 
    15311135 
    15311116 
    15310769 
    15310768 
    15306761 
    15304661 
    15301881 
    15299064 
    15299061 
    15299058 
    15299056 
    15299050 
    15299047 
    15287632 
    15287344 
    15285157 
    15285156 
    15278387 
    15277621 
    15271838 
    15270901 
    15270660 
    15269688 
    15269143 
    15260075 
    15259648 
    15259636 
    15258700 
    15258035 
    15249827 
    15249451 
    15246521 
    15246199 
    15244386 
    15243410 
    15243408 
    15241599 
    15232688 
    15230758 
    15223868 
    15223490 
    15223435 
    15221296 
    15221154 
    15220751 
    15220749 
    15220747 
    15216437 
    15215543 
    15213078 
    15209187 
    15207217 
    15206563 
    15201095 
    15199105 
    15197548 
    15197501 
    15197196 
    15196731 
    15196730 
    15195760 
    15195479 
    15195004 
    15193251 
    15192468 
    15192467 
    15189955 
    15189954 
    15186607 
    15186606 
    15186605 
    15181136 
    15181126 
    15175835 
    15173783 
    15171453 
    15169809 
    15168454 
    15166885 
    15162995 
    15162987 
    15152926 
    15150014 
    15140545 
    15129703 
    15126656 
    15124041 
    15124040 
    15114384 
    15114379 
    15114279 
    15114278 
    15111682 
    15111185 
    15110450 
    15108420 
    15105451 
    15103586 
    15103582 
    15103275 
    15100107 
    15098629 
    15098628 
    15096984 
    15096982 
    15093902 
    15093892 
    15093811 
    15086969 
    15084382 
    15078769 
    15078754 
    15075909 
    15075906 
    15075431 
    15072184 
    15072180 
    15069336 
    15069328 
    15067959 
    15067958 
    15061261 
    15061260 
    15061259 
    15059541 
    15059357 
    15057489 
    15057156 
    15052207 
    15052206 
    15044750 
    15034680 
    15034679 
    15031813 
    15031703 
    15031699 
    15029463 
    15027336 
    15026591 
    15014903 
    15014053 
    15013719 
    15013583 
    15011866 
    15005293 
    15000251 
    14998472 
    14991241 
    14990670 
    14981835 
    14976889 
    14872371 
    14769730 
    14768759 
    14758513 
    14756351 
    14752180 
    14736840 
    14736837 
    14734668 
    14733092 
    14730332 
    14730040 
    14727146 
    14726072 
    14716227 
    14712416 
    14702436 
    14697158 
    14667262 
    14647984 
    14574513 
    15931313 
    15024957 
    15003103 
    14989624 
    14983117 
    14971621 
    14971606 
    14971150 
    14743901 
    14728832 
    14723001 
    14716112 
    14714320 
    14707923 
    14689096 
    14688710 
    14688704 
    14688703 
    14688674 
    14686261 
    14682126 
    14672356 
    14668998 
    14665988 
    14665776 
    14663372 
    14663319 
    14663317 
    14661548 
    14660717 
    14660716 
    14651360 
    14651358 
    14645981 
    14644916 
    14644905 
    14644898 
    14644890 
    14644529 
    14635086 
    14628960 
    14627847 
    14625662 
    14619500 
    14617005 
    14614760 
    14611913 
    14611912 
    14611911 
    14610319 
    14605077 
    14600601 
    14587408 
    14587240 
    14579091 
    14579081 
    14575387 
    14575384 
    14569166 
    14556461 
    14552580 
    14534682 
    14530480 
    14530465 
    14529795 
    14529793 
    14529686 
    14519875 
    14515084 
    14514974 
    14512653 
    14512512 
    14512134 
    14508857 
    14508852 
    14508850 
    14508847 
    14508282 
    14508270 
    14503543 
    14503542 
    14503541 
    14502366 
    14499326 
    14499159 
    14499148 
    13679538 
    12973014 
    12973013 
    12973006 
    12972996 
    12971634 
    12970014 
    12966477 
    12963217 
    12963129 
    12960196 
    12960187 
    12956449 
    12954120 
    12944057 
    12944053 
    12937692 
    12934405 
    12931325 
    12928117 
    12927663 
    12926175 
    12926086 
    12919167 
    12917543 
    12917532 
    12914090 
    12912960 
    12904322 
    12902418 
    12902410 
    12899132 
    12898201 
    12897654 
    12897333 
    12895641 
    12894010 
    12892018 
    12886128 
    12885278 
    12882756 
    12879339 
    12871057 
    12869619 
    12867075 
    12861494 
    12860940 
    12856157 
    12854439 
    12853358 
    12853066 
    12852339 
    12847652 
    12846548 
    12846540 
    12845490 
    12839425 
    12833596 
    12830048 
    12828882 
    12820714 
    12820713 
    12820712 
    12820470 
    12820451 
    12819404 
    12815140 
    12815135 
    12815132 
    12812212 
    12796051 
    12794601 
    12791822 
    12790335 
    12781430 
    12781073 
    12775751 
    12775261 
    12759654 
    12749713 
    12746351 
    12746350 
    12746349 
    12743856 
    12740645 
    12740292 
    12739334 
    12739070 
    12736756 
    12735586 
    12734691 
    12727062 
    12727051 
    12714949 
    12712329 
    12703765 
    12702946 
    12700484 
    12698159 
    12693885 
    12692685 
    12691125 
    12679397 
    12679396 
    12678994 
    12673163 
    12672353 
    12671014 
    12666320 
    12665331 
    12664112 
    12663716 
    12654451 
    12654445 
    12646436 
    12646435 
    12645726 
    12645384 
    12643009 
    12642727 
    12642717 
    12642709 
    12634961 
    12620999 
    12620997 
    12612809 
    12610864 
    12609575 
    12609570 
    12607251 
    12601181 
    12600305 
    12592137 
    12592136 
    12592128 
    12589476 
    12584389 
    12582775 
    12581567 
    12579319 
    12576364 
    12576346 
    12572703 
    12572702 
    12572701 
    12572700 
    12571221 
    12571214 
    12571213 
    12571212 
    12563141 
    12559345 
    12550017 
    12548039 
    12544141 
    12544133 
    12537221 
    12536242 
    12528364 
    12527584 
    12527574 
    12527573 
    12527568 
    12525238 
    12525232 
    12515872 
    12511720 
    12511695 
    12509991 
    12509768 
    12501018 
    12499064 
    12499063 
    12499062 
    12499061 
    12499060 
    12499059 
    12493969 
    12493968 
    12483413 
    12814044 
    12696245 
    12621828 
    12607954 
    12583482 
    12577016 
    12560619 
    12524653 
    12524652 
    12524651 
    12524650 
    12524491 
    12522633 
    12519735 
    12519734 
    12508845 
    12506768 
    12506767 
    12493299 
    12475827 
    12468140 
    12468066 
    12467826 
    12462722 
    12461245 
    12451469 
    12450554 
    12445745 
    12440622 
    12433051 
    12429617 
    12425887 
    12425503 
    12419428 
    12418307 
    12416898 
    12416581 
    12411550 
    12411544 
    12409597 
    12409588 
    12403687 
    12394139 
    12394123 
    12391950 
    12386771 
    12382364 
    12382027 
    12371581 
    12368917 
    12368367 
    12367808 
    12367807 
    12352120 
    12352111 
    12352110 
    12349915 
    12271430 
    12271414 
    12239453 
    12232872 
    12232871 
    12232868 
    12232867 
    12232865 
    12231515 
    12226060 
    12224403 
    12223929 
    12215561 
    12215557 
    12209587 
    12206749 
    12202868 
    12199913 
    12195091 
    12192561 
    12192295 
    12192279 
    12183111 
    12173022 
    12173015 
    12171534 
    12171531 
    12170014 
    12170013 
    12170007 
    12168935 
    12166263 
    12145576 
    12145571 
    12139802 
    12138655 
    12138653 
    12134364 
    12126530 
    12126096 
    12118750 
    12118333 
    12114410 
    12111132 
    12111127 
    12105801 
    12105800 
    12101651 
    12097456 
    12097455 
    12094428 
    12091675 
    12088301 
    12082371 
    12077916 
    12077911 
    12077910 
    12077909 
    12074319 
    12073632 
    12073630 
    12072843 
    12069119 
    12067968 
    12064683 
    12064681 
    12064680 
    12060823 
    12057864 
    12057859 
    12057860 
    12055391 
    12055386 
    12050318 
    12049568 
    12048092 
    12045443 
    12045431 
    12043903 
    12029557 
    12029555 
    12029543 
    12027471 
    12025225 
    12009241 
    12002710 
    11999004 
    11997552 
    11996464 
    11996060 
    11986769 
    11981582 
    11978336 
    11978328 
    11965604 
    11956368 
    11953582 
    11953580 
    11948260 
    11948077 
    11940470 
    11932155 
    11929020 
    11926387 
    11922730 
    11914899 
    11914668 
    11906878 
    11901922 
    11901907 
    11893634 
    11884771 
    11879626 
    11879618 
    11876240 
    11876236 
    11872280 
    11872279 
    11869015 
    11862212 
    11852623 
    11850490 
    11850480 
    11845848 
    11844597 
    11844441 
    11839068 
    11838649 
    11834020 
    11833840 
    11830312 
    11830310 
    11818465 
    11813815 
    11809983 
    11807615 
    11805483 
    11804691 
    11801701 
    11786565 
    11777622 
    11764664 
    11748445 
    16201194 
    12940078 
    12901492 
    12092212 
    12057140 
    11989604 
    11940420 
    11924229 
    11924183 
    11924180 
    11924178 
    11924148 
    11911310 
    11903182 
    11902566 
    11902536 
    11901837 
    11873869 
    11859724 
    11831394 
    11822755 
    11806085 
    11798568 
    11797531 
    11797293 
    11788815 
    11780180 
    11779970 
    11774391 
    11769705 
    11762823 
    11762351 
    11758947 
    11757638 
    11752076 
    11752075 
    11742903 
    11740988 
    11739224 
    11720751 
    11720749 
    11715319 
    11711720 
    11711719 
    11709574 
    11709143 
    11704312 
    11702434 
    11702115 
    11702114 
    11698012 
    11696628 
    11696627 
    11693903 
    11689785 
    11679943 
    11665943 
    11602999 
    11600816 
    11599183 
    11598493 
    11595842 
    11595841 
    11595840 
    11595839 
    11594269 
    11587059 
    11585863 
    11585862 
    11585860 
    11585292 
    11585291 
    11585101 
    11577766 
    11577757 
    11577755 
    11567804 
    11567179 
    11564920 
    11556202 
    11551404 
    11550723 
    11550162 
    11535718 
    11524817 
    11518747 
    11517541 
    11514705 
    11512406 
    11512300 
    11509265 
    11507291 
    11505288 
    11505287 
    11505286 
    11504091 
    11504075 
    11502653 
    11489808 
    11483884 
    11481584 
    11477267 
    11476164 
    11469246 
    11463551 
    11456373 
    11452190 
    11448067 
    11440038 
    11440031 
    11440029 
    11431107 
    11413260 
    11411122 
    11408816 
    11401078 
    11398879 
    11398041 
    11397402 
    11396217 
    11388576 
    11386915 
    11383871 
    11380213 
    11374375 
    11371141 
    11357499 
    11355142 
    11347350 
    11343227 
    11343197 
    11342941 
    11338018 
    11337583 
    11337581 
    11337545 
    11337520 
    11337516 
    11326319 
    11317045 
    11317024 
    11317019 
    11317017 
    11317014 
    11306867 
    11303885 
    11303372 
    11302341 
    11296386 
    11294373 
    11292210 
    11286831 
    11285775 
    11282434 
    11280778 
    11279796 
    11277142 
    11259966 
    11255730 
    11245498 
    11245108 
    11243980 
    11242909 
    11236535 
    11224748 
    11182051 
    11181324 
    11180735 
    11171706 
    11167939 
    11165427 
    11162866 
    11139071 
    11139069 
    11134203 
    11125281 
    11121862 
    11899654 
    11280863 
    11268449 
    11210093 
    11194952 
    11193454 
    11193321 
    11189940 
    11186437 
    11184751 
    11184750 
    11184749 
    11155699 
    11155454 
    11155447 
    11132545 
    11127052 
    11122828 
    11115447 
    11110966 
    11109804 
    11108159 
    11105815 
    11103411 
    11103410 
    11091926 
    11091925 
    11091113 
    11087654 
    11083544 
    11083532 
    11081917 
    11081861 
    11079597 
    11079581 
    11079486 
    11079112 
    11077722 
    11076189 
    11064564 
    11062099 
    11059674 
    11057407 
    11051227 
    11045785 
    11043393 
    11041023 
    11040332 
    11039452 
    11037995 
    11028711 
    11028710 
    11024379 
    11023025 
    11016764 
    11014099 
    10994730 
    10984898 
    10967752 
    10967627 
    10967628 
    10966189 
    10960940 
    10953333 
    10952499 
    10952351 
    10945530 
    10944033 
    10939603 
    10930100 
    10930038 
    10928381 
    10928175 
    10928046 
    10922074 
    10920697 
    10912651 
    10912647 
    10912646 
    10912645 
    10911013 
    10911007 
    10903708 
    10901448 
    10894223 
    10885699 
    10884736 
    10882281 
    10870544 
    10869746 
    10857158 
    10855260 
    10855258 
    10853809 
    10837952 
    10835983 
    10834198 
    10831716 
    10830525 
    10826352 
    10824742 
    10824548 
    10823322 
    10823009 
    10813726 
    10812188 
    10810198 
    10809197 
    10807805 
    10803031 
    10796051 
    10795697 
    10795695 
    10787760 
    10777461 
    10776885 
    10773558 
    10768568 
    10766569 
    10763092 
    10750966 
    10750733 
    10750724 
    10749021 
    10741702 
    10731756 
    10730234 
    10726257 
    10716316 
    10713005 
    10701623 
    10688113 
    10688112 
    10683077 
    10682771 
    10682770 
    10675540 
    10669673 
    10663007 
    10657913 
    10656662 
    10654153 
    10649518 
    10647609 
    10634527 
    10607803 
    11245087 
    10889707 
    10888388 
    10850330 
    10850296 
    10804659 
    10778320 
    10656603 
    10635071 
    10632626 
    10629837 
    10624770 
    10619522 
    10616885 
    10616880 
    10615669 
    10615666 
    10615665 
    10605681 
    10600585 
    10597015 
    10595474 
    10587793 
    10572909 
    10566607 
    10565770 
    10552093 
    10551237 
    10550149 
    10536941 
    10533451 
    10533192 
    10526294 
    10526275 
    10524805 
    10520701 
    10511583 
    10510886 
    10510885 
    10510001 
    10506619 
    10504797 
    10501058 
    10499645 
    10494608 
    10487553 
    10486538 
    10481766 
    10478746 
    10478250 
    10478178 
    10477488 
    10472350 
    10472080 
    10470172 
    10466538 
    10452319 
    10452315 
    10435383 
    10427343 
    10423767 
    10422568 
    10419377 
    10414261 
    10410142 
    10407687 
    10402013 
    10395832 
    10392379 
    10392378 
    10392375 
    10389013 
    10382099 
    10378048 
    10373759 
    10372334 
    10369954 
    10369951 
    10363305 
    10359149 
    10356687 
    10355949 
    10348289 
    10344751 
    10339643 
    10322097 
    10319756 
    10230281 
    10218620 
    10217614 
    10215230 
    10210215 
    10210214 
    10210213 
    10208202 
    10199945 
    10198979 
    10098445 
    10096967 
    10092926 
    10088259 
    10078926 
    10076973 
    10071281 
    10024112 
    9988065 
    9925088 
    9885604 
    9864415 
    10234665 
    10193345 
    10081491 
    10037834 
    9972373 
    9951421 
    9931854 
    9931622 
    9930463 
    9873130 
    9871097 
    9863674 
    9862049 
    9861621 
    9858290 
    9858288 
    9857995 
    9853329 
    9830661 
    9829721 
    9829602 
    9828860 
    9823912 
    9809561 
    9805748 
    9800237 
    9799345 
    9792584 
    9790039 
    9779075 
    9776298 
    9776283 
    9776279 
    9768946 
    9756173 
    9756172 
    9753918 
    9750837 
    9749095 
    9747607 
    9745254 
    9744357 
    9735987 
    9735981 
    9734584 
    9731895 
    9728346 
    9724372 
    9713219 
    9712381 
    9708521 
    9708496 
    9690304 
    9680582 
    9676948 
    9669408 
    9669398 
    9669378 
    9667731 
    9658484 
    9655294 
    9647121 
    9631364 
    9627336 
    9626214 
    9626211 
    9622819 
    9619933 
    9609902 
    9609844 
    9607330 
    9605668 
    9604829 
    9594487 
    9580849 
    9579847 
    9577492 
    9574618 
    9563889 
    9557059 
    9553172 
    9544671 
    9539911 
    9534193 
    9530038 
    9508193 
    9506364 
    9500607 
    9499267 
    9476924 
    9476922 
    9472651 
    9467164 
    9460106 
    9456937 
    9450567 
    9443743 
    9443730 
    9443725 
    10174158 
    9627439 
    9616969 
    9591454 
    9508470 
    9486052 
    9484938 
    9480534 
    9480492 
    9463138 
    9446122 
    9440881 
    9426090 
    9423210 
    9414170 
    9412252 
    9406719 
    9406703 
    9406698 
    9406694 
    9404744 
    9404742 
    9397450 
    9393187 
    9379202 
    9375982 
    9368219 
    9353835 
    9343724 
    9336133 
    9327288 
    9323264 
    9310172 
    9307471 
    9298294 
    9293787 
    9293708 
    9280220 
    9270036 
    9267488 
    9266877 
    9262087 
    9248260 
    9239608 
    9226329 
    9225819 
    9225818 
    9225781 
    9217030 
    9213960 
    9213301 
    9212902 
    9212823 
    9198823 
    9193833 
    9190512 
    9179219 
    9179197 
    9176535 
    9170619 
    9170433 
    9161793 
    9158496 
    9155543 
    9151165 
    9145015 
    9144854 
    9137966 
    9137495 
    9129445 
    9129444 
    9102424 
    9099482 
    9096096 
    9095575 
    9083164 
    9077095 
    9076770 
    9074515 
    9067683 
    9057532 
    9044417 
    9025762 
    9015071 
    9015070 
    10163651 
    9363150 
    9162298 
    9032867 
    8980969 
    8969063 
    8965349 
    8965348 
    8965150 
    8957608 
    8952258 
    8940729 
    8940715 
    8939245 
    8939112 
    8939111 
    8939094 
    8925857 
    8925848 
    8922864 
    8915290 
    8892467 
    8883709 
    8882081 
    8879886 
    8879875 
    8869347 
    8843680 
    8833612 
    8831228 
    8829284 
    8822747 
    8814720 
    8810687 
    8800461 
    8800459 
    8800448 
    8799244 
    8790196 
    8790186 
    8778640 
    8772657 
    8772654 
    8765921 
    8763882 
    8761434 
    8741531 
    8741507 
    8733485 
    8729997 
    8725371 
    8708755 
    8708754 
    8706258 
    8703988 
    8699618 
    8699615 
    8698055 
    8693227 
    8692485 
    8683877 
    8683319 
    8683318 
    8683317 
    8683316 
    8683315 
    8677917 
    8668800 
    8667064 
    8662111 
    8635381 
    8631600 
    8625447 
    8601980 
    8542152 
    9815990 
    9002776 
    9002770 
    9002763 
    8821499 
    8787446 
    8703689 
    8624794 
    8587755 
    8587215 
    8586085 
    8575158 
    8574802 
    8548673 
    8528117 
    8526625 
    8523836 
    8523127 
    8521655 
    8521650 
    8520780 
    7997539 
    7897873 
    7895433 
    7830114 
    7799059 
    7788994 
    7788982 
    7784562 
    7770237 
    7748746 
    7740313 
    7739151 
    7738668 
    7738649 
    7709245 
    7705136 
    7705135 
    7699446 
    7673026 
    7662492 
    7658231 
    7642433 
    7638055 
    7635795 
    7634881 
    7630746 
    7629600 
    7628145 
    7617468 
    7609536 
    7594864 
    7588953 
    7582434 
    7562047 
    7559095 
    7556294 
    7556291 
    7497771 
    7493370 
    7493347 
    7493342 
    7492817 
    7492457 
    7481862 
    9241651 
    9234333 
    8311003 
    8306275 
    8295005 
    8179079 
    8168082 
    8153309 
    8153308 
    8134281 
    8088287 
    8058953 
    8054503 
    8054281 
    8046485 
    8014669 
    8005164 
    7995292 
    7980769 
    7967988 
    7965154 
    7955123 
    7944691 
    7928499 
    7875170 
    7861654 
    7861650 
    7828621 
    7827902 
    7816916 
    7786920 
    7702972 
    7523052 
    7516965 
    8496093 
    8471437 
    8455341 
    8441023 
    8435587 
    8435586 
    8435585 
    8435584 
    8410288 
    8408458 
    8404239 
    8395035 
    8394885 
    8394882 
    8393504 
    8393404 
    8391672 
    8391294 
    8389668 
    8385021 
    8384325 
    8372297 
    8370379 
    8365283 
    8347460 
    8331230 
    8330998 
    8327702 
    8315896 
    8295762 
    8290167 
    8282486 
    8242984 
    8229244 
    8229229 
    8225102 
    8172965 
    7686763 
    1641486 
    1620844 
    1612097 
    1569477 
    1563445 
    1561416 
    1547806 
    1546698 
    1528056 
    1491837 
    1489635 
    1458146 
    1458145 
    1458141 
    1453565 
    1441024 
    1410561 
    1406470 
    1396048 
    1393416 
    1387872 
    1362909 
    1359172 
    1356013 
    1337090 
    1336869 
    1330395 
    1328972 
    1315889 
    1315725 
    1310253 
    10150071 
    2046185 
    2045947 
    2013803 
    2010302 
    2009745 
    2004492 
    2001543 
    1988695 
    1960968 
    1945189 
    1941139 
    1917520 
    1891348 
    1880564 
    1873671 
    1788076 
    1751289 
    1744717 
    1726307 
    1707747 
    1661391 
    1660451 
    2398875 
    2318455 
    2313353 
    2266399 
    2266390 
    2266388 
    2253312 
    2245693 
    2245122 
    2244016 
    2177552 
    2170720 
    2170302 
    2169553 
    1700087 
    2815778 
    2809745 
    2806329 
    2788006 
    2787422 
    2783991 
    2754495 
    2736517 
    2724634 
    2690202 
    2664278 
    2662074 
    2607687 
    2561895 
    2553316 
    2552364 
    2544698 
    2541483 
    2537521 
    2536082 
    2493291 
    2474369 
    2470247 
    3383904 
    3291774 
    3266888 
    3266325 
    3264063 
    3262634 
    3259485 
    3257804 
    3144376 
    2845900 
    2838284 
    3622555 
    3609063 
    3552891 
    3502011 
    3501859 
    3499969 
    3495385 
    3316686 
    3031787 
    2827290 
    2443624 
    2442794 
    3792319 
    3719526 
    3719188 
    3562869 
    3541209 
    3490984 
    3484753 
    3423002 
    3037100 
    3027634 
    3024985 
    3016452 
    3885399 
    3879465 
    3876545 
    3871977 
    3855684 
    2993716 
    2983922 
    2981300 
    6727593 
    6695349 
    6609445 
    6530934 
    6505304 
    6389792 
    6336206 
    6336177 
    6335492 
    6333853 
    6331728 
    6331004 
    6239125 
    6206559 
    6092743 
    6867808 
    6861092 
    6845005 
    6641667 
    6340203 
    6312227 
    6139542 
    7174935 
    7145820 
    7136045 
    7117840 
    7111701 
    7100530 
    7058184 
    6985231 
    6983703 
    6982963 
    6982741 
    6977080 
    6955574 
    6281406 
    7301567 
    7297391 
    7290464 
    6980789 
    6974815 
    6974079 
    6973825 
    6784501 
    6166898 
    7432143 
    7431842 
    7423361 
    7268670 
    7249670 
    6969890 
    6773371 
    6249104 
    472243 
    317120 
    702699 
    877538 
    865069 
    845667 
    1013036 
    1149552 
    169208 
    168033 
    4828931 
    4820526 
    4425616 
    4412444 
    4376621 
    4788585 
    4739190 
    4731124 
    4721487 
    4719265 
    4703699 
    4690823 
    4348923 
    5072601 
    5071525 
    5061515 
    5054271 
    5053515 
    5049630 
    5041158 
    5038482 
    5035008 
    5034613 
    5031404 
    5029688 
    5029671 
    5018445 
    4661536 
    4655299 
    4636281 
    4635639 
    4537271 
    4511294 
    4506181 
    4338159 
    4335468 
    4334808 
    4114606 
    5578387 
    5573750 
    5573493 
    5563836 
    5562933 
    5559124 
    5557260 
    5557259 
    5550677 
    5548752 
    5548144 
    5284961 
    5284959 
    5209524 
    5209495 
    5206949 
    5167111 
    5162292 
    5158610 
    5153205 
    5147971 
    5147602 
    5131910 
    5127261 
    5121482 
    5099403 
    5097962 
    5090154 
    4997397 
    4996798 
    4996474 
    4949628 
    4946937 
    4940798 
    4934718 
    4932563 
    4330387 
    4325322 
    5534008 
    5521709 
    5520965 
    5519945 
    5516736 
    5513216 
    5512109 
    5511913 
    5511036 
    5510094 
    5508598 
    5507950 
    5507468 
    5507179 
    5496749 
    5489983 
    5476841 
    5476504 
    5476503 
    5456470 
    5456468 
    5450809 
    5437402 
    5429780 
    5428160 
    5425718 
    5422692 
    5420409 
    5312681 
    5269399 
    5210607 
    5209308 
    5203366 
    4998573 
    4950826 
    4323823 
    4323822 
    4322881 
    4320952 
    4320223 
    4314740 
    4104839 
    5811119 
    5811115 
    5811011 
    5810814 
    5808019 
    5796691 
    5794933 
    5792407 
    5791758 
    5784797 
    5773204 
    5406591 
    5406589 
    5405826 
    5404265 
    5401753 
    5395778 
    5393410 
    5390836 
    5390569 
    5385214 
    5381218 
    5374254 
    5369774 
    5368480 
    5367585 
    5362909 
    5354508 
    5350662 
    5195879 
    5195865 
    4904078 
    4399691 
    4326818 
    4313487 
    4311947 
    5757901 
    5757275 
    5755385 
    5755353 
    5755346 
    5747112 
    5743002 
    5742174 
    5739378 
    5739376 
    5739373 
    5735856 
    5732756 
    5727673 
    5727534 
    5722581 
    5721801 
    5720737 
    5719278 
    5718417 
    5681267 
    5678506 
    5676059 
    5667092 
    5659968 
    5647996 
    5647212 
    5637501 
    4980661 
    4978178 
    4970457 
    4884528 
    4882851 
    4302115 
    4300053 
    4299953 
    4299062 
    4295906 
    6072830 
    6068575 
    6063728 
    6060929 
    6060325 
    6037602 
    6035394 
    6030125 
    6026732 
    6024170 
    6023357 
    6019515 
    5632823 
    5632705 
    5626754 
    5626370 
    5624006 
    5620703 
    5620702 
    5615871 
    5598292 
    5596873 
    5596872 
    5593636 
    5593600 
    5304900 
    5303743 
    5303070 
    5264186 
    5184912 
    5183425 
    4302977 
    4298631 
    4289322 
    6011810 
    6010862 
    6004350 
    6002547 
    6002122 
    5997777 
    5990331 
    5989654 
    5987232 
    5983894 
    5980399 
    5979866 
    5979351 
    5959497 
    5959296 
    5943112 
    5938266 
    5927605 
    5925655 
    5925118 
    5925110 
    5916960 
    5914995 
    5914822 
    5875152 
    5300002 
    5239532 
    5183821 
    4299467 
    4162687 
    14326470 
    14326316 
    14312575 
    14280285 
    14252130 
    14249224 
    14249223 
    5899143 
    5886507 
    5882574 
    5877565 
    5873468 
    5865256 
    5857164 
    5849076 
    5847471 
    5844439 
    5842790 
    5841459 
    5832139 
    14336366 
    14335857 
    14280248 
    14239891 
    14236258 
    14233786 
    14233772 
    14222988 
    14214012 
    14213739 
    14206085 
    14200894 
    14199639 
    14198118 
    14197209 
    14176522 
    14175028 
    14174960 
    14166344 
    14164052 
    14153077 
    14152737 
    14152673 
    14151004 
    14149596 
    14149580 
    14148205 
    14148166 
    14143929 
    14143816 
    14143556 
    14140936 
    14139952 
    14128578 
    14127268 
    14111211 
    14088267 
    14182316 
    14177566 
    14160599 
    14158250 
    14148109 
    14142848 
    14136134 
    14122050 
    14120497 
    14108992 
    14107405 
    14105957 
    14103932 
    14103834 
    14097339 
    14094407 
    14092759 
    14074370 
    14074313 
    14073267 
    14070098 
    14054868 
    14017665 
    13918486 
    13881748 
    13767405 
    13528342 
    14386712 
    13202074 
    13165011 
    13063894 
    14958572 
