Topic: CD009694 

Title: Computed tomography (CT) angiography for confirmation of the clinical diagnosis of brain death 

Query: 
("brain dea*" OR "brain stem dea*" OR "coma depasse" OR "irreversible coma").mp
("CT" OR "CTA" OR "CTCA" OR "comput* tomograph*" OR "comput* aided tomograph*" OR "comput* tomograph* angio*" OR "comput* aided tomograph* angio*").mp
1 AND 2
limit 3 to humans
limit 4 to ed=19920101-20120831 

Pids: 
    21330629 
    22491648 
    22410072 
    22385083 
    22327714 
    22170890 
    22117810 
    21795016 
    22129289 
    21971739 
    21457328 
    21367458 
    21263309 
    21127916 
    20693931 
    20414856 
    21168593 
    21086225 
    20706879 
    20435516 
    20220416 
    20212375 
    20095080 
    19682299 
    20232671 
    20135572 
    19931796 
    19890795 
    19857287 
    19765476 
    19715960 
    19657306 
    19649748 
    19565357 
    19451851 
    19427446 
    19406767 
    19390993 
    19263358 
    18704767 
    18973057 
    18852665 
    18472388 
    17988273 
    17940745 
    17903676 
    17719630 
    17666719 
    17663960 
    17643226 
    17532422 
    17465359 
    17415206 
    17279429 
    17275466 
    17222094 
    17175372 
    17067923 
    17066356 
    16738299 
    16733422 
    16719407 
    16564244 
    16562795 
    16498220 
    16397761 
    16244845 
    16239886 
    16185613 
    16179046 
    16012313 
    15964320 
    15660872 
    15621136 
    15621089 
    15569727 
    15525292 
    15459624 
    15318947 
    15316259 
    15211160 
    15110561 
    15088604 
    15035271 
    15008705 
    14981190 
    14530763 
    12972905 
    12867872 
    12826344 
    12776795 
    12681189 
    12654958 
    12622997 
    12589597 
    12357087 
    12168364 
    12148230 
    12049541 
    11851026 
    11835703 
    11761916 
    11391946 
    11328330 
    11257562 
    11029881 
    11002483 
    10834711 
    10663515 
    10634522 
    10229164 
    10191820 
    9951027 
    9850459 
    9803324 
    9725517 
    9681786 
    9603091 
    9576648 
    9484351 
    9495795 
    9370017 
    9280640 
    9191775 
    8929152 
    8905776 
    8890849 
    8851086 
    8841329 
    8805111 
    8757010 
    8561037 
    7845036 
    7585668 
    7566383 
    7500548 
    7477835 
    8306731 
    8169618 
    8092571 
    8074104 
    7936259 
    7933514 
    7884489 
    7863421 
    8465362 
    8420715 
    8345696 
    8341242 
    8239201 
    8198767 
    8133984 
    8128257 
    1596035 
    1508030 
    1416275 
    1346954 
    1337597 
    1836720 
    2980592 
    2980499 
