Topic: CD008122 

Title: Rapid diagnostic tests for diagnosing uncomplicated P. falciparum malaria in endemic countries 

Query: 
Exp Malaria/
Exp Plasmodium/
Malaria.ti,ab
1 or 2 or 3
Exp Reagent kits, diagnostic/
rapid diagnos* test*.ti,ab
RDT.ti,ab
Dipstick*.ti,ab
Rapid diagnos* device*.ti,ab
MRDD.ti,ab
OptiMal.ti,ab
Binax NOW.ti,ab
ParaSight.ti,ab
Immunochromatograph*.ti,ab
Antigen detection method*.ti,ab
Rapid malaria antigen test*.ti,ab
Combo card test*.ti,ab
Immunoassay Immunoassay/
Chromatography Chromatography/
Enzyme-linked immunosorbent assay/
Rapid test*.ti,ab
Card test*.ti,ab
Rapid AND (detection* or diagnos*).ti,ab
5 or 6 or 7 or 8 or 9 or 10 or 11 or 12 or 13 or 14 or 15 or 16 or 17 or 18 or 19 or 20 or 21 or 22 or 23
4 and 24
Limit 25 to Humans
limit 26 to ed=19400101-20100114 

Pids: 
    19164769 
    9557953 
    7688346 
    18509532 
    17912355 
    18493597 
    10717604 
    18784230 
    12062556 
    1405824 
    1405822 
    16235185 
    15672556 
    7942353 
    7810383 
    7709870 
    7528968 
    1980570 
    1973025 
    1279961 
    19780365 
    16491946 
    16001597 
    19996417 
    19954537 
    19930609 
    19922664 
    19919302 
    19836683 
    19818170 
    19797946 
    19795757 
    19788819 
    19772628 
    19751654 
    19735557 
    19728882 
    19728857 
    19724695 
    19707292 
    19706920 
    19704115 
    19695126 
    19689738 
    19686072 
    19682968 
    19653914 
    19652739 
    19646407 
    19640282 
    19635896 
    19635870 
    19624812 
    19622411 
    19620342 
    19607731 
    19607717 
    19595360 
    19562032 
    19557433 
    19556562 
    19554748 
    19546191 
    19530624 
    19527797 
    19519915 
    19502694 
    19500406 
    19499726 
    19490641 
    19482001 
    19478250 
    19478249 
    19465064 
    19461094 
    19439103 
    19439097 
    19434070 
    19432958 
    19419588 
    19416545 
    19416497 
    19411041 
    19409508 
    19407111 
    19402959 
    19401314 
    19399160 
    19399156 
    19390585 
    19389221 
    19386395 
    19384681 
    19376669 
    19374905 
    19371426 
    19371415 
    19362256 
    19358697 
    19356235 
    19346368 
    19332912 
    19309519 
    19300493 
    19292919 
    19284648 
    19284307 
    19272157 
    19271776 
    19270300 
    19263088 
    19255512 
    19250541 
    19239758 
    19232866 
    19222821 
    19201653 
    19190212 
    19187517 
    19185326 
    19177169 
    19173772 
    19172295 
    19168954 
    19166574 
    19149976 
    19147417 
    19147413 
    19146706 
    19141852 
    19139189 
    19134190 
    19127977 
    19127974 
    19123932 
    19121281 
    19111872 
    19110102 
    19089927 
    19038302 
    19021893 
    19019399 
    18951743 
    18831954 
    18786847 
    18614592 
    19413207 
    19359236 
    19271402 
    19123315 
    19091039 
    19091038 
    19077312 
    19038063 
    19032767 
    19027701 
    19019233 
    19014683 
    18992140 
    18983278 
    18981501 
    18976561 
    18971613 
    18959777 
    18957099 
    18954430 
    18930094 
    18853608 
    18839849 
    18834523 
    18831737 
    18817574 
    18817564 
    18816374 
    18814727 
    18814531 
    18811949 
    18809668 
    18809666 
    18807374 
    18803880 
    18803833 
    18800620 
    18793448 
    18793416 
    18793410 
    18793404 
    18782451 
    18775803 
    18760252 
    18719728 
    18719723 
    18718028 
    18717998 
    18711803 
    18710562 
    18710559 
    18707548 
    18706102 
    18703302 
    18702243 
    18700258 
    18680960 
    18667071 
    18664257 
    18664101 
    18657092 
    18651944 
    18645936 
    18640694 
    18632918 
    18631377 
    18626455 
    18625058 
    18620610 
    18620560 
    18606700 
    18603111 
    18601721 
    18598344 
    18593340 
    18590577 
    18589567 
    18589463 
    18586290 
    18579264 
    18576813 
    18571758 
    18569149 
    18554564 
    18549498 
    18549480 
    18545832 
    18541764 
    18541762 
    18537047 
    18534600 
    18524335 
    18523022 
    18513771 
    18510821 
    18510724 
    18505434 
    18498626 
    18492245 
    18471084 
    18458305 
    18446371 
    18442362 
    18410572 
    18390603 
    18389082 
    18375970 
    18373841 
    18367583 
    18345458 
    18343736 
    18342279 
    18337332 
    18337175 
    18332766 
    18320051 
    18316995 
    18302850 
    18302186 
    18299268 
    18298604 
    18297472 
    18297164 
    18279441 
    18256418 
    18240951 
    18234548 
    18234078 
    18231580 
    18228564 
    18228555 
    18226243 
    18226224 
    18226014 
    18213374 
    18211951 
    18202438 
    18199700 
    18196953 
    18194515 
    18190692 
    18181735 
    18171245 
    18166801 
    18160449 
    18086262 
    18065455 
    18038150 
    18031779 
    18021184 
    17919672 
    17906843 
    17852923 
    17680702 
    19583097 
    19434974 
    18441999 
    18383801 
    18330075 
    18320124 
    18214088 
    18165484 
    18165483 
    18165470 
    18163135 
    18092885 
    18092531 
    18060072 
    18053347 
    18053209 
    18008241 
    18008240 
    18008239 
    18001481 
    17997848 
    17984362 
    17984357 
    17962153 
    17961215 
    17954878 
    17940319 
    17916421 
    17907804 
    17897768 
    17888737 
    17822537 
    17822533 
    17785155 
    17721740 
    17720817 
    17713633 
    17659072 
    17652852 
    17650180 
    17625693 
    17624840 
    17624749 
    17609321 
    17598897 
    17594284 
    17587350 
    17574311 
    17568950 
    17568947 
    17568943 
    17568939 
    17568935 
    17568930 
    17565661 
    17557374 
    17556616 
    17556615 
    17548134 
    17547512 
    17547098 
    17543127 
    17539269 
    17539238 
    17536875 
    17533508 
    17524244 
    17519412 
    17519410 
    17519013 
    17517141 
    17516404 
    17511424 
    17506881 
    17493600 
    17493270 
    17486264 
    17481680 
    17469728 
    17460118 
    17459417 
    17459379 
    17456769 
    17445146 
    17442466 
    17434795 
    17433301 
    17428334 
    17407555 
    17401497 
    17387158 
    17370518 
    17367518 
    17362594 
    17360871 
    17359529 
    17349045 
    17347193 
    17336397 
    17335694 
    17332658 
    17331514 
    17329382 
    17326900 
    17323138 
    17313669 
    17312157 
    17300910 
    17300631 
    17299722 
    17280676 
    17279569 
    17274810 
    17259881 
    17259188 
    17257891 
    17244413 
    17229883 
    17220424 
    17215045 
    17207148 
    17197142 
    17176260 
    17158893 
    17150235 
    17135432 
    17118357 
    17116669 
    17060471 
    17060469 
    17049572 
    18603960 
    17373363 
    17340848 
    17283612 
    17242831 
    17204980 
    17201301 
    17175704 
    17172395 
    17172394 
    17172391 
    17160330 
    17153692 
    17148078 
    17126279 
    17113917 
    17113021 
    17094610 
    17072460 
    17060870 
    17050066 
    17046467 
    17038677 
    17038676 
    17037697 
    17035513 
    17034691 
    17034070 
    17021060 
    17020598 
    17018138 
    17017232 
    17015460 
    17006296 
    17005815 
    17003770 
    17002725 
    16989636 
    16988458 
    16967820 
    16962547 
    16954261 
    16943212 
    16938421 
    16937184 
    16931409 
    16926633 
    16916494 
    16912713 
    16903880 
    16891491 
    16887738 
    16884401 
    16878344 
    16859089 
    16843832 
    16842888 
    16837729 
    16830709 
    16830016 
    16826475 
    16813240 
    16778310 
    16774688 
    16772002 
    16762109 
    16760507 
    16760500 
    16751971 
    16749927 
    16719547 
    16715782 
    16714553 
    16714549 
    16711337 
    16691506 
    16687676 
    16687674 
    16679041 
    16672421 
    16640610 
    16629703 
    16603648 
    16595787 
    16584575 
    16574282 
    16573843 
    16553923 
    16537060 
    16530797 
    16525099 
    16525093 
    16515509 
    16514282 
    16505556 
    16504027 
    16504002 
    16501762 
    16501726 
    16492359 
    16483425 
    16474069 
    16472385 
    16455928 
    16453268 
    16451345 
    16447106 
    16438675 
    16438671 
    16436272 
    16436216 
    16406332 
    16398754 
    16377036 
    16356603 
    17080701 
    16913523 
    16554859 
    16548501 
    16548497 
    16517998 
    16438128 
    16425715 
    16410895 
    16359407 
    16356170 
    16354823 
    16354819 
    16333084 
    16321150 
    16297303 
    16297164 
    16282293 
    16282292 
    16259289 
    16256049 
    16237057 
    16227793 
    16222030 
    16216106 
    16210483 
    16193981 
    16192446 
    16191509 
    16174539 
    16172468 
    16172466 
    16169475 
    16156968 
    16153298 
    16153238 
    16149459 
    16149446 
    16138310 
    16124417 
    16124416 
    16113298 
    16100424 
    16088837 
    16086896 
    16085175 
    16055071 
    16048989 
    16046450 
    16046285 
    16027061 
    16026612 
    16022375 
    16014858 
    16007952 
    15996634 
    15994107 
    15979769 
    15969747 
    15965299 
    15964955 
    15964951 
    15964950 
    15964949 
    15962627 
    15961575 
    15960708 
    15937892 
    15935412 
    15916239 
    15908388 
    15907390 
    15904775 
    15899528 
    15897534 
    15895171 
    15890273 
    15876615 
    15872277 
    15869776 
    15857551 
    15857512 
    15855302 
    15853923 
    15847975 
    15845504 
    15840457 
    15838784 
    15837212 
    15823976 
    15821800 
    15807800 
    15793155 
    15784446 
    15781866 
    15772315 
    15767635 
    15755603 
    15748278 
    15741553 
    15741552 
    15731014 
    15728862 
    15710439 
    15701554 
    15701550 
    15700753 
    15695736 
    15687019 
    15655012 
    15635037 
    15632404 
    15623512 
    15611270 
    15584018 
    15550304 
    17304748 
    17298125 
    16862709 
    16859025 
    15916076 
    15884470 
    15769359 
    15707286 
    15689064 
    15679634 
    15667717 
    15642959 
    15638301 
    15627158 
    15591666 
    15587157 
    15586903 
    15582527 
    15582508 
    15575983 
    15569810 
    15555670 
    15552593 
    15549388 
    15542195 
    15541230 
    15541030 
    15525224 
    15522122 
    15520249 
    15500923 
    15499533 
    15491471 
    15491469 
    15490796 
    15490787 
    15461206 
    15452770 
    15385477 
    15380274 
    15373667 
    15365017 
    15361993 
    15361247 
    15350520 
    15331837 
    15331834 
    15331827 
    15324463 
    15322007 
    15313128 
    15305704 
    15283866 
    15276199 
    15272742 
    15255320 
    15238168 
    15232515 
    15228812 
    15217738 
    15210830 
    15199037 
    15193156 
    15186937 
    15184454 
    15183624 
    15159369 
    15155979 
    15152184 
    15137318 
    15135115 
    15121316 
    15117308 
    15117307 
    15107507 
    15099810 
    15068840 
    15066340 
    15047560 
    15040560 
    15039349 
    15034567 
    15029513 
    15022615 
    15007639 
    15004879 
    15002899 
    15000726 
    15000725 
    14996360 
    14993620 
    14978337 
    14977966 
    14974756 
    14766829 
    14745545 
    14742196 
    14738458 
    14728621 
    14720085 
    14695831 
    14688109 
    14668349 
    16117960 
    15748051 
    15678818 
    15270541 
    15259467 
    15259463 
    15255647 
    15119077 
    15077420 
    14740873 
    14740871 
    14710739 
    14708867 
    14699261 
    14688565 
    14672301 
    14655635 
    14642205 
    14641840 
    14629768 
    14605156 
    14604568 
    14596966 
    14584384 
    14573641 
    14572205 
    14557843 
    14552743 
    14550478 
    14529537 
    14516298 
    14513430 
    14511563 
    14507328 
    12971557 
    12971515 
    12971516 
    12971513 
    12965937 
    12965906 
    12950662 
    12950138 
    12943979 
    12943972 
    12932095 
    12932092 
    12930610 
    12930096 
    12929882 
    12924940 
    12916786 
    12894040 
    12875291 
    12874330 
    12848724 
    12831519 
    12816547 
    12812358 
    12804841 
    12803475 
    12792694 
    12791849 
    12791059 
    12788305 
    12783498 
    12766332 
    12761094 
    12749493 
    12744882 
    12741891 
    12731420 
    12727024 
    12724073 
    12722287 
    12711103 
    12705786 
    12689544 
    12685638 
    12680609 
    12674501 
    12665429 
    12662417 
    12658914 
    12646219 
    12641610 
    12641399 
    12632149 
    12632146 
    12581436 
    12559776 
    14686117 
    14686112 
    14686106 
    14503385 
    12802828 
    12712759 
    12643099 
    12625136 
    12596444 
    12596367 
    12587607 
    12572958 
    12530504 
    12523212 
    12518844 
    12516921 
    12474490 
    12474470 
    12461593 
    12458125 
    12454171 
    12454146 
    12438363 
    12436172 
    12435448 
    12435112 
    12430867 
    12414786 
    12414775 
    12409392 
    12387772 
    12364379 
    12358891 
    12355993 
    12355376 
    12244052 
    12236566 
    12224568 
    12219143 
    12214515 
    12211581 
    12206972 
    12201580 
    12174773 
    12174772 
    12172819 
    12167093 
    12167092 
    12164825 
    12164291 
    12139227 
    12135283 
    12135282 
    12135271 
    12135261 
    12132997 
    12125141 
    12125127 
    12123407 
    12121957 
    12096003 
    12093674 
    12088854 
    12082710 
    12080971 
    12076769 
    12073732 
    12061980 
    12057020 
    12049899 
    12039673 
    12031069 
    12016435 
    12010968 
    12000658 
    11989528 
    11961242 
    11960293 
    11952946 
    11952945 
    11952944 
    11937424 
    11931266 
    11931032 
    11927035 
    11925996 
    11904103 
    11904099 
    11882047 
    11874880 
    11854085 
    11848616 
    11826014 
    11825772 
    11797176 
    11781267 
    11773110 
    11755428 
    11730846 
    16894760 
    16888956 
    14513934 
    14510166 
    12206045 
    12125520 
    12041541 
    11980406 
    11964891 
    11948870 
    11885872 
    11843905 
    11837776 
    11816425 
    11802273 
    11791998 
    11791992 
    11791990 
    11791965 
    11784420 
    11770242 
    11770223 
    11747054 
    11738704 
    11732153 
    11728042 
    11719111 
    11718543 
    11716777 
    11716121 
    11716119 
    11716120 
    11700187 
    11693975 
    11693884 
    11687239 
    11676365 
    11641075 
    11591804 
    11584652 
    11582872 
    11579881 
    11579872 
    11556572 
    11548315 
    11548313 
    11548307 
    11535306 
    11532200 
    11517439 
    11513554 
    11512657 
    11500771 
    11490988 
    11489167 
    11487366 
    11474008 
    11471569 
    11469949 
    11460936 
    11447924 
    11442218 
    11441695 
    11441505 
    11427610 
    11425165 
    11425156 
    11425154 
    11422960 
    11411942 
    11403765 
    11388168 
    11380433 
    11369272 
    11355555 
    11345060 
    11328311 
    11293505 
    11285494 
    11280071 
    11280055 
    11280052 
    11280051 
    11279211 
    11251904 
    11230422 
    11225143 
    11209845 
    11205592 
    11181156 
    11159991 
    15779164 
    12858901 
    12567635 
    11436600 
    11414465 
    11388507 
    11388505 
    11358000 
    11305248 
    11289012 
    11288997 
    11262857 
    11258491 
    11235057 
    11198662 
    11198649 
    11198397 
    11191436 
    11151950 
    11132384 
    11129700 
    11129562 
    11127238 
    11125340 
    11123823 
    11109942 
    11071281 
    11060067 
    11057976 
    11044264 
    11023075 
    11021063 
    11005815 
    11003731 
    11003728 
    10991837 
    10983556 
    10983554 
    10979979 
    10972850 
    10972844 
    10950798 
    10948029 
    10945051 
    10936578 
    10929245 
    10929047 
    10916300 
    10900922 
    10900908 
    10897377 
    10897359 
    10891914 
    10884866 
    10869334 
    10846235 
    10845260 
    10822935 
    10816152 
    10811731 
    10810013 
    10802320 
    10784529 
    10779592 
    10774631 
    10763185 
    10761738 
    10750873 
    10748914 
    10748901 
    10748900 
    10747278 
    10722624 
    10705302 
    10699018 
    10678927 
    10675153 
    10675152 
    10643909 
    10630764 
    12563794 
    12563774 
    11593576 
    11593537 
    11398670 
    11398664 
    11304915 
    11280812 
    11148983 
    10999091 
    10928352 
    10928351 
    10862317 
    10816748 
    10810581 
    10774675 
    10774666 
    10774651 
    10774650 
    10774644 
    10774643 
    10746389 
    10734522 
    10715695 
    10715689 
    10701207 
    10697897 
    10697888 
    10697886 
    10696409 
    10696410 
    10696408 
    10680129 
    10678681 
    10674672 
    10674660 
    10612287 
    10610376 
    10599074 
    10588766 
    10586910 
    10583904 
    10583325 
    10561760 
    10560678 
    10548307 
    10546844 
    10546840 
    10523567 
    10512558 
    10511977 
    10497995 
    10497989 
    10492790 
    10492788 
    10492783 
    10492756 
    10489737 
    10473522 
    10466971 
    10466961 
    10465057 
    10463010 
    10458637 
    10456916 
    10450438 
    10449488 
    10444878 
    10444320 
    10442147 
    10432071 
    10432064 
    10432050 
    10431424 
    10431325 
    10417667 
    10414147 
    10405377 
    10403326 
    10399441 
    10391861 
    10391642 
    10363739 
    10357861 
    10354355 
    10354353 
    10339800 
    10329369 
    10232784 
    10215455 
    10206115 
    10205793 
    10203469 
    10194746 
    10192710 
    10072132 
    10072131 
    10070656 
    10066659 
    9988333 
    9986839 
    9929032 
    9924957 
    9889214 
    12078230 
    12078200 
    10810575 
    10810570 
    10741173 
    10497842 
    10493050 
    10372969 
    10326105 
    10212896 
    10101434 
    10075217 
    10030076 
    9924552 
    9921412 
    9886191 
    9861398 
    9815250 
    9809916 
    9806864 
    9803816 
    9801342 
    9797836 
    9797830 
    9797827 
    9791038 
    9781073 
    9779569 
    9774784 
    9773192 
    9772726 
    9769889 
    9764322 
    9764318 
    9764317 
    9754665 
    9754317 
    9740265 
    9735937 
    9735270 
    9715940 
    9713539 
    9712768 
    9698249 
    9692150 
    9692145 
    9692144 
    9691337 
    9684623 
    9684320 
    9683894 
    9676712 
    9660461 
    9658245 
    9649195 
    9646004 
    9635949 
    9632988 
    9614324 
    9594675 
    9582585 
    9574783 
    9546420 
    9537883 
    9492776 
    9488393 
    9484972 
    9452296 
    9452289 
    9439488 
    9431947 
    9827114 
    9656392 
    9656365 
    9625927 
    9612788 
    9612775 
    9561620 
    9561595 
    9529722 
    9513149 
    9509627 
    9509174 
    9507332 
    9487395 
    9463665 
    9444000 
    9425385 
    9411946 
    9411233 
    9373661 
    9373633 
    9373634 
    9373632 
    9373631 
    9373624 
    9366566 
    9357523 
    9347649 
    9334855 
    9325291 
    9282531 
    9267400 
    9264740 
    9236821 
    9234748 
    9234529 
    9231214 
    9231209 
    9231194 
    9231188 
    9230797 
    9230470 
    9229019 
    9227798 
    9215584 
    9202005 
    9196768 
    9164601 
    9158055 
    9146847 
    9142799 
    9129542 
    9129525 
    9125537 
    9093615 
    9091864 
    9088430 
    9080879 
    9063360 
    9056573 
    9032413 
    9030870 
    9030663 
    10163571 
    9279979 
    9223163 
    9125830 
    9070390 
    9060222 
    9060220 
    9026601 
    9025981 
    9025691 
    9017909 
    9015508 
    9014398 
    9002372 
    8987409 
    8984995 
    8980591 
    8952670 
    8944283 
    8944275 
    8944258 
    8940979 
    8940977 
    8933300 
    8922821 
    8916803 
    8878599 
    8862600 
    8854004 
    8842983 
    8763589 
    8758063 
    8754658 
    8740544 
    8730315 
    8710411 
    8704940 
    8701258 
    8684115 
    8674495 
    8665389 
    8653815 
    8627087 
    8619432 
    8608644 
    8576287 
    11990096 
    9139382 
    9137641 
    9135668 
    8867062 
    8846490 
    8830214 
    8784548 
    8745934 
    8719161 
    8649267 
    8649265 
    8649263 
    8629049 
    8594691 
    8592763 
    8587791 
    8560527 
    8556790 
    8552406 
    8544230 
    8536555 
    8533016 
    8525418 
    8525291 
    8525288 
    7895836 
    7892342 
    7872440 
    7856827 
    7856826 
    7856825 
    7856824 
    7851007 
    7796750 
    7778193 
    7769318 
    7769238 
    7729483 
    7707194 
    7631143 
    7606866 
    7596635 
    7585070 
    7570904 
    7558316 
    7545808 
    7542843 
    7541824 
    7538540 
    7535817 
    7529717 
    7485698 
    7483005 
    8308272 
    8306504 
    8195955 
    8166353 
    8165727 
    8153990 
    8066388 
    8064747 
    8059917 
    8057374 
    8056078 
    8050178 
    8036668 
    8028173 
    7992345 
    7985752 
    7984918 
    7974687 
    7974669 
    7957750 
    7955774 
    7949319 
    7943697 
    7943571 
    7943570 
    7943549 
    7937947 
    7937907 
    7911200 
    7906328 
    7886766 
    7880093 
    7851751 
    7812310 
    7810805 
    7800407 
    7799161 
    7570824 
    7570823 
    7565135 
    7565122 
    7531810 
    7529944 
    7525659 
    7525337 
    7519956 
    8517485 
    8516626 
    8509653 
    8506119 
    8495954 
    8488374 
    8486957 
    8475036 
    8465389 
    8465387 
    8454019 
    8450258 
    8447528 
    8447525 
    8419087 
    8418064 
    8418048 
    8418032 
    8414684 
    8406592 
    8376875 
    8376823 
    8372960 
    8369570 
    8362449 
    8357078 
    8350080 
    8344409 
    8337730 
    8296363 
    8268487 
    8266400 
    8266395 
    8265758 
    8253995 
    8250629 
    8250096 
    8250095 
    8236464 
    8236398 
    8233599 
    8214811 
    8144206 
    8129478 
    8112044 
    8105816 
    7997752 
    7694226 
    7688429 
    7684635 
    7682382 
    7682381 
    7680226 
    7504999 
    1730745 
    1641237 
    1615297 
    1607685 
    1575740 
    1575295 
    1566308 
    1566302 
    1566295 
    1566015 
    1557232 
    1557226 
    1537547 
    1536380 
    1524148 
    1496731 
    1491313 
    1479896 
    1471743 
    1455910 
    1455266 
    1449196 
    1443346 
    1443341 
    1443339 
    1437386 
    1431149 
    1422273 
    1406728 
    1402862 
    1377180 
    1373042 
    1344943 
    1343729 
    1343727 
    1343689 
    1341092 
    1340312 
    1308565 
    1307202 
    1298085 
    1298084 
    1298083 
    1298082 
    1298067 
    1298062 
    1291345 
    2068755 
    2065453 
    2057994 
    2051525 
    2051524 
    2050510 
    2045836 
    2035752 
    2015702 
    2012263 
    2011638 
    2004813 
    2003927 
    1999454 
    1996743 
    1996736 
    1996737 
    1996554 
    1988510 
    1959977 
    1959571 
    1956698 
    1951857 
    1949138 
    1949134 
    1941350 
    1940218 
    1926283 
    1922106 
    1897303 
    1877717 
    1855998 
    1852133 
    1850497 
    1842063 
    1822456 
    1819395 
    1818391 
    1812785 
    1802530 
    1800878 
    1791456 
    1786620 
    1763797 
    1741811 
    1725821 
    1723723 
    1721025 
    1720420 
    1716808 
    1712912 
    1705646 
    1688287 
    1677615 
    1670842 
    1665050 
    1645929 
    2405725 
    2366651 
    2360971 
    2348495 
    2314146 
    2313570 
    2283387 
    2260895 
    2260894 
    2260170 
    2237593 
    2233540 
    2230175 
    2208562 
    2204363 
    2202098 
    2202100 
    2195288 
    2194692 
    2190592 
    2189244 
    2181384 
    2135372 
    2128922 
    2122747 
    2119491 
    2119482 
    2111943 
    2098469 
    2095632 
    2094589 
    2091344 
    1978068 
    1975379 
    1973949 
    1967504 
    1696935 
    1695491 
    1695490 
    1690798 
    2927956 
    2911168 
    2754002 
    2700844 
    2699085 
    2694494 
    2694483 
    2694479 
    2694467 
    2694466 
    2694465 
    2694459 
    2692869 
    2692868 
    2692227 
    2692219 
    2692217 
    2683820 
    2682486 
    2681714 
    2680936 
    2679167 
    2676469 
    2672834 
    2669101 
    2668417 
    2666443 
    2626643 
    2602780 
    2576160 
    2567370 
    2566817 
    2565483 
    2564537 
    2515634 
    2482560 
    2481430 
    2479187 
    2474613 
    2470378 
    2469729 
    2468981 
    2465466 
    2462660 
    3294416 
    3289786 
    3281491 
    3208546 
    3139441 
    3136958 
    3126981 
    3075523 
    3075353 
    3075352 
    3069703 
    3069058 
    3065906 
    3061309 
    3059666 
    3057927 
    3053753 
    3052119 
    3051550 
    3049841 
    3048761 
    3045377 
    3044153 
    3044151 
    3042448 
    3041852 
    2901568 
    2459979 
    2459062 
    2450281 
    3548451 
    3548452 
    3445339 
    3332505 
    3332504 
    3328337 
    3327567 
    3325284 
    3319260 
    3318736 
    3318734 
    3318730 
    3316380 
    3311441 
    3310683 
    3310677 
    3308113 
    3300435 
    3300391 
    3300023 
    3299224 
    3295109 
    3129797 
    3108830 
    2949638 
    2882132 
    2446789 
    2440327 
    2439533 
    2435181 
    2432083 
    3554543 
    3552760 
    3549031 
    3538370 
    3535766 
    3532848 
    3532844 
    3531227 
    3516466 
    3516425 
    3516259 
    3513640 
    3511748 
    3511747 
    3493860 
    3024367 
    3021967 
    3000453 
    2946496 
    2874279 
    2872787 
    2425725 
    4095753 
    3931592 
    3915731 
    3914424 
    3898482 
    3895998 
    3893729 
    3885877 
    3880251 
    2993173 
    2863742 
    2863543 
    2862438 
    2860503 
    6437727 
    6433537 
    6431657 
    6418767 
    6399263 
    6398534 
    6397962 
    6390807 
    6389853 
    6377209 
    6374012 
    6371149 
    6370836 
    6369119 
    6364851 
    6084460 
    6874816 
    6863496 
    6652962 
    6549606 
    6543937 
    6368379 
    6360860 
    6359905 
    6359904 
    6359901 
    6354641 
    6352103 
    6352102 
    6347882 
    6340848 
    6340845 
    7090371 
    7077053 
    7051454 
    7044589 
    6815403 
    6810986 
    6750883 
    6280318 
    6219770 
    6183756 
    6183726 
    7038477 
    7028768 
    7020453 
    7019161 
    7003852 
    6998590 
    6995370 
    394408 
    389073 
    382470 
    117056 
    116555 
    343607 
    320895 
    1037089 
    798633 
    769572 
    4097397 
    4183281 
    14192774 
