Topic: CD009135 

Title: Rapid tests for the diagnosis of visceral leishmaniasis in patients with suspected disease 

Query: 
Exp Leishmaniasis, visceral/
Exp Leishmania donovani/
Exp Leishmania infantum/
kala-azar.ti,ab
Leishmania chagasi.ti,ab
Visceral leishmania*.ti,ab
or/1-6
Rapid diagnostic test*.ti,ab
RDT.ti,ab
Antigen* detect*.ti,ab
Antibod* detect*.ti,ab
Latex Fixation Tests/
Lateral flow test.ti,ab
Enzyme-Linked Immunosorbent Assay/
Serodiagnostic test*.ti,ab
ELISA.ti,ab
Direct agglutination test*.ti,ab
Dipstick*.ti,ab
"K39 antigen, Leishmania".rn
"K26 antigen, Leishmania".rn
K39 Or rK39.ti,ab
Strip test*.ti,ab
Reagent kits, diagnostic/
Immunoblotting/
Serological tests/
OR/8-25
7 AND 26
Limit 27 to humans 

Pids: 
    24286085 
    24270249 
    24086782 
    24048530 
    24045639 
    23990996 
    23930349 
    23929119 
    23920056 
    23918217 
    23875052 
    23868744 
    23836568 
    23816511 
    23778671 
    23738023 
    23729024 
    23717700 
    23693114 
    23657530 
    23563762 
    23509434 
    23469296 
    23464581 
    23459501 
    23428104 
    23413992 
    23382276 
    23375044 
    23375008 
    23324219 
    23279800 
    23276878 
    23221770 
    23159412 
    23149580 
    23123344 
    22765517 
    11491498 
    21923256 
    8072969 
    23295882 
    23288063 
    23272263 
    23272257 
    23272069 
    23164318 
    23147155 
    23133683 
    23112869 
    23072132 
    23064668 
    23029576 
    23023349 
    22987654 
    22951664 
    22949343 
    22942208 
    22920931 
    22897740 
    22879460 
    22869633 
    22828555 
    22815147 
    22764294 
    22761296 
    22760038 
    22724032 
    22686715 
    22666514 
    22665599 
    22629475 
    22556076 
    22518013 
    22495122 
    22492143 
    22492142 
    22427411 
    22426042 
    22403310 
    22389742 
    22370826 
    22370753 
    22361489 
    22348817 
    22303488 
    22221754 
    22137192 
    22065060 
    21722262 
    21710347 
    21533874 
    22203498 
    22198886 
    22180796 
    22144438 
    22124592 
    22088188 
    22037435 
    21991751 
    21985818 
    21980785 
    21936087 
    21931871 
    21931201 
    21890159 
    21858243 
    21765960 
    21762596 
    21715587 
    21708392 
    21616516 
    21592669 
    21550926 
    21540376 
    21537682 
    21519710 
    21489254 
    21419708 
    21414377 
    21411602 
    21392021 
    21353275 
    21347452 
    21292896 
    21220536 
    21212210 
    21212211 
    21159922 
    21074233 
    20970152 
    20850210 
    20804432 
    21998875 
    21485694 
    21222421 
    21218736 
    21190965 
    21063981 
    20971441 
    20957193 
    20890548 
    20889872 
    20856856 
    20838650 
    20814123 
    20810810 
    20695748 
    20689822 
    20639822 
    20635639 
    20591081 
    20542033 
    20527645 
    20507695 
    20487429 
    20487423 
    20487421 
    20487420 
    20459877 
    20439958 
    20378427 
    20351785 
    20212344 
    20098726 
    19962790 
    19803542 
    19716797 
    21591519 
    20054109 
    20054108 
    20030990 
    19859739 
    19852367 
    19841736 
    19815868 
    19801786 
    19759231 
    19635870 
    19635482 
    19623643 
    19623158 
    19578629 
    19561376 
    19556562 
    19515836 
    19499327 
    19491428 
    19478251 
    19475352 
    19464528 
    19457530 
    19452168 
    19445946 
    19392902 
    19377416 
    19346379 
    19346375 
    19276810 
    19270279 
    19257843 
    19237180 
    19232657 
    19228350 
    19172032 
    19141840 
    19097841 
    19070876 
    19059724 
    19036393 
    19022464 
    19011572 
    19008139 
    18939898 
    18804826 
    18786847 
    18774151 
    18761342 
    19209783 
    19082273 
    19052290 
    19052289 
    18985567 
    18948879 
    18840751 
    18819654 
    18817598 
    18813406 
    18803606 
    18642507 
    18632926 
    18611387 
    18606766 
    18592839 
    18561868 
    18545832 
    18512088 
    18458307 
    18444568 
    18444567 
    18385358 
    18367879 
    18367221 
    18351544 
    18318942 
    18318933 
    18285726 
    18262531 
    18184669 
    18177681 
    18160087 
    18067978 
    17942129 
    18441999 
    18320110 
    18165520 
    17942614 
    17935072 
    17896607 
    17882997 
    17761525 
    17761496 
    17703152 
    17652852 
    17639705 
    17624385 
    17620636 
    17571750 
    17552117 
    17539239 
    17521094 
    17518946 
    17516404 
    17506280 
    17488915 
    17488913 
    17445130 
    17426171 
    17404324 
    17319595 
    17300637 
    17257811 
    17257310 
    17223963 
    16887159 
    16580229 
    18603960 
    17176343 
    17176341 
    17160317 
    17100627 
    17050814 
    17038704 
    17037697 
    17023436 
    17005782 
    17000724 
    16914648 
    16894000 
    16882683 
    16825347 
    16792672 
    16790767 
    16778325 
    16778314 
    16778312 
    16778310 
    16778304 
    16699647 
    16501764 
    16487322 
    16417715 
    16407349 
    16398754 
    16398753 
    16325874 
    16287909 
    16203020 
    16198385 
    16172002 
    16519257 
    16517998 
    16517995 
    16410935 
    16410865 
    16339064 
    16333084 
    16297287 
    16226116 
    16210482 
    16210478 
    16209934 
    16177384 
    16103587 
    16048642 
    15995268 
    15986599 
    15885803 
    15879027 
    15860091 
    15845279 
    15833054 
    15817953 
    15784182 
    15750095 
    15741546 
    15716053 
    15713447 
    15550258 
    15801067 
    15761608 
    15715249 
    15543418 
    15517072 
    15501518 
    15482407 
    15454691 
    15380274 
    15334256 
    15305704 
    15262002 
    15225352 
    15189464 
    15125515 
    15078273 
    15071070 
    14971702 
    14971701 
    14964810 
    14959824 
    14742530 
    14704640 
    14689054 
    16117959 
    15748082 
    15748081 
    15719773 
    14725337 
    14678639 
    14651134 
    14651132 
    14629770 
    14619969 
    14613628 
    14600129 
    14519328 
    12965912 
    12894040 
    12894039 
    12880591 
    12806462 
    12804153 
    12764443 
    12739806 
    12685638 
    12659975 
    12643842 
    12631320 
    12581443 
    12573549 
    12427741 
    14710861 
    12625930 
    12572956 
    12571371 
    12563469 
    12537628 
    12479553 
    12475634 
    12471430 
    12446084 
    12414775 
    12373503 
    12204969 
    12188216 
    12173133 
    12151189 
    12149396 
    12111603 
    12093674 
    12088850 
    12044305 
    12039673 
    12007442 
    12000658 
    11992157 
    11989529 
    11989530 
    11986261 
    11951057 
    11925984 
    11880434 
    11874880 
    11825959 
    15332732 
    12798050 
    12041549 
    11980401 
    11898459 
    11802273 
    11770114 
    11724850 
    11716090 
    11703291 
    11687466 
    11685252 
    11600910 
    11506779 
    11490994 
    11478434 
    11444613 
    11440389 
    11398119 
    11391421 
    11370250 
    11370249 
    11355552 
    11334970 
    11280075 
    11278494 
    11251906 
    11226477 
    11166894 
    11164745 
    14658226 
    12862135 
    12567693 
    12567678 
    11388508 
    11304066 
    11209254 
    11198396 
    11168034 
    11155376 
    11132368 
    11075771 
    10998226 
    10995097 
    10958448 
    10950806 
    10897360 
    10761737 
    10748894 
    10716069 
    10708005 
    10658425 
    10652117 
    10645978 
    10643901 
    10618083 
    10564720 
    10798038 
    10774675 
    10715698 
    10713835 
    10674675 
    10674674 
    10569788 
    10564916 
    10534192 
    10516788 
    10498181 
    10497995 
    10492802 
    10492758 
    10464386 
    10450438 
    10402977 
    10391861 
    10203171 
    10066659 
    9988336 
    10372969 
    9949454 
    9846221 
    9840686 
    9797830 
    9789439 
    9749638 
    9749626 
    9729541 
    9714418 
    9713135 
    9707668 
    9698836 
    9684645 
    9648362 
    9632596 
    9625911 
    9625028 
    9611875 
    9598439 
    9593022 
    9492776 
    17265631 
    9625936 
    9580107 
    9509187 
    9509176 
    9488872 
    9463665 
    9459400 
    9302407 
    9302200 
    9288810 
    9254461 
    9215584 
    9105756 
    9097526 
    9251370 
    9163981 
    9071030 
    9053013 
    9037842 
    9031887 
    8979477 
    8974003 
    8950566 
    8950522 
    8944261 
    8940979 
    8882199 
    8788994 
    8784604 
    8768590 
    8758549 
    8713608 
    8713607 
    8642576 
    8627048 
    8830229 
    8713505 
    8624503 
    8613339 
    8594675 
    8594670 
    8592766 
    8587788 
    8560511 
    8544037 
    7778144 
    7770430 
    7747300 
    7741179 
    7722314 
    7665640 
    7664174 
    7650167 
    7644524 
    7639932 
    7602171 
    7570874 
    7570862 
    7559934 
    7539596 
    8306504 
    8195388 
    8192514 
    8169424 
    8063345 
    7992333 
    7974667 
    7966534 
    7896312 
    7886758 
    7875095 
    7862466 
    7855563 
    7814485 
    7709873 
    7528916 
    7516230 
    7512290 
    8513577 
    8450694 
    8450408 
    8421715 
    8415555 
    8394861 
    8376875 
    8336651 
    8314991 
    8313493 
    8249071 
    8236390 
    8214280 
    8144206 
    8105816 
    7802504 
    7802488 
    7802487 
    7678428 
    1644148 
    1644041 
    1628545 
    1581449 
    1575296 
    1539745 
    1518953 
    1512091 
    1475815 
    1463906 
    1440774 
    1435540 
    1406366 
    1402024 
    1377180 
    1303085 
    1288429 
    1281966 
    1281399 
    2071901 
    2065447 
    2035748 
    1941350 
    1940218 
    1890544 
    1885738 
    1852133 
    1844381 
    1802528 
    1770880 
    1755052 
    1755050 
    1645929 
    2332662 
    2278067 
    2267968 
    2260170 
    2208620 
    2199962 
    2179945 
    2168824 
    2142993 
    2116736 
    1701934 
    1694627 
    2788044 
    2742248 
    2700844 
    2697793 
    2680934 
    2676469 
    2635749 
    2626643 
    2623431 
    2620171 
    2617600 
    2617579 
    2532497 
    2482707 
    2476395 
    2470787 
    3410946 
    3373056 
    3373022 
    3343999 
    3268597 
    3260220 
    3252756 
    3198171 
    3147797 
    3136958 
    3059666 
    2972929 
    2855321 
    2460498 
    3689020 
    3680989 
    3611799 
    3445339 
    3328346 
    3301032 
    3299657 
    3127137 
    3115642 
    3115280 
    3100620 
    3782864 
    3768597 
    3731524 
    3720902 
    3603654 
    3538523 
    3531227 
    3101241 
    3080918 
    3079507 
    3021967 
    4035734 
    3992635 
    3973425 
    3929365 
    3918821 
    3913701 
    3911041 
    3890778 
    3831071 
    2984847 
    6524994 
    6433537 
    6394475 
    6391221 
    6383236 
    6374406 
    6373035 
    6642649 
    6636271 
    6623602 
    6549606 
    6370477 
    6353959 
    6353496 
    7174006 
    7156848 
    6817988 
    7324125 
    7292592 
    6792937 
    6174454 
    7438541 
    6997199 
    6772116 
    6154425 
    541005 
    515671 
    382470 
    666392 
    399802 
    382338 
    804268 
    786188 
    4618482 
    4604567 
    4480470 
    4215001 
    4213454 
    4603824 
    4198290 
    4657671 
    4197659 
    5126293 
    5537811 
    5789081 
    4978596 
    14190488 
    14112046 
    14496767 
    13540351 
    13394308 
    15432204 
