Topic: CD009185 

Title: Procalcitonin, C-reactive protein, and erythrocyte sedimentation rate for the diagnosis of acute pyelonephritis in children 

Query: 
procalcitonin.tw.
procalcitonin.nm.
PCT.tw.
or/1-3
c-Reactive Protein/
c-reactive protein.tw.
CRP.tw.
or/5-7
Blood Sedimentation/
erythrocyte sedimentation rate.tw.
ESR.tw.
blood sedimentation.tw.
or/9-12
or/4,8,13
Technetium Tc 99m Dimercaptosuccinic Acid/
DMSA.tw.
dimercaptosuccin$.tw.
scintigra$.tw.
Radionuclide Imaging/
Succimer/du
Kidney/ri
or/15-21
or/14,22
Urinary Tract Infections/
Pyelonephritis/
urinary tract infection$.tw.
pyelonephritis.tw.
(UTI or UTIs).tw.
or/24-28
and/23,29 

Pids: 
    23354192 
    23295053 
    23294500 
    23199564 
    23115037 
    23086593 
    23052650 
    22900512 
    11326483 
    15675130 
    8657669 
    9365488 
    1836598 
    19018048 
    17611232 
    11484399 
    23282612 
    23235275 
    23131288 
    23118979 
    23084719 
    23084015 
    23013942 
    22998917 
    22874067 
    22847386 
    22837119 
    22806283 
    22784491 
    22658892 
    22572004 
    22569440 
    22565194 
    22534038 
    22506510 
    22471699 
    22422219 
    22377253 
    22374404 
    22358350 
    22355281 
    22344777 
    22307925 
    22302294 
    22301482 
    22291112 
    22282382 
    22264451 
    22245305 
    22234625 
    22227782 
    22159658 
    22100009 
    22048628 
    22040289 
    22038499 
    21952978 
    21868595 
    21817883 
    21633831 
    21561990 
    21229390 
    23383542 
    23002662 
    22849905 
    22390086 
    22295661 
    22216314 
    22171968 
    22123565 
    22117375 
    22089774 
    22087453 
    22075797 
    22071640 
    22057070 
    22019042 
    21996110 
    21985776 
    21983501 
    21946448 
    21944121 
    21921372 
    21876308 
    21844061 
    21816136 
    21807562 
    21797109 
    21795028 
    21786232 
    21774712 
    21720792 
    21678334 
    21678239 
    21672365 
    21669900 
    21654166 
    21605171 
    21595569 
    21566305 
    21563436 
    21556719 
    21542896 
    21527211 
    21520006 
    21519371 
    21511275 
    21498838 
    21484032 
    21392102 
    21385483 
    21381956 
    21292457 
    21278424 
    21263415 
    21258940 
    21247606 
    21224817 
    21196618 
    21170664 
    21159351 
    21125400 
    21093340 
    21080122 
    21074813 
    21074806 
    21070577 
    21069568 
    20951095 
    20853007 
    20839025 
    18996670 
    21291848 
    21155515 
    21154310 
    21089406 
    21083886 
    21063653 
    21059720 
    20940678 
    20852370 
    20850815 
    20843987 
    20808989 
    20739047 
    20728131 
    20679300 
    20654918 
    20654031 
    20650494 
    20637377 
    20632037 
    20560461 
    20556431 
    20531092 
    20517855 
    20512344 
    20500474 
    20494371 
    20494370 
    20494369 
    20488494 
    20488486 
    20488469 
    20478580 
    20472269 
    20467378 
    20453268 
    20418790 
    20400145 
    20303537 
    20303517 
    20234330 
    20198742 
    20174781 
    20157735 
    20096888 
    20096887 
    20096864 
    20093582 
    19953248 
    19945126 
    19921278 
    19879637 
    19861314 
    19841948 
    19798584 
    19796914 
    19747215 
    19705159 
    19620025 
    19583716 
    19565275 
    19543152 
    19241137 
    20845876 
    20182668 
    20108487 
    20073403 
    19968584 
    19907934 
    19850301 
    19839818 
    19794981 
    19761135 
    19760157 
    19695385 
    19692090 
    19692089 
    19692059 
    19692032 
    19687772 
    19671528 
    19661052 
    19649660 
    19626562 
    19620428 
    19593590 
    19588169 
    19580199 
    19564279 
    19473067 
    19469771 
    19450818 
    19447856 
    19446086 
    19444481 
    19430076 
    19409661 
    19403254 
    19397555 
    19396323 
    19395784 
    19380548 
    19356210 
    19352723 
    19338556 
    19334391 
    19334388 
    19324369 
    19303099 
    19296988 
    19282703 
    19254991 
    19233952 
    19230904 
    19205751 
    19182730 
    19172331 
    19172102 
    19153774 
    19152962 
    19139086 
    19130286 
    19112220 
    19013606 
    19002451 
    18972261 
    18930516 
    18836845 
    18830717 
    18800229 
    18759167 
    18696120 
    19377236 
    19377227 
    19205372 
    19175002 
    19142706 
    19128765 
    19128764 
    19099812 
    19068981 
    19051656 
    19009899 
    18982468 
    18977988 
    18950818 
    18950808 
    18946613 
    18924514 
    18844487 
    18829791 
    18804801 
    18795484 
    18775677 
    18762516 
    18715588 
    18715573 
    18690985 
    18687710 
    18652168 
    18641996 
    18631922 
    18631897 
    18612659 
    18609292 
    18604119 
    18596013 
    18590494 
    18570864 
    18551288 
    18540900 
    18525431 
    18491728 
    18490378 
    18443549 
    18401288 
    18376100 
    18374004 
    18368793 
    18356680 
    18341874 
    18310221 
    18275766 
    18267977 
    18199100 
    18197421 
    18191385 
    18096464 
    18074149 
    18071688 
    18040727 
    17668243 
    17593932 
    18666470 
    18368911 
    18351242 
    18306603 
    18273976 
    18087632 
    18082695 
    18035134 
    18025941 
    17991370 
    17969803 
    17912983 
    17901064 
    17875650 
    17874252 
    17851282 
    17848251 
    17846912 
    17803473 
    17724831 
    17705768 
    17701928 
    17700160 
    17696266 
    17691633 
    17690790 
    17667447 
    17665222 
    17632145 
    17626605 
    17609835 
    17593362 
    17574623 
    17544626 
    17541233 
    17520245 
    17496008 
    17495428 
    17493220 
    17484219 
    17444829 
    17442740 
    17427551 
    17375337 
    17371343 
    17368268 
    17364285 
    17347969 
    17338614 
    17335605 
    17319905 
    17296422 
    17273861 
    17250502 
    17221248 
    17216249 
    17211588 
    17207908 
    17197887 
    17188624 
    17188622 
    17187613 
    17185424 
    17171352 
    17115277 
    17374489 
    17201947 
    17176873 
    17173786 
    17125660 
    17117084 
    17098659 
    17079816 
    17070296 
    17044453 
    17024392 
    16995345 
    16963479 
    16898507 
    16894326 
    16865393 
    16854571 
    16820673 
    16791804 
    16791609 
    16770129 
    16736226 
    16732797 
    16720591 
    16704677 
    16698369 
    16676102 
    16649521 
    16649426 
    16645840 
    16639846 
    16617390 
    16607149 
    16601492 
    16585829 
    16562786 
    16528111 
    16510640 
    16502071 
    16492433 
    16491412 
    16455210 
    16443724 
    16356794 
    16252105 
    15965575 
    15890693 
    16408434 
    16408432 
    16390027 
    16373252 
    16358447 
    16356021 
    16324515 
    16308218 
    16305102 
    16287569 
    16267189 
    16264022 
    16252147 
    16221100 
    16208176 
    16205610 
    16156319 
    16148663 
    16148660 
    16142257 
    16132773 
    16110405 
    16109085 
    16101979 
    16085971 
    16082551 
    16079986 
    16079971 
    16060090 
    16060078 
    16036893 
    16025299 
    16006953 
    15981747 
    15973531 
    15970618 
    15954896 
    15893462 
    15891308 
    15867014 
    15846759 
    15838697 
    15808428 
    15807734 
    15790019 
    15789210 
    15785940 
    15769296 
    15758798 
    15739109 
    15705091 
    15657508 
    15653436 
    15643259 
    15599771 
    15592072 
    15490148 
    15868848 
    15666616 
    15663676 
    15575217 
    15560268 
    15544109 
    15543565 
    15507849 
    15483488 
    15455544 
    15451490 
    15388827 
    15379054 
    15371779 
    15329127 
    15329124 
    15319604 
    15318311 
    15311041 
    15311040 
    15309597 
    15286264 
    15264238 
    15258842 
    15254309 
    15250022 
    15241674 
    15219088 
    15217445 
    15217129 
    15188739 
    15180629 
    15106080 
    15103426 
    15074024 
    15043659 
    15000940 
    14975495 
    14967161 
    14960649 
    14768371 
    14764144 
    14758509 
    14752575 
    14738249 
    14715561 
    14713838 
    14685837 
    14669099 
    14870890 
    14716571 
    14686759 
    14672471 
    14632865 
    14632347 
    14602856 
    14598100 
    14523764 
    14519305 
    14513136 
    14512648 
    14508285 
    14501762 
    14501662 
    14500439 
    12954160 
    12939061 
    12925099 
    12916438 
    12913703 
    12897660 
    12883980 
    12879736 
    12876855 
    12851776 
    12848478 
    12847893 
    12820951 
    12802637 
    12801109 
    12794259 
    12792972 
    12792386 
    12780846 
    12775285 
    12771787 
    12754871 
    12728914 
    12728913 
    12721819 
    12700964 
    12700963 
    12697917 
    12686865 
    12671842 
    12665313 
    12650317 
    12650294 
    12650293 
    12628093 
    12612199 
    12595511 
    12592126 
    12584530 
    12583365 
    12579399 
    12579398 
    12563087 
    12559263 
    12536245 
    12529467 
    12529459 
    12497243 
    12490817 
    12478178 
    12762236 
    12696269 
    12642938 
    12632914 
    12632757 
    12578155 
    12508736 
    12491832 
    12465428 
    12447588 
    12411870 
    12411844 
    12380905 
    12352600 
    12352340 
    12352339 
    12212827 
    12206739 
    12206738 
    12197798 
    12188413 
    12172762 
    12172760 
    12127705 
    12127212 
    12107804 
    12089886 
    12051457 
    12014054 
    11983344 
    11956778 
    11928843 
    11917046 
    11914892 
    11914672 
    11886600 
    11865544 
    11861252 
    11844880 
    11812710 
    11805483 
    11801699 
    11793131 
    11753132 
    11744799 
    11916180 
    11876137 
    11808890 
    11750448 
    11732122 
    11731648 
    11723484 
    11709139 
    11687677 
    11687440 
    11685593 
    11676905 
    11605786 
    11595849 
    11578537 
    11572232 
    11529382 
    11523352 
    11518789 
    11511988 
    11473562 
    11458111 
    11442993 
    11434158 
    11420916 
    11416748 
    11412461 
    11412226 
    11391332 
    11388577 
    11387151 
    11372624 
    11371942 
    11368108 
    11355070 
    11343739 
    11338052 
    11337542 
    11336167 
    11317023 
    11303823 
    11303239 
    11298062 
    11298035 
    11283215 
    11275715 
    11261676 
    11259232 
    11258409 
    11209004 
    11207174 
    11197988 
    11181198 
    11177086 
    11152787 
    18470721 
    11832078 
    11219908 
    11203154 
    11187052 
    11149112 
    11138678 
    11130188 
    11115033 
    11106046 
    11098204 
    11095036 
    11082916 
    11057838 
    11053939 
    11025746 
    11015014 
    11003855 
    10971281 
    10966194 
    10961818 
    10958742 
    10955949 
    10944023 
    10943962 
    10917221 
    10916785 
    10916126 
    10893627 
    10890332 
    10886091 
    10885698 
    10876758 
    10855622 
    10841920 
    10835978 
    10835062 
    10815457 
    10805465 
    10804401 
    10799427 
    10792074 
    10775072 
    10768669 
    10717906 
    10685451 
    10654988 
    10654980 
    11194668 
    10712059 
    10710946 
    10656274 
    10637719 
    10616861 
    10595891 
    10595470 
    10588276 
    10588269 
    10588267 
    10588266 
    10578496 
    10571758 
    10570866 
    10569962 
    10565787 
    10552069 
    10544733 
    10540651 
    10535336 
    10530060 
    10512886 
    10511961 
    10495685 
    10478742 
    10473996 
    10458463 
    10458387 
    10451891 
    10438391 
    10394987 
    10394980 
    10391060 
    10390264 
    10363147 
    10353409 
    10321827 
    10228997 
    10224840 
    10223500 
    10210224 
    10201035 
    10201014 
    10103321 
    10100365 
    10025695 
    9988072 
    9935057 
    9935056 
    9841836 
    10065238 
    9934793 
    9926301 
    9881738 
    9876948 
    9874316 
    9859510 
    9858295 
    9853352 
    9848795 
    9847064 
    9833368 
    9832579 
    9831790 
    9818286 
    9817092 
    9814110 
    9808966 
    9799067 
    9792797 
    9791546 
    9776536 
    9761359 
    9759321 
    9759320 
    9759319 
    9759316 
    9757956 
    9755546 
    9722762 
    9708522 
    9695664 
    9685836 
    9669411 
    9669404 
    9666760 
    9655361 
    9639974 
    9629792 
    9623033 
    9613363 
    9608142 
    9597102 
    9588640 
    9577484 
    9556646 
    9555565 
    9542778 
    9542222 
    9542009 
    9529274 
    9512195 
    9488066 
    9474135 
    9542421 
    9505851 
    9499305 
    9493226 
    9465255 
    9446004 
    9426733 
    9408646 
    9401513 
    9392788 
    9382278 
    9381626 
    9379207 
    9378930 
    9378929 
    9378920 
    9374361 
    9365681 
    9361542 
    9361538 
    9352548 
    9326963 
    9326956 
    9307157 
    9293820 
    9291203 
    9275984 
    9275111 
    9271034 
    9259528 
    9245255 
    9224361 
    9223826 
    9206514 
    9201493 
    9196240 
    9190301 
    9185747 
    9181655 
    9152526 
    9147466 
    9146654 
    9141589 
    9138922 
    9090657 
    9074543 
    9072482 
    9048821 
    9035209 
    9035184 
    9028852 
    9027775 
    9002103 
    9002094 
    8988117 
    9162356 
    9162354 
    9102939 
    9064670 
    9057399 
    9050343 
    8997105 
    8985526 
    8979546 
    8977075 
    8972785 
    8969722 
    8969716 
    8967185 
    8965153 
    8951910 
    8941580 
    8936625 
    8936011 
    8935409 
    8896512 
    8869786 
    8866798 
    8863581 
    8862320 
    8840549 
    8818473 
    8818087 
    8796389 
    8792507 
    8784392 
    8752862 
    8740300 
    8708770 
    8707677 
    8692483 
    8690953 
    8681740 
    8669103 
    8659016 
    8640042 
    8633462 
    8625785 
    8623698 
    8622200 
    8618333 
    8607206 
    8604465 
    8617015 
    8587762 
    8577554 
    8577552 
    8577553 
    8570449 
    8564741 
    8560356 
    7998566 
    7895428 
    7851287 
    7794724 
    7794723 
    7787932 
    7779526 
    7774071 
    7761049 
    7741579 
    7741578 
    7739920 
    7734908 
    7715992 
    7668016 
    7658265 
    7633172 
    7628168 
    7628142 
    7626556 
    7618903 
    7618902 
    7618567 
    7615367 
    7597245 
    7546929 
    7490974 
    7482830 
    7478135 
    8309003 
    8284391 
    8283380 
    8283371 
    8201678 
    8200390 
    8192006 
    8176559 
    8164447 
    8151463 
    8129430 
    8088280 
    8074959 
    8072116 
    8069140 
    8050797 
    8040793 
    8036046 
    8032824 
    8032398 
    8029384 
    8021985 
    8013196 
    8000832 
    7985298 
    7979542 
    7970949 
    7955834 
    7953103 
    7936016 
    7931657 
    7930484 
    7921944 
    7915403 
    7885789 
    7881994 
    7870724 
    7867876 
    7808845 
    7808660 
    7800217 
    7696107 
    7653274 
    7525437 
    7518158 
    7506645 
    7487376 
    8517610 
    8488762 
    8479676 
    8414754 
    8397439 
    8396978 
    8392121 
    8390789 
    8390412 
    8386074 
    8381529 
    8378794 
    8370950 
    8344037 
    8309749 
    8254894 
    8251328 
    8239890 
    8213371 
    8155927 
    8139141 
    8053781 
    7692210 
    7506886 
    1640557 
    1640534 
    1616829 
    1589729 
    1576769 
    1571636 
    1565534 
    1518703 
    1507494 
    1502632 
    1500753 
    1498506 
    1437366 
    1433600 
    1433589 
    1433579 
    1352870 
    1343562 
    1336693 
    1335226 
    1334134 
    1331945 
    1331727 
    1331546 
    1331545 
    1328692 
    1327798 
    1323086 
    1318485 
    1317065 
    1314912 
    1314684 
    1314153 
    1311376 
    1311185 
    1307636 
    1294665 
    1290517 
    1286887 
    1281961 
    10147646 
    2021813 
    1988517 
    1947267 
    1943585 
    1929174 
    1892804 
    1886700 
    1870178 
    1847727 
    1830430 
    1829284 
    1825862 
    1823680 
    1810092 
    1797971 
    1759036 
    1753422 
    1710015 
    1681043 
    1671774 
    1668967 
    1668879 
    1664085 
    1661570 
    1658421 
    1654977 
    1651644 
    1650570 
    2405927 
    2403596 
    2388315 
    2371096 
    2336754 
    2329413 
    2292157 
    2282422 
    2282201 
    2274943 
    2238849 
    2235316 
    2208931 
    2202479 
    2193856 
    2191830 
    2185588 
    2177534 
    2173381 
    2171872 
    2171870 
    2170901 
    2169847 
    2158539 
    2112833 
    2096433 
    2085989 
    2084238 
    2080795 
    2922235 
    2797980 
    2791473 
    2769867 
    2746689 
    2742062 
    2729027 
    2713290 
    2703684 
    2699313 
    2691484 
    2691478 
    2688367 
    2666597 
    2660529 
    2658022 
    2658019 
    2657513 
    2633344 
    2631715 
    2629032 
    2625914 
    2596081 
    2567765 
    2562013 
    2557799 
    2557721 
    2546898 
    2543334 
    2537481 
    2510121 
    2506729 
    3386977 
    3292724 
    3292665 
    3283989 
    3279175 
    3277231 
    3230545 
    3227551 
    3207074 
    3184292 
    3177136 
    3141970 
    3137732 
    3075148 
    3070464 
    3062784 
    3062783 
    3055628 
    2966000 
    2893330 
    2854178 
    2849382 
    2849381 
    2846898 
    2838716 
    2451065 
    3827454 
    3800652 
    3656944 
    3556433 
    3550670 
    3549101 
    3544745 
    3324374 
    3322076 
    3319011 
    3316900 
    3306778 
    3122134 
    3038465 
    2853479 
    2829750 
    3962510 
    3954416 
    3790338 
    3765885 
    3745475 
    3725620 
    3706296 
    3554155 
    3526667 
    3525876 
    3525782 
    3524899 
    3520458 
    3516651 
    3511281 
    3462650 
    3317554 
    3299159 
    3028284 
    3027538 
    3014171 
    3012742 
    3007785 
    3001474 
    4042509 
    4024610 
    3989915 
    3982254 
    3975545 
    3924153 
    3915925 
    3915546 
    3909120 
    3907093 
    3906538 
    3901351 
    3900621 
    3900527 
    3895818 
    3895744 
    3834155 
    3000683 
    2997967 
    2996289 
    2868893 
    2868520 
    2417088 
    6744869 
    6726901 
    6694817 
    6584979 
    6538423 
    6462809 
    6430439 
    6429471 
    6423107 
    6400077 
    6397649 
    6395507 
    6395318 
    6383419 
    6379492 
    6376860 
    6374485 
    6373221 
    6372686 
    6369027 
    6368870 
    6367920 
    6204873 
    6151729 
    6150723 
    6095534 
    6086233 
    6086232 
    6086231 
    6887361 
    6879276 
    6875297 
    6872263 
    6856495 
    6842296 
    6840178 
    6660671 
    6654939 
    6624432 
    6616678 
    6392427 
    6369943 
    6348227 
    6323942 
    6308868 
    6307702 
    6306891 
    7185987 
    7173849 
    7148585 
    7143596 
    7120583 
    7120544 
    7090365 
    7090362 
    7087971 
    7080869 
    7072302 
    7057312 
    7047865 
    7039139 
    6953917 
    6294943 
    6293750 
    6289457 
    6289456 
    6289455 
    7463590 
    7304657 
    7244659 
    7226673 
    7024825 
    7024481 
    7019822 
    7017910 
    7015262 
    7012399 
    7007664 
    6214478 
    6112693 
    7455037 
    7438660 
    7434714 
    7426865 
    7416641 
    7404927 
    7404870 
    7382987 
    7376411 
    7236171 
    7235522 
    7210655 
    7010830 
    6989964 
    6255689 
    6250263 
    532628 
    529672 
    525702 
    509658 
    509024 
    499972 
    484060 
    481659 
    472292 
    463532 
    450525 
    425597 
    400492 
    395815 
    380899 
    380104 
    375176 
    370421 
    231303 
    219419 
    218073 
    753021 
    730680 
    712907 
    712888 
    704508 
    697217 
    689816 
    679576 
    663097 
    660773 
    657663 
    633475 
    625226 
    622751 
    621567 
    619409 
    566893 
    417046 
    383112 
    362534 
    361992 
    223709 
    107906 
    99869 
    927059 
    926609 
    883127 
    876243 
    859036 
    855395 
    850312 
    412088 
    404436 
    339554 
    329566 
    68180 
    1274565 
    1034026 
    1007240 
    1000895 
    980574 
    972423 
    952140 
    938832 
    793701 
    785172 
    781306 
    765437 
    1229763 
    1228669 
    1155060 
    1154789 
    1130173 
    1128522 
    1110402 
    1098384 
    1093351 
    1089259 
    1088968 
    1079107 
    234610 
    126897 
    4854105 
    4851227 
    4847435 
    4842333 
    4830888 
    4830875 
    4829134 
    4823731 
    4819689 
    4619754 
    4610952 
    4546909 
    4479817 
    4459306 
    4458306 
    4454766 
    4432960 
    4421769 
    4417154 
    4408994 
    4364497 
    4359007 
    4782462 
    4756002 
    4752617 
    4748257 
    4741095 
    4709216 
    4704265 
    4701353 
    4686855 
    4685601 
    4587096 
    4582562 
    4367040 
    4366543 
    4197017 
    4131528 
    5084829 
    5075988 
    5059009 
    5046535 
    4659065 
    4641461 
    4344627 
    4344500 
    4337806 
    4116537 
    5569354 
    5566892 
    5561354 
    5551462 
    5315595 
    5314857 
    5160635 
    5142852 
    5138076 
    5112309 
    5108310 
    5107495 
    5099746 
    5004030 
    4999222 
    4944539 
    4942283 
    5535118 
    5523637 
    5516958 
    5514135 
    5513014 
    5505732 
    5492584 
    5489339 
    5465271 
    5457160 
    5437089 
    5426706 
    5004612 
    5000421 
    4992096 
    4991154 
    4987229 
    5810513 
    5802198 
    5778550 
    5774076 
    5773405 
    5395279 
    5381223 
    5378244 
    5373347 
    5364566 
    5362153 
    5352269 
    4312366 
    4308468 
    5746663 
    5737277 
    5737263 
    5725671 
    5695120 
    5693713 
    5654298 
    5302298 
    6071503 
    6054671 
    6024634 
    6024104 
    6023686 
    6018480 
    4866513 
    6007498 
    5982657 
    5940004 
    5929012 
    14313412 
    5895971 
    5871677 
    5860985 
    14223927 
    14223541 
    14223263 
    14209029 
    14206002 
    14201386 
    14194186 
    14169739 
    14167284 
    14156610 
    14146614 
    14125851 
    14122196 
    14107237 
    14094401 
    14086906 
    14080911 
    14077924 
    14077797 
    14061424 
    14042461 
    13944851 
    14432124 
    13727430 
    13687532 
