Topic: CD009551 

Title: Polymerase chain reaction blood tests for the diagnosis of invasive aspergillosis in immunocompromised people 

Query: 
exp Aspergillosis/
exp Pulmonary Aspergillosis/
exp Aspergillus/
(aspergillosis or aspergillus or aspergilloma or "A.fumigatus" or "A. flavus" or "A. clavatus" or "A. terreus" or "A. niger").ti,ab.
or/1-4
exp Nucleic Acid Amplification Techniques/
pcr.ti,ab.
"polymerase chain reaction*".ti,ab.
or/6-8
5 and 9
exp Animals/ not Humans/
10 not 11 

Pids: 
    25815649 
    26065322 
    26047046 
    26036769 
    26028521 
    26024441 
    25960612 
    25918347 
    25917801 
    25896772 
    25883525 
    25872733 
    25851634 
    25851301 
    25846441 
    25840850 
    25836414 
    25796518 
    25781896 
    25771341 
    25760080 
    25742150 
    25741015 
    25729999 
    25724252 
    25719852 
    25713980 
    25705718 
    25657116 
    25656408 
    25621617 
    25613604 
    25612900 
    25603404 
    25596722 
    25568431 
    25559816 
    25502530 
    25425159 
    25421370 
    25415407 
    25385534 
    25384730 
    25363529 
    25349089 
    25344259 
    25336623 
    25326091 
    25274127 
    25193981 
    25082186 
    25040464 
    24960316 
    24833776 
    23799871 
    25775788 
    25518949 
    25501147 
    25482742 
    25482740 
    25464008 
    25461949 
    25357108 
    25318762 
    25261942 
    25255025 
    25253558 
    25252646 
    25251435 
    25242934 
    25193747 
    25178919 
    25162789 
    25155930 
    25130774 
    25129364 
    25126831 
    25122854 
    25120234 
    25108222 
    25088501 
    25084656 
    25076075 
    25072733 
    25072728 
    25072712 
    25063549 
    25048233 
    25043595 
    25036772 
    25031443 
    25023484 
    25011914 
    25007578 
    25006238 
    24990760 
    24987100 
    24986679 
    24986045 
    24982319 
    24977681 
    24973064 
    24936792 
    24931137 
    24927411 
    24915853 
    24906064 
    24893651 
    24887637 
    24886193 
    24885088 
    24879544 
    24879349 
    24870357 
    24853527 
    24835742 
    24818485 
    24809292 
    24803392 
    24803238 
    24768294 
    24759426 
    24742997 
    24742431 
    24728707 
    24726663 
    24725382 
    24719455 
    24719446 
    24712434 
    24710283 
    24704188 
    24699234 
    24698139 
    24691870 
    24680080 
    24680079 
    24677097 
    24676241 
    24671798 
    24661790 
    24657665 
    24655146 
    24646755 
    24637772 
    24626467 
    24609945 
    24599078 
    24588891 
    24584515 
    24555650 
    24555647 
    24555643 
    24550444 
    24548895 
    24548415 
    24535743 
    24493565 
    24491293 
    24464080 
    24462974 
    24457303 
    24442359 
    24440682 
    24418238 
    24392732 
    24384382 
    24376003 
    24375164 
    24323289 
    24313443 
    24309908 
    24290653 
    24268295 
    24252827 
    24237760 
    24184309 
    24166184 
    24164706 
    24142380 
    24132496 
    24037906 
    24030717 
    24026449 
    23886693 
    23801149 
    23786547 
    23756242 
    23710880 
    23517274 
    23391452 
    24459772 
    24409765 
    24391918 
    24368426 
    24367682 
    24351905 
    24294264 
    24291925 
    24152260 
    24123732 
    24113825 
    24108612 
    24095659 
    24091920 
    24071866 
    24066582 
    24065675 
    24052228 
    24047134 
    24045934 
    24040343 
    24037306 
    24036751 
    24033951 
    24009710 
    23973838 
    23959322 
    23957415 
    23955377 
    23954943 
    23934489 
    23931836 
    23928558 
    23889550 
    23886435 
    23884469 
    23865052 
    23835170 
    23813092 
    23809840 
    23805875 
    23799048 
    23774978 
    23761142 
    23758105 
    23726262 
    23725402 
    23723998 
    23719654 
    23710454 
    23706827 
    23686776 
    23666221 
    23650087 
    23644832 
    23644098 
    23639613 
    23639612 
    23637884 
    23633661 
    23621588 
    23621043 
    23620764 
    23615821 
    23614624 
    23603018 
    23588332 
    23583899 
    23580559 
    23573983 
    23571105 
    23569017 
    23568517 
    23563559 
    23561301 
    23560622 
    23555591 
    23555039 
    23545354 
    23522080 
    23513028 
    23508862 
    23498197 
    23486712 
    23464751 
    23463213 
    23451071 
    23448824 
    23446835 
    23426930 
    23420404 
    23417151 
    23411576 
    23399248 
    23398543 
    23396159 
    23388129 
    23385948 
    23360173 
    23337500 
    23336696 
    23331959 
    23330675 
    23314962 
    23305771 
    23303501 
    23296888 
    23287496 
    23278665 
    23278646 
    23278540 
    23275075 
    23252499 
    23216688 
    23198683 
    23180546 
    23165244 
    23163595 
    23160134 
    23154970 
    23147740 
    23139075 
    23137280 
    23100337 
    23036749 
    23002911 
    22983699 
    22962354 
    22955887 
    22945270 
    22834482 
    22795370 
    22733113 
    23231717 
    23231708 
    23226235 
    23202303 
    23188584 
    23173087 
    23172020 
    23160681 
    23153805 
    23109474 
    23101390 
    23095159 
    23078837 
    23077786 
    23073111 
    23065615 
    23065614 
    23043829 
    23031334 
    23028503 
    22971327 
    22964252 
    22952943 
    22952268 
    22919314 
    22906850 
    22906186 
    22905261 
    22904183 
    22901231 
    22863901 
    22862919 
    22843562 
    22838495 
    22837320 
    22808087 
    22805966 
    22782265 
    22781455 
    22771862 
    22740590 
    22731696 
    22728589 
    22704686 
    22699061 
    22685137 
    22678428 
    22670589 
    22650156 
    22634401 
    22613889 
    22610430 
    22608236 
    22606305 
    22605848 
    22593600 
    22585286 
    22580756 
    22574193 
    22566119 
    22532664 
    22527320 
    22526309 
    22518857 
    22506079 
    22505446 
    22502959 
    22495451 
    22475947 
    22474565 
    22473419 
    22455842 
    22453123 
    22450569 
    22445201 
    22440310 
    22439693 
    22435876 
    22432007 
    22428072 
    22420668 
    22414380 
    22399173 
    22389879 
    22385627 
    22384201 
    22382738 
    22378557 
    22371227 
    22341916 
    22328370 
    22327593 
    22305540 
    22305239 
    22265982 
    22263641 
    22248125 
    22230933 
    22227105 
    22221359 
    22220187 
    22219607 
    22207035 
    22196205 
    22189121 
    22160911 
    22160328 
    22151280 
    22150297 
    22143434 
    22134599 
    22124127 
    22101445 
    22082828 
    22038601 
    22037818 
    22028200 
    22006005 
    21947326 
    21935697 
    21929560 
    21927034 
    21850431 
    21834667 
    21788229 
    21689797 
    21554421 
    21423120 
    22417364 
    22286039 
    22263426 
    22168015 
    22164295 
    22142041 
    22128236 
    22120803 
    22114731 
    22112821 
    22075290 
    22069739 
    22069731 
    22069724 
    22069691 
    22039841 
    22036292 
    22018204 
    22012015 
    22008745 
    21985967 
    21940479 
    21935789 
    21923908 
    21899908 
    21897974 
    21897021 
    21889911 
    21882662 
    21861765 
    21858538 
    21849696 
    21840384 
    21839392 
    21836343 
    21828275 
    21824758 
    21821764 
    21818610 
    21802757 
    21796487 
    21793657 
    21791040 
    21788730 
    21771406 
    21761713 
    21756800 
    21755315 
    21750945 
    21741477 
    21741104 
    21724168 
    21723360 
    21717328 
    21698107 
    21686223 
    21685325 
    21663991 
    21655222 
    21645819 
    21645813 
    21644076 
    21640974 
    21637862 
    21632240 
    21632114 
    21623884 
    21605027 
    21598928 
    21596908 
    21574390 
    21567331 
    21554340 
    21551246 
    21535474 
    21531034 
    21529122 
    21527474 
    21518521 
    21518025 
    21513216 
    21510879 
    21507918 
    21485158 
    21477486 
    21467016 
    21465797 
    21450965 
    21441461 
    21440331 
    21439061 
    21417414 
    21396477 
    21392133 
    21388144 
    21345511 
    21342785 
    21341988 
    21339676 
    21335500 
    21325541 
    21296936 
    21281234 
    21277379 
    21277342 
    21273551 
    21256746 
    21256002 
    21234787 
    21227993 
    21216481 
    21210990 
    21203794 
    21193785 
    21191054 
    21181156 
    21169437 
    21166768 
    21122039 
    21108574 
    20958255 
    20950222 
    20921946 
    20822431 
    20807031 
    20718612 
    20718604 
    20667621 
    20667000 
    20632211 
    20632114 
    20608781 
    20563857 
    20526743 
    20298270 
    22069596 
    21326837 
    21255319 
    21221952 
    21221936 
    21187926 
    21128209 
    21118527 
    21102391 
    21092564 
    21090115 
    21067328 
    21058154 
    21046338 
    20978634 
    20952652 
    20942058 
    20832694 
    20827189 
    20823702 
    20821591 
    20818103 
    20817798 
    20735510 
    20720026 
    20720024 
    20716040 
    20711895 
    20704651 
    20699629 
    20686222 
    20684304 
    20679430 
    20647677 
    20645385 
    20638611 
    20626764 
    20582777 
    20576752 
    20574830 
    20571794 
    20528464 
    20526482 
    20490754 
    20486001 
    20471587 
    20467244 
    20467199 
    20463243 
    20456528 
    20455156 
    20453072 
    20447271 
    20440534 
    20438816 
    20417400 
    20416198 
    20392911 
    20392148 
    20392146 
    20381597 
    20377644 
    20374275 
    20372013 
    20370343 
    20367932 
    20361498 
    20359458 
    20358180 
    20357484 
    20356513 
    20351207 
    20347662 
    20333472 
    20306157 
    20222384 
    20205795 
    20190840 
    20167588 
    20156030 
    20153541 
    20150979 
    20145973 
    20144543 
    20136576 
    20131067 
    20129972 
    20129088 
    20110639 
    20107096 
    20106864 
    20097738 
    20082061 
    20072605 
    20058189 
    20055739 
    20053626 
    20047485 
    20039019 
    20035025 
    20002155 
    19968888 
    19953413 
    19945807 
    19924476 
    19919853 
    19914321 
    19896239 
    19888672 
    19850832 
    19764004 
    19760058 
    19634068 
    19500260 
    19496935 
    19412581 
    21351463 
    20352975 
    20183192 
    20035624 
    20030960 
    19968513 
    19895220 
    19890556 
    19861279 
    19855303 
    19848605 
    19835761 
    19835173 
    19819579 
    19801473 
    19765479 
    19741524 
    19731605 
    19730788 
    19700014 
    19684861 
    19680888 
    19678547 
    19673973 
    19666480 
    19664127 
    19628011 
    19621578 
    19618506 
    19591888 
    19589392 
    19577187 
    19573328 
    19571034 
    19566663 
    19558597 
    19557408 
    19547867 
    19541789 
    19537208 
    19521728 
    19519853 
    19500176 
    19486415 
    19486398 
    19486395 
    19486284 
    19476005 
    19473690 
    19473251 
    19467584 
    19457031 
    19451239 
    19448638 
    19445185 
    19440704 
    19416940 
    19415934 
    19403766 
    19403758 
    19401261 
    19396239 
    19387973 
    19386377 
    19377623 
    19370071 
    19332310 
    19324443 
    19308034 
    19305348 
    19305063 
    19298905 
    19294624 
    19276884 
    19268380 
    19261791 
    19258277 
    19255901 
    19255755 
    19253143 
    19253138 
    19251760 
    19246986 
    19244466 
    19243908 
    19238380 
    19233957 
    19229589 
    19226388 
    19217941 
    19214630 
    19210691 
    19208266 
    19205472 
    19196262 
    19191921 
    19183000 
    19179225 
    19176265 
    19161356 
    19141736 
    19141733 
    19110333 
    19109479 
    19104852 
    19104024 
    19103864 
    19073865 
    19043401 
    19038469 
    19013535 
    18992777 
    18955151 
    18798050 
    18763000 
    18689703 
    18672389 
    18654926 
    18654916 
    18643921 
    18643890 
    18608902 
    18608893 
    18397213 
    19469095 
    19241524 
    19111645 
    19080569 
    19080352 
    19076844 
    19069089 
    19055059 
    19024171 
    19019289 
    18959152 
    18944078 
    18931291 
    18854937 
    18845828 
    18838595 
    18832929 
    18832298 
    18820909 
    18798037 
    18796135 
    18791013 
    18780236 
    18752198 
    18720289 
    18713314 
    18705871 
    18695956 
    18688769 
    18687497 
    18681941 
    18678866 
    18652906 
    18644959 
    18627580 
    18602989 
    18594296 
    18588984 
    18588521 
    18575630 
    18571996 
    18568882 
    18546027 
    18543126 
    18541161 
    18538431 
    18521930 
    18520326 
    18512442 
    18510764 
    18510557 
    18500936 
    18498318 
    18495860 
    18486503 
    18484303 
    18480229 
    18474582 
    18468512 
    18455823 
    18449403 
    18449222 
    18436593 
    18430128 
    18429996 
    18419373 
    18415839 
    18401744 
    18385440 
    18378656 
    18367576 
    18364120 
    18355911 
    18353931 
    18331444 
    18317823 
    18310042 
    18298443 
    18293184 
    18291305 
    18280542 
    18279049 
    18266800 
    18266785 
    18262811 
    18256487 
    18254749 
    18234874 
    18227268 
    18227243 
    18212093 
    18201993 
    18193305 
    18172722 
    18166808 
    18166238 
    18164254 
    18160163 
    18160156 
    18158407 
    18155541 
    18088091 
    18083888 
    18065667 
    18060506 
    18038193 
    18037475 
    18026743 
    18000703 
    17983355 
    17981947 
    17973316 
    17955189 
    17935925 
    17703973 
    17268891 
    18095762 
    18095455 
    18051868 
    18039373 
    17987567 
    17965363 
    17944708 
    17933253 
    17929218 
    17923996 
    17905324 
    17900727 
    17897192 
    17893168 
    17890344 
    17886188 
    17886187 
    17886186 
    17886178 
    17886177 
    17886176 
    17881255 
    17878557 
    17868942 
    17854403 
    17822042 
    17822032 
    17806041 
    17804102 
    17802916 
    17761478 
    17728508 
    17722701 
    17719249 
    17715373 
    17707328 
    17692974 
    17688585 
    17682776 
    17680211 
    17672321 
    17671663 
    17650201 
    17647207 
    17646981 
    17646966 
    17636383 
    17634313 
    17630312 
    17621825 
    17617703 
    17617057 
    17608701 
    17605910 
    17604424 
    17600362 
    17595473 
    17581930 
    17574786 
    17554432 
    17552235 
    17551789 
    17510862 
    17503296 
    17496961 
    17479383 
    17467772 
    17464842 
    17460901 
    17449691 
    17432932 
    17425662 
    17420593 
    17420584 
    17400783 
    17395518 
    17394606 
    17384199 
    17375284 
    17371828 
    17366896 
    17366453 
    17343676 
    17334729 
    17333917 
    17328980 
    17317214 
    17291614 
    17286166 
    17279054 
    17273823 
    17267633 
    17261076 
    17251398 
    17238237 
    17230581 
    17216451 
    17205486 
    17202930 
    17194495 
    17184314 
    17178797 
    17178246 
    17172527 
    17166958 
    17158042 
    17122000 
    17016743 
    16959342 
    17661641 
    17461323 
    17426786 
    17406574 
    17406500 
    17270725 
    17236162 
    17196019 
    17189178 
    17185280 
    17139616 
    17130677 
    17127630 
    17101590 
    17086560 
    17086160 
    17075620 
    17045941 
    17039272 
    17035619 
    17024507 
    17018254 
    16963420 
    16962256 
    16944291 
    16944283 
    16943359 
    16939324 
    16933623 
    16914647 
    16913971 
    16907730 
    16894889 
    16893395 
    16874411 
    16872530 
    16842569 
    16835842 
    16832727 
    16830186 
    16825512 
    16822232 
    16821724 
    16814894 
    16798978 
    16791762 
    16784880 
    16784444 
    16779647 
    16772427 
    16759234 
    16758737 
    16735072 
    16715542 
    16714021 
    16708193 
    16702099 
    16699570 
    16697479 
    16690149 
    16673111 
    16672397 
    16650956 
    16649078 
    16622700 
    16619113 
    16616453 
    16607954 
    16572845 
    16552065 
    16517870 
    16517184 
    16506053 
    16499984 
    16499151 
    16494509 
    16487239 
    16484077 
    16466900 
    16463092 
    16462306 
    16455889 
    16453271 
    16451404 
    16448506 
    16443301 
    16421792 
    16421791 
    16416267 
    16412020 
    16406292 
    16391082 
    16387806 
    16385126 
    16376057 
    16369840 
    16330537 
    16330211 
    16321822 
    16289954 
    16133334 
    16122766 
    16102739 
    16722222 
    16596959 
    16496697 
    16475501 
    16468358 
    16457343 
    16444977 
    16377911 
    16368011 
    16365289 
    16342763 
    16332900 
    16315094 
    16312174 
    16303751 
    16298948 
    16255874 
    16255247 
    16254108 
    16245866 
    16208020 
    16207989 
    16207973 
    16207969 
    16202538 
    16190352 
    16175901 
    16165323 
    16160832 
    16156116 
    16154781 
    16147886 
    16145076 
    16133167 
    16118412 
    16116253 
    16111246 
    16110806 
    16110805 
    16110803 
    16110783 
    16096835 
    16096690 
    16094871 
    16091777 
    16085865 
    16084833 
    16082523 
    16081958 
    16054349 
    16034822 
    16021283 
    16019802 
    16005299 
    15983745 
    15975678 
    15967531 
    15953695 
    15936168 
    15933021 
    15925308 
    15909368 
    15904674 
    15895933 
    15893243 
    15892737 
    15880126 
    15879906 
    15872239 
    15872227 
    15847181 
    15845386 
    15838675 
    15826281 
    15823659 
    15808942 
    15798797 
    15794921 
    15793114 
    15773033 
    15755924 
    15752350 
    15749051 
    15722148 
    15719355 
    15716038 
    15715941 
    15713607 
    15707846 
    15695702 
    15695661 
    15693789 
    15681047 
    15676191 
    15670714 
    15668862 
    15659196 
    15634974 
    15615755 
    15591252 
    15588991 
    15549616 
    15272286 
    16892537 
    16110957 
    15791867 
    15757179 
    15733434 
    15709804 
    15645173 
    15644917 
    15583275 
    15574949 
    15555940 
    15553652 
    15552645 
    15552643 
    15504870 
    15489939 
    15479404 
    15470263 
    15466528 
    15465386 
    15461638 
    15451105 
    15451104 
    15365025 
    15365004 
    15364984 
    15345393 
    15341913 
    15328121 
    15327973 
    15310341 
    15305713 
    15297933 
    15297917 
    15297489 
    15257938 
    15255903 
    15249448 
    15247928 
    15244045 
    15239400 
    15237292 
    15236920 
    15218972 
    15218381 
    15215142 
    15184460 
    15166279 
    15160907 
    15142721 
    15135586 
    15130140 
    15129726 
    15108736 
    15079891 
    15071756 
    15068336 
    15066846 
    15064240 
    15059142 
    15050035 
    15047520 
    15046309 
    15037621 
    15019993 
    14998396 
    14766869 
    14750236 
    14736460 
    14732266 
    14727059 
    14723522 
    14707712 
    15969057 
    15456364 
    15058197 
    15022785 
    15000243 
    14987199 
    14672045 
    14670903 
    14665453 
    14663081 
    14662960 
    14662934 
    14645701 
    14639952 
    14633008 
    14626574 
    14600221 
    14596967 
    14584610 
    14572378 
    14572377 
    14566574 
    14556761 
    14527661 
    14520109 
    14513384 
    13680172 
    12969302 
    12967210 
    12964848 
    12963348 
    12958261 
    12938011 
    12925377 
    12914286 
    12904419 
    12898356 
    12892923 
    12871905 
    12867558 
    12853153 
    12848725 
    12843660 
    12840024 
    12825511 
    12785313 
    12784608 
    12777690 
    12777515 
    12762339 
    12752802 
    12747422 
    12743564 
    12734210 
    12709346 
    12690650 
    12678710 
    12667256 
    12655397 
    12653860 
    12627806 
    12620258 
    12619691 
    12604551 
    12591825 
    12589475 
    12574250 
    12574242 
    12571064 
    12571042 
    12568754 
    12562243 
    12520695 
    12508264 
    12495819 
    12487628 
    14963824 
    12749588 
    12692945 
    12690965 
    12652911 
    12652873 
    12642937 
    12597358 
    12596854 
    12557373 
    12495016 
    12486790 
    12478389 
    12469311 
    12450130 
    12450128 
    12437651 
    12436257 
    12436251 
    12432231 
    12424579 
    12424542 
    12417914 
    12375102 
    12355006 
    12230214 
    12228297 
    12224649 
    12172968 
    12149346 
    12149343 
    12147467 
    12136655 
    12127859 
    12111557 
    12092808 
    12089041 
    12086105 
    12084578 
    12074058 
    12069913 
    12051895 
    12037097 
    12037094 
    12037092 
    12036596 
    12030297 
    12010653 
    11999400 
    11999005 
    11988507 
    11979043 
    11978610 
    11976961 
    11964921 
    11954796 
    11948049 
    11939394 
    11932457 
    11929216 
    11923400 
    11920473 
    11913767 
    11899029 
    11886384 
    11872487 
    11864908 
    11860262 
    11850239 
    11831480 
    11829749 
    11824538 
    11801580 
    11801576 
    11792987 
    11772640 
    12702357 
    12561778 
    12063396 
    11921835 
    11816981 
    11799307 
    11798263 
    11779799 
    11766380 
    11764895 
    11764679 
    11763128 
    11757979 
    11722900 
    11714525 
    11706168 
    11705928 
    11704746 
    11704742 
    11702696 
    11701951 
    11693910 
    11680825 
    11592501 
    11588697 
    11559403 
    11557192 
    11545278 
    11526009 
    11525216 
    11520777 
    11498744 
    11489135 
    11483612 
    11479709 
    11476976 
    11474427 
    11462176 
    11446528 
    11435728 
    11429479 
    11427596 
    11427550 
    11425482 
    11417629 
    11413925 
    11388486 
    11376086 
    11376067 
    11358516 
    11346268 
    11331470 
    11328298 
    11325982 
    11319592 
    11318104 
    11306922 
    11292325 
    11289522 
    11283102 
    11277429 
    11254600 
    11240049 
    11222566 
    11213075 
    11204778 
    11178973 
    11162394 
    11133467 
    12548939 
    11429016 
    11217803 
    11211316 
    11210150 
    11205570 
    11204354 
    11204140 
    11168048 
    11139027 
    11126119 
    11123677 
    11122112 
    11100830 
    11090263 
    11085267 
    11071951 
    11060088 
    11057445 
    11035584 
    11031343 
    11023720 
    11015412 
    11015393 
    11004483 
    10993142 
    10977899 
    10975701 
    10974561 
    10958971 
    10952006 
    10932351 
    10930731 
    10921948 
    10913868 
    10908023 
    10905429 
    10905427 
    10899618 
    10882536 
    10857929 
    10855719 
    10853771 
    10852594 
    10849020 
    10846218 
    10832025 
    10823773 
    10806361 
    10806226 
    10799502 
    10778746 
    10777816 
    10775423 
    10772835 
    10765040 
    10755298 
    10743566 
    10742277 
    10739949 
    10732844 
    10710436 
    10696882 
    10684633 
    10671536 
    10655350 
    10653148 
    10651736 
    10636904 
    10629598 
    10610703 
    10564728 
    10997132 
    10865899 
    10865896 
    10628875 
    10614966 
    10592693 
    10574505 
    10572125 
    10570972 
    10565898 
    10562808 
    10556711 
    10543813 
    10543807 
    10482390 
    10480308 
    10479157 
    10473389 
    10467546 
    10460619 
    10459580 
    10452949 
    10452338 
    10445315 
    10437828 
    10435362 
    10427010 
    10424090 
    10422228 
    10411383 
    10380624 
    10377251 
    10376827 
    10361035 
    10347026 
    10325335 
    10325319 
    10320571 
    10228742 
    10225290 
    10224375 
    10210332 
    10200936 
    10200937 
    10074553 
    10074549 
    10074081 
    10052742 
    10023082 
    9989647 
    9989644 
    9933358 
    9933359 
    9919661 
    9895285 
    9882657 
    9854096 
    12549330 
    10085690 
    10075496 
    10028811 
    9988514 
    9950095 
    9930067 
    9885732 
    9871120 
    9868774 
    9852945 
    9839319 
    9835571 
    9835566 
    9828823 
    9818093 
    9817884 
    9807997 
    9797301 
    9795261 
    9779353 
    9778740 
    9776830 
    9776828 
    9773270 
    9756714 
    9736163 
    9720206 
    9720204 
    9705365 
    9685506 
    9650962 
    9636871 
    9625689 
    9620390 
    9618589 
    9615480 
    9615479 
    9579465 
    9574694 
    9574670 
    9546185 
    9535817 
    9532788 
    9523381 
    9508794 
    9501518 
    9519482 
    9467106 
    9454647 
    9442274 
    9438344 
    9426247 
    9399543 
    9385443 
    9379554 
    9379547 
    9373135 
    9371888 
    9339892 
    9321728 
    9312029 
    9290242 
    9290241 
    9257365 
    9248266 
    9229335 
    9224729 
    9217111 
    9211795 
    9200704 
    9183009 
    9163746 
    9163443 
    9143104 
    9143099 
    9141689 
    9141684 
    9141670 
    9130526 
    9128014 
    9128011 
    9108182 
    9084119 
    9074500 
    9071091 
    9069115 
    9063670 
    9061355 
    9058095 
    9025298 
    9021130 
    9006911 
    9000377 
    10846565 
    9038753 
    9011123 
    9008887 
    9003286 
    8988359 
    8960907 
    8933843 
    8929395 
    8917102 
    8890598 
    8880528 
    8880501 
    8868425 
    8856049 
    8837429 
    8836442 
    8832021 
    8810945 
    8795232 
    8795215 
    8789013 
    8786753 
    8748280 
    8706730 
    8702288 
    8690882 
    8679226 
    8672814 
    8662689 
    8656684 
    8625427 
    8625424 
    8598061 
    8722032 
    8720191 
    8597544 
    8596437 
    8586742 
    8586705 
    8586691 
    8576345 
    8575021 
    8572683 
    8570567 
    8567928 
    8567884 
    8566771 
    8544085 
    8534978 
    8521952 
    8520125 
    7887625 
    7883176 
    7854320 
    7793959 
    7789808 
    7770039 
    7747954 
    7729421 
    7699073 
    7672126 
    7650207 
    7650194 
    7646819 
    7619488 
    7616678 
    7615723 
    7612216 
    7600378 
    7592973 
    7592391 
    7586033 
    7560970 
    7557298 
    7548505 
    7501471 
    7500937 
    7489900 
    8276189 
    8181749 
    8181725 
    8176723 
    8112588 
    8112585 
    8065031 
    8061323 
    7972490 
    7961884 
    7945306 
    7929762 
    7927700 
    7927676 
    7876668 
    7823410 
    7811072 
    7765794 
    7765719 
    7764853 
    8501211 
    8500876 
    8464724 
    8458955 
    8416986 
    8408576 
    8405943 
    8359678 
    8358825 
    8346917 
    8337560 
    8321251 
    8299175 
    8274451 
    8239169 
    8224894 
    8224504 
    8099900 
    8096800 
    7934913 
    7916610 
    7763981 
    1534750 
    1516832 
    1495393 
    1452034 
    1431110 
    1322861 
    1320381 
    2001172 
    1922075 
    1918060 
    1840634 
    1818163 
    2277645 
    2253884 
    2183644 
