Topic: CD008081 

Title: Optical coherence tomography (OCT) for detection of macular oedema in patients with diabetic retinopathy 

Query: 
tomography/
tomography, optical coherence/
ophthalmoscopy/
(optical$ adj2 coherence$ adj2 tomograph$).tw.
OCT.tw.
or/1-5
exp macular edema/
(macula$ adj3 oedema).tw.
(macula$ adj3 edema).tw.
maculopath$.tw.
(CME or CSME or CMO or CSMO).tw.
(DMO or DME).tw.
or/7-12
exp diabetes mellitus/
diabetic retinopathy/
diabetes complications/
diabet$.tw.
retinopath$.tw.
or/14-18
6 and 13 and 19 

Pids: 
    23793175 
    23768471 
    23767192 
    23719310 
    23713193 
    23713187 
    23696607 
    23686001 
    23685493 
    23676224 
    23660322 
    23614970 
    23611988 
    23609064 
    23584650 
    23571245 
    23571234 
    23548318 
    23544200 
    23543856 
    23528703 
    23520977 
    23510043 
    23499060 
    23498853 
    23492944 
    23481453 
    23478291 
    23470789 
    23453693 
    23440840 
    23404115 
    23394906 
    23391744 
    23372430 
    23363297 
    23337517 
    23329668 
    23303431 
    23299482 
    23298885 
    23283186 
    23242589 
    23229224 
    23222461 
    23222460 
    23222391 
    23222389 
    23218691 
    23218689 
    23204247 
    23172879 
    23084436 
    23023529 
    22973980 
    22890369 
    22863290 
    22048245 
    21861971 
    22589436 
    19898182 
    17698196 
    20189159 
    19204228 
    20299105 
    21459214 
    17420366 
    20924264 
    18662829 
    17544778 
    23374377 
    23373405 
    23249122 
    23207021 
    23132803 
    23121699 
    23111610 
    23111607 
    23074206 
    23060723 
    22999634 
    22965591 
    22952126 
    22952119 
    22938703 
    22912430 
    22882318 
    22879414 
    22872201 
    22872198 
    22870034 
    22869022 
    22856228 
    22836760 
    22827402 
    22822903 
    22776935 
    22774596 
    22746671 
    22740015 
    22731242 
    22727177 
    22714043 
    22699976 
    22644004 
    22627119 
    22617833 
    22569393 
    22559933 
    22555828 
    22550713 
    22539259 
    22532038 
    22499985 
    22495998 
    22495327 
    22491923 
    22491395 
    22489939 
    22486651 
    22481482 
    22481473 
    22472149 
    22466485 
    22466472 
    22441027 
    22428627 
    22423055 
    22402896 
    22374157 
    22354371 
    22352446 
    22344185 
    22344010 
    22342014 
    22342012 
    22340561 
    22331146 
    22330964 
    22330965 
    22323463 
    22310491 
    22301066 
    22300292 
    22287165 
    22268957 
    22232366 
    22189259 
    22165865 
    22159173 
    22149905 
    22137207 
    22134597 
    22132722 
    22115710 
    22074677 
    22059904 
    21997197 
    21996307 
    21992557 
    21971077 
    21963486 
    21954975 
    21921588 
    21909051 
    21893972 
    21886018 
    21886017 
    21874345 
    21866075 
    21853229 
    21837585 
    21232079 
    20809906 
    20015098 
    23264331 
    23264323 
    22642147 
    22642142 
    22452685 
    22385758 
    22255738 
    22220397 
    22183994 
    22169610 
    22169365 
    22165097 
    22112018 
    22057789 
    22042822 
    22020171 
    22004576 
    21997827 
    21983248 
    21979875 
    21976935 
    21970365 
    21940051 
    21914262 
    21896859 
    21896838 
    21887610 
    21886189 
    21880238 
    21862642 
    21860569 
    21836404 
    21823986 
    21822008 
    21819507 
    21813090 
    21792089 
    21790110 
    21780926 
    21774389 
    21774386 
    21765371 
    21764030 
    21760625 
    21735421 
    21730849 
    21730347 
    21708377 
    21696702 
    21655039 
    21647567 
    21631366 
    21612513 
    21607565 
    21597307 
    21596303 
    21591862 
    21573106 
    21567211 
    21555906 
    21546089 
    21538005 
    21508108 
    21507488 
    21494279 
    21487341 
    21472465 
    21459216 
    21459215 
    21451442 
    21394067 
    21389739 
    21376246 
    21362332 
    21348228 
    21345996 
    21323303 
    21317833 
    21314440 
    21293498 
    21293315 
    21293160 
    21292109 
    21283169 
    21283055 
    21270915 
    21243370 
    21232801 
    21218391 
    21212801 
    21145531 
    21124251 
    21102372 
    21102366 
    21099452 
    21075650 
    21071757 
    20926135 
    20853269 
    20852916 
    20827486 
    20722590 
    20720226 
    20683379 
    20658146 
    20656355 
    20597042 
    20584710 
    20538987 
    20102350 
    22785535 
    21212849 
    21191718 
    21167436 
    21166040 
    21142537 
    21121809 
    21121130 
    21117576 
    21090999 
    21060272 
    20976212 
    20970013 
    20970010 
    20944945 
    20944936 
    20936526 
    20888483 
    20875634 
    20855114 
    20855054 
    20839667 
    20838357 
    20837798 
    20827919 
    20825070 
    20723993 
    20712253 
    20706964 
    20706173 
    20703051 
    20703049 
    20703048 
    20703045 
    20703041 
    20703037 
    20689191 
    20689190 
    20658139 
    20616686 
    20616685 
    20616679 
    20594160 
    20585799 
    20578202 
    20577866 
    20561684 
    20556548 
    20547944 
    20542983 
    20537310 
    20531142 
    20530184 
    20528977 
    20526763 
    20523361 
    20522019 
    20521508 
    20510687 
    20508046 
    20507016 
    20494761 
    20484587 
    20466427 
    20465107 
    20454812 
    20453801 
    20453545 
    20453539 
    20451897 
    20445985 
    20431612 
    20415296 
    20408067 
    20393742 
    20393723 
    20393116 
    20380286 
    20363505 
    20346827 
    20309573 
    20300127 
    20224402 
    20221984 
    20216291 
    20202684 
    20195039 
    20182403 
    20180131 
    20168272 
    20168270 
    20168267 
    20160463 
    20142560 
    20128571 
    20128566 
    20128565 
    20122739 
    20099242 
    20079541 
    20057344 
    20045563 
    20042642 
    20038863 
    19996827 
    19996821 
    19965832 
    19952996 
    19952983 
    19940530 
    19924672 
    19878106 
    19875091 
    19875087 
    19725815 
    19701812 
    19680274 
    19639264 
    19590521 
    19444293 
    19432873 
    19430731 
    19220206 
    19094167 
    19094166 
    20579474 
    20003824 
    19934823 
    19928719 
    19927486 
    19916149 
    19899970 
    19898181 
    19882573 
    19837384 
    19820779 
    19809923 
    19794940 
    19772271 
    19772269 
    19763022 
    19757353 
    19744723 
    19729104 
    19715153 
    19702711 
    19700194 
    19699533 
    19697841 
    19696699 
    19678810 
    19650710 
    19639332 
    19637506 
    19629019 
    19619896 
    19582472 
    19578027 
    19568362 
    19568355 
    19547995 
    19545901 
    19545900 
    19540985 
    19535358 
    19534857 
    19516126 
    19491719 
    19486803 
    19485306 
    19478545 
    19455970 
    19430805 
    19430285 
    19410954 
    19410950 
    19403519 
    19395034 
    19384761 
    19376589 
    19376585 
    19373128 
    19373126 
    19357559 
    19344827 
    19337474 
    19327746 
    19320299 
    19294405 
    19287286 
    19284099 
    19273785 
    19266465 
    19264221 
    19264220 
    19264219 
    19254904 
    19253176 
    19232012 
    19205502 
    19199896 
    19199894 
    19189118 
    19184082 
    19174719 
    19174400 
    19167078 
    19118697 
    19117937 
    19101420 
    19093330 
    19060271 
    19054831 
    19019945 
    18976317 
    18973950 
    18952928 
    18952923 
    18929354 
    18929352 
    18854783 
    18827730 
    18791547 
    18784623 
    18682969 
    18566462 
    18553061 
    18507730 
    18437178 
    18437176 
    18425064 
    18406632 
    17962820 
    19183764 
    19176116 
    19064859 
    19039480 
    19027427 
    19009748 
    18997608 
    18988167 
    18988166 
    18951425 
    18925914 
    18797143 
    18779716 
    18779710 
    18774122 
    18773263 
    18756796 
    18756795 
    18728621 
    18708258 
    18698297 
    18675696 
    18664938 
    18662912 
    18656589 
    18644073 
    18641828 
    18628722 
    18617754 
    18609483 
    18609482 
    18599019 
    18556425 
    18552390 
    18547274 
    18533125 
    18517006 
    18515592 
    18515567 
    18499007 
    18491126 
    18471640 
    18465737 
    18441298 
    18437175 
    18437033 
    18425522 
    18425062 
    18420749 
    18408490 
    18398365 
    18366650 
    18336789 
    18330892 
    18329622 
    18328456 
    18327132 
    18320528 
    18316700 
    18260017 
    18243920 
    18243918 
    18235015 
    18195217 
    18185166 
    18185135 
    18165084 
    18097178 
    18067962 
    18054885 
    18028237 
    18005220 
    17997393 
    17965109 
    17960440 
    17876597 
    17651471 
    17622548 
    17608830 
    17589809 
    17417620 
    18209914 
    18157302 
    18097816 
    18054137 
    18053911 
    18050810 
    18050131 
    18046223 
    18040238 
    18001248 
    17980746 
    17979601 
    17979036 
    17962446 
    17951903 
    17937924 
    17936715 
    17897553 
    17891015 
    17878820 
    17869207 
    17823640 
    17804919 
    17803438 
    17802975 
    17725277 
    17724176 
    17720079 
    17720068 
    17697178 
    17682607 
    17678704 
    17660989 
    17660988 
    17653725 
    17621188 
    17601434 
    17601433 
    17593013 
    17592240 
    17591904 
    17591672 
    17574065 
    17562985 
    17558316 
    17554483 
    17525219 
    17502499 
    17472415 
    17467527 
    17466377 
    17460426 
    17459479 
    17459030 
    17453151 
    17445900 
    17417154 
    17408388 
    17398322 
    17385118 
    17380066 
    17353052 
    17331581 
    17300566 
    17298591 
    17290200 
    17290194 
    17287669 
    17275910 
    17270681 
    17245077 
    17244207 
    17244205 
    17229807 
    17229183 
    17218911 
    17218910 
    17188065 
    17123615 
    17108013 
    17093998 
    17070586 
    16973659 
    16865374 
    16751756 
    17302204 
    17224958 
    17206015 
    17180527 
    17159029 
    17151486 
    17142144 
    17119727 
    17083552 
    17046701 
    17017466 
    17017196 
    17011952 
    17011854 
    17004629 
    16996596 
    16978576 
    16965492 
    16952097 
    16935584 
    16935337 
    16932949 
    16927225 
    16925720 
    16898399 
    16897220 
    16889833 
    16879566 
    16877077 
    16828501 
    16799051 
    16798476 
    16796186 
    16769613 
    16765799 
    16758760 
    16707525 
    16682586 
    16650680 
    16647123 
    16604810 
    16603977 
    16601980 
    16572358 
    16565766 
    16564847 
    16564845 
    16538448 
    16534053 
    16496258 
    16496256 
    16458701 
    16453184 
    16406542 
    16395139 
    16395133 
    16395132 
    16387030 
    16386973 
    16361663 
    16324700 
    16244647 
    16021193 
    16021181 
    17273904 
    17139528 
    17063373 
    16779572 
    16365798 
    16329060 
    16310507 
    16303968 
    16299134 
    16281735 
    16240464 
    16238040 
    16226541 
    16226521 
    16219723 
    16205568 
    16205562 
    16205561 
    16188001 
    16186372 
    16167293 
    16154196 
    16118745 
    16118744 
    16088239 
    16023067 
    16021497 
    16019075 
    16009835 
    15999709 
    15992756 
    15992752 
    15980216 
    15976713 
    15965168 
    15963467 
    15962667 
    15953575 
    15944836 
    15944830 
    15933592 
    15932526 
    15931541 
    15883846 
    15860284 
    15860283 
    15860282 
    15840361 
    15834607 
    15808274 
    15805924 
    15802932 
    15793254 
    15767077 
    15767052 
    15736312 
    15715582 
    15715560 
    15715559 
    15689801 
    15670803 
    15657774 
    15627822 
    15615752 
    15586288 
    15578081 
    15389275 
    15359258 
    15351898 
    15309024 
    15290152 
    15184968 
    15957610 
    15881258 
    15696765 
    15687920 
    15658007 
    15658006 
    15628644 
    15596583 
    15592868 
    15575825 
    15557466 
    15522370 
    15506606 
    15488781 
    15465570 
    15465568 
    15465566 
    15459787 
    15452046 
    15384839 
    15361942 
    15343118 
    15334015 
    15325193 
    15317721 
    15317711 
    15317702 
    15309977 
    15307987 
    15305550 
    15290890 
    15258025 
    15234306 
    15126175 
    15051203 
    15022431 
    15019365 
    15019364 
    15006844 
    14986010 
    14985312 
    14962423 
    14746571 
    14744906 
    14744905 
    15146607 
    14733133 
    14733132 
    14669032 
    14644723 
    14597033 
    14566626 
    14514597 
    14507894 
    12967819 
    12963628 
    12918269 
    12910195 
    12859696 
    12815194 
    12642310 
    12570009 
    12566041 
    12566020 
    12504718 
    12504691 
    12585705 
    12510717 
    12507629 
    12476103 
    12453981 
    12430038 
    12181877 
    12022281 
    11986098 
    11980878 
    11773037 
    11755866 
    14750570 
    11915692 
    11723088 
    11530050 
    11521426 
    11483079 
    11475391 
    11401636 
    11372551 
    11318279 
    11300646 
    11272778 
    11251686 
    11220267 
    11162979 
    11162978 
    11133709 
    11309739 
    11124292 
    11124291 
    11053311 
    11021132 
    11004110 
    10955657 
    10847494 
    10847493 
    10847492 
    10783942 
    10764858 
    10682989 
    10929973 
    10896351 
    10896350 
    10896349 
    10896348 
    10896343 
    10896334 
    10758221 
    10450371 
    10372879 
    10756859 
    9828771 
    9805683 
    9802759 
    9627656 
    9625561 
    9479300 
    9312314 
    9044202 
    9091712 
    8738460 
    8643241 
    8601122 
    7662623 
    7639652 
    7580708 
    1595515 
    1480872 
    2064492 
    1951588 
    1757035 
    1703024 
    2748100 
    2748099 
    2740076 
    2624726 
    2589054 
    2476030 
    4041157 
    6676979 
    399491 
    785652 
