Topic: CD011926 

Title: Molecular assays for the diagnosis of sepsis in neonates 

Query: 
((((((((((( "Sepsis/blood"[Mesh] OR "Sepsis/cerebrospinal fluid"[Mesh] OR "Sepsis/diagnosis"[Mesh] ))) OR neonatal sepsis) OR neonatal bacteremia) OR neonatal infections)) AND "Infant, Newborn"[Mesh])) AND ((((((((((polymerase chain reaction) OR pcr) OR real time pcr) OR multiplex pcr) OR molecular probes) OR nucleic acid amplification) OR hybridization) OR sequencing) OR pyrosequencing) OR genechip))) AND (((((diagnosis) OR detection) OR identification) OR rapid identification) OR diagnostic tool) AND 1940/01/01:2016/01/19[crdt] 

Pids: 
    26776120 
    26763186 
    26752102 
    26743152 
    26743147 
    26741581 
    26732807 
    26719975 
    26719435 
    26713313 
    26702584 
    26695668 
    26694873 
    26691531 
    26686998 
    26686811 
    26681639 
    26675375 
    26671889 
    26658530 
    26658528 
    26655266 
    26653976 
    26653975 
    26649172 
    26643063 
    26640334 
    26633784 
    26631980 
    26631434 
    26630788 
    26626910 
    26623626 
    26611824 
    26609145 
    26607060 
    26602159 
    26593069 
    26581026 
    26580407 
    26573617 
    26567831 
    26558622 
    26554756 
    26550926 
    26542257 
    26542059 
    26540236 
    26539667 
    26535638 
    26523641 
    26523383 
    26513253 
    26511956 
    26507147 
    26506055 
    26494728 
    26494023 
    26492486 
    26491173 
    26486699 
    26482320 
    26482269 
    26474400 
    26471105 
    26470889 
    26468545 
    26466923 
    26466417 
    26465744 
    26463574 
    26463525 
    26458344 
    26453770 
    26452409 
    26452235 
    26446665 
    26440924 
    26440040 
    26437337 
    26433745 
    26422188 
    26422160 
    26418350 
    26407431 
    26407251 
    26406339 
    26401905 
    26391934 
    26391432 
    26388594 
    26388588 
    26383920 
    26378280 
    26376441 
    26375679 
    26372485 
    26370110 
    26369643 
    26364237 
    26364001 
    26363141 
    26362650 
    26360486 
    26352071 
    26352068 
    26346369 
    26342434 
    26341704 
    26338763 
    26334172 
    26324734 
    26322874 
    26322670 
    26321008 
    26321006 
    26321005 
    26319901 
    26318973 
    26305831 
    26305811 
    26305781 
    26303263 
    26298817 
    26293663 
    26292306 
    26289365 
    26286376 
    26283523 
    26282917 
    26277674 
    26277588 
    26275254 
    26274322 
    26265222 
    26264261 
    26259070 
    26255774 
    26255733 
    26254559 
    26250832 
    26247555 
    26247437 
    26246086 
    26244396 
    26240959 
    26238862 
    26235198 
    26233977 
    26230489 
    26227328 
    26226953 
    26223887 
    26222061 
    26217892 
    26215130 
    26214095 
    26209681 
    26209368 
    26202075 
    26201513 
    26200956 
    26193371 
    26190380 
    26190092 
    26182210 
    26181893 
    26177910 
    26167819 
    26167683 
    26163924 
    26163293 
    26159845 
    26155982 
    26153671 
    26153285 
    26153188 
    26148222 
    26142474 
    26142305 
    26141418 
    26130622 
    26123961 
    26123568 
    26122458 
    26115191 
    26112983 
    26112312 
    26110291 
    26109012 
    26107630 
    26101355 
    26100591 
    26100374 
    26088623 
    26086642 
    26081292 
    26073370 
    26071343 
    26071341 
    26071339 
    26069123 
    26068339 
    26067868 
    26067474 
    26063720 
    26062560 
    26059051 
    26050832 
    26050101 
    26044150 
    26042486 
    26036725 
    26026823 
    26023904 
    26019206 
    26016342 
    26003063 
    25998499 
    25996916 
    25992937 
    25986371 
    25984613 
    25982340 
    25982190 
    25973993 
    25973941 
    25972105 
    25971594 
    25962514 
    25956014 
    25950091 
    25943205 
    25941330 
    25938217 
    25935181 
    25930101 
    25926093 
    25923242 
    25923117 
    25922547 
    25918914 
    25910041 
    25908431 
    25906103 
    25890444 
    25888217 
    25887696 
    25886267 
    25884568 
    25884316 
    25881528 
    25876092 
    25866346 
    25866335 
    25865971 
    25854480 
    25850250 
    25832310 
    25822885 
    25818195 
    25812999 
    25811386 
    25811284 
    25793402 
    25789579 
    25788549 
    25782362 
    25776590 
    25766986 
    25766982 
    25764102 
    25762520 
    25760448 
    25758854 
    25756041 
    25743117 
    25742190 
    25740779 
    25740764 
    25729242 
    25728843 
    25725924 
    25720363 
    25713206 
    25704492 
    25703682 
    25701122 
    25700890 
    25695163 
    25694651 
    25694528 
    25692622 
    25690782 
    25687254 
    25686652 
    25681699 
    25681524 
    25677995 
    25675905 
    25666389 
    25665956 
    25662018 
    25657137 
    25655055 
    25650570 
    25648669 
    25645120 
    25638521 
    25637646 
    25636183 
    25634073 
    25627878 
    25627829 
    25626339 
    25625766 
    25625669 
    25623944 
    25611195 
    25611170 
    25596783 
    25596125 
    25583129 
    25573462 
    25569024 
    25568433 
    25564249 
    25560254 
    25551459 
    25549089 
    25545354 
    25542470 
    25542466 
    25542461 
    25542335 
    25534826 
    25533744 
    25532506 
    25531373 
    25529123 
    25526999 
    25525814 
    25523968 
    25518832 
    25511343 
    25504360 
    25500182 
    25495029 
    25492660 
    25491092 
    25485546 
    25475398 
    25471392 
    25471195 
    25464978 
    25464971 
    25459782 
    25456533 
    25454994 
    25454992 
    25449788 
    25445657 
    25444273 
    25437026 
    25417788 
    25417519 
    25412084 
    25410990 
    25404719 
    25404207 
    25403945 
    25399211 
    25394907 
    25391171 
    25388365 
    25387583 
    25386966 
    25385115 
    25381805 
    25381148 
    25376654 
    25373147 
    25371184 
    25369774 
    25367052 
    25361230 
    25361198 
    25361184 
    25360527 
    25359580 
    25358044 
    25355758 
    25352585 
    25351711 
    25344536 
    25343448 
    25341609 
    25340974 
    25339400 
    25333431 
    25332372 
    25329126 
    25326079 
    25323940 
    25317699 
    25316519 
    25313605 
    25310119 
    25308607 
    25305291 
    25300623 
    25290155 
    25275534 
    25275493 
    25274999 
    25274412 
    25268349 
    25264129 
    25263840 
    25261066 
    25246091 
    25242311 
    25241640 
    25240872 
    25239368 
    25223920 
    25222302 
    25220619 
    25218244 
    25213851 
    25205769 
    25200110 
    25195649 
    25193563 
    25186245 
    25184864 
    25182064 
    25180849 
    25178670 
    25174777 
    25165085 
    25152108 
    25146204 
    25144798 
    25138763 
    25135225 
    25132016 
    25126855 
    25118910 
    25116661 
    25116186 
    25113288 
    25113057 
    25110117 
    25108996 
    25104728 
    25103140 
    25102109 
    25102107 
    25100822 
    25092942 
    25084317 
    25074284 
    25073523 
    25070008 
    25066594 
    25047415 
    25039903 
    25039269 
    25038295 
    25038256 
    25035097 
    25034375 
    25034127 
    25029812 
    25027362 
    25023717 
    25023697 
    25015433 
    25009116 
    25009049 
    25008814 
    24993909 
    24991998 
    24990868 
    24989611 
    24986439 
    24985763 
    24982837 
    24977685 
    24974272 
    24972365 
    24961630 
    24960396 
    24958908 
    24958797 
    24949433 
    24935952 
    24927663 
    24924922 
    24920783 
    24909064 
    24899036 
    24893499 
    24892867 
    24892851 
    24889110 
    24887237 
    24885094 
    24884767 
    24884606 
    24884393 
    24881490 
    24880684 
    24880467 
    24862227 
    24859529 
    24858018 
    24856526 
    24851637 
    24850312 
    24849288 
    24841252 
    24836781 
    24830465 
    24829249 
    24820462 
    24819262 
    24813591 
    24811320 
    24810967 
    24799600 
    24789194 
    24789178 
    24787608 
    24785561 
    24785143 
    24781135 
    24781004 
    24779276 
    24778205 
    24777884 
    24772891 
    24767682 
    24761765 
    24750840 
    24747588 
    24743127 
    24742599 
    24739834 
    24737297 
    24723209 
    24721538 
    24717637 
    24714967 
    24709930 
    24709469 
    24709467 
    24702221 
    24698214 
    24694241 
    24690382 
    24687608 
    24680405 
    24680393 
    24667485 
    24667303 
    24667083 
    24666712 
    24666702 
    24655539 
    24655410 
    24652781 
    24650994 
    24637513 
    24632750 
    24623053 
    24621951 
    24619113 
    24618119 
    24615599 
    24612507 
    24610501 
    24596404 
    24594833 
    24589428 
    24586447 
    24586321 
    24576998 
    24575943 
    24571245 
    24567248 
    24566778 
    24564892 
    24564645 
    24554752 
    24554743 
    24553613 
    24551134 
    24548758 
    24530751 
    24520412 
    24512094 
    24506711 
    24505947 
    24501389 
    24491598 
    24491481 
    24486081 
    24483018 
    24478506 
    24478494 
    24478415 
    24478412 
    24474149 
    24461393 
    24446528 
    24442224 
    24440286 
    24438366 
    24433096 
    24429371 
    24420869 
    24419718 
    24418680 
    24410796 
    24410617 
    24409481 
    24406851 
    24401777 
    24399385 
    24399382 
    24399381 
    24396988 
    24396135 
    24391735 
    24388336 
    24382326 
    24378951 
    24375926 
    24372592 
    26245408 
    25848781 
    25745535 
    24363757 
    24361090 
    24359940 
    24359473 
    24359288 
    24356256 
    24355228 
    24343618 
    24342202 
    24341395 
    24341222 
    24339987 
    24330990 
    24330021 
    24329944 
    24326009 
    24321520 
    24309412 
    24308853 
    24308773 
    24304149 
    24298966 
    24296485 
    24285353 
    24281871 
    24277440 
    24277047 
    24273943 
    24268671 
    24267132 
    24261263 
    24248105 
    24242161 
    24240037 
    24225292 
    24224641 
    24220287 
    24220228 
    24218468 
    24215465 
    24205489 
    24200236 
    24198870 
    24194936 
    24190398 
    24188613 
    24184305 
    24184085 
    24172156 
    24168977 
    24157060 
    24153118 
    24147166 
    24146896 
    24141968 
    24139084 
    24138066 
    24136657 
    24132555 
    24127810 
    24124679 
    24122863 
    24120548 
    24104958 
    24103236 
    24103134 
    24101759 
    24099282 
    24096128 
    24094501 
    24092030 
    24084600 
    24073203 
    24072252 
    24069741 
    24068580 
    24067589 
    24064965 
    24064658 
    24064639 
    24064288 
    24053184 
    24048539 
    24048529 
    24045839 
    24041881 
    24041471 
    24041296 
    24035384 
    24035383 
    24034917 
    24030346 
    24025378 
    24004327 
    24004250 
    24000588 
    23991748 
    26043486 
    23988665 
    23984826 
    23979089 
    23977965 
    23977184 
    23973350 
    23970485 
    23959917 
    23957786 
    23951004 
    23941472 
    23941281 
    23936573 
    23932367 
    23932333 
    23927923 
    23925887 
    23919712 
    23918547 
    23918545 
    23915174 
    23912873 
    23911293 
    23896692 
    23891467 
    23887677 
    23886502 
    23884998 
    23883712 
    23883710 
    23883709 
    23882891 
    23881085 
    23878043 
    23877783 
    23877774 
    23861138 
    23855988 
    23851188 
    23845901 
    23845107 
    23844261 
    23843485 
    23834440 
    23831281 
    23831212 
    23826567 
    23826565 
    23824777 
    23824683 
    23812683 
    23810613 
    23810098 
    23806667 
    23805203 
    23804382 
    23800693 
    23797721 
    23796865 
    23795754 
    23791478 
    23785756 
    23785495 
    23782067 
    23781711 
    23780993 
    23769834 
    23769826 
    23765783 
    23758752 
    23757337 
    23742920 
    23741437 
    23740687 
    23735308 
    23726653 
    23725513 
    23715799 
    23714259 
    23710536 
    23708388 
    23703349 
    23702192 
    23697795 
    23692785 
    23669299 
    23667341 
    23656963 
    23656626 
    23641743 
    23639327 
    23637300 
    23636012 
    23628121 
    23627015 
    23626685 
    23624871 
    23616461 
    23607918 
    23598951 
    23587705 
    23584580 
    23584579 
    23583427 
    23576025 
    23575731 
    23574775 
    23572447 
    23571413 
    23562312 
    23559038 
    23557709 
    23555967 
    23555739 
    23554987 
    23538520 
    23536399 
    23532785 
    23521862 
    23515552 
    23510664 
    23510524 
    23508918 
    23508433 
    23508431 
    23507154 
    23506294 
    23505919 
    23498758 
    23490399 
    23485823 
    23485519 
    23483248 
    23481106 
    23481105 
    23466908 
    23453946 
    23447140 
    23445132 
    23445084 
    23443029 
    23441468 
    23440127 
    23434534 
    23432694 
    23432488 
    23430038 
    23429561 
    23426247 
    23425775 
    23425681 
    23408689 
    23405133 
    23399425 
    23399421 
    23397701 
    23360881 
    23393109 
    23383205 
    23382756 
    23378403 
    23375042 
    23374612 
    23363824 
    23362291 
    23360395 
    23359323 
    23357644 
    23354155 
    23352717 
    23351117 
    23350002 
    23341915 
    23340225 
    23335112 
    23332293 
    23329283 
    23328830 
    23326612 
    23324155 
    23313830 
    23303616 
    23303495 
    23303493 
    23303485 
    23302568 
    23297629 
    23296599 
    23296427 
    23296388 
    23294909 
    23292052 
    23291921 
    23291847 
    23290804 
    23287541 
    23284886 
    23284838 
    23279613 
    23277179 
    23274801 
    23274752 
    24890958 
    24640732 
    23272248 
    23256846 
    23256776 
    23255693 
    23254135 
    23249469 
    23239485 
    23238160 
    23237512 
    23232762 
    23230708 
    23226350 
    23222947 
    23221981 
    23221127 
    23221038 
    23218992 
    23209803 
    23202720 
    23202333 
    23199494 
    23190781 
    23190775 
    23188574 
    23183210 
    23169968 
    23169964 
    23175329 
    23175264 
    23164039 
    23163105 
    23159342 
    23158674 
    23152312 
    23143714 
    23137657 
    23124002 
    23107457 
    23102814 
    23101228 
    23097582 
    23097275 
    23096536 
    23089128 
    23084192 
    23081816 
    23080498 
    23076671 
    23074306 
    23066763 
    23066421 
    23065545 
    23052715 
    23052315 
    23050985 
    23049948 
    23046990 
    23045950 
    23040512 
    23039034 
    23038710 
    23035201 
    23035189 
    23035184 
    23033889 
    23033270 
    23030833 
    23029082 
    23023466 
    23023459 
    23022463 
    23017257 
    23014674 
    23002071 
    22985188 
    22984554 
    22984315 
    22978535 
    22958043 
    22960089 
    22960088 
    22959817 
    22957015 
    22954016 
    22949404 
    22946228 
    22944235 
    22940441 
    22938181 
    22935873 
    22935865 
    22930516 
    22930514 
    22926214 
    22925720 
    22910572 
    22906047 
    22900572 
    22891685 
    22886774 
    22885192 
    22875893 
    22871227 
    22863608 
    22862784 
    22850740 
    22825280 
    22843784 
    22841669 
    22839995 
    22832058 
    22825829 
    22816235 
    22814522 
    22814149 
    22794700 
    22803820 
    22803629 
    22802973 
    22800795 
    22790607 
    22782828 
    22782748 
    22779692 
    22773124 
    22760131 
    22760125 
    22759988 
    22753132 
    22752777 
    22747570 
    24319922 
    22740612 
    22728277 
    22727004 
    22723293 
    22712766 
    22711362 
    22704637 
    22699404 
    22699298 
    22698801 
    22694859 
    22693998 
    22692746 
    22683674 
    22683462 
    22678349 
    22544184 
    22672249 
    22664430 
    22652041 
    22650611 
    22644055 
    22639173 
    22626801 
    22621813 
    22619903 
    22610707 
    22610663 
    22608699 
    22608363 
    22608348 
    22595309 
    22590689 
    22589568 
    22586446 
    22585733 
    22581933 
    22581226 
    22577103 
    22575426 
    22571996 
    22568361 
    22568356 
    22567153 
    22562869 
    22556324 
    22545165 
    22540226 
    22538994 
    22536311 
    22534984 
    22518871 
    22517337 
    22508939 
    22499016 
    22495561 
    22489738 
    22489672 
    22489602 
    22488538 
    22479314 
    22474112 
    22466029 
    22462770 
    22460980 
    22459558 
    22458252 
    22457274 
    22456074 
    22448257 
    22448226 
    22447794 
    22447597 
    22441636 
    22438436 
    22434821 
    22433672 
    22433597 
    22433346 
    22427678 
    22420458 
    22418988 
    22416354 
    22401507 
    22401504 
    22401503 
    22398038 
    22385011 
    22384213 
    22383958 
    22382816 
    22380909 
    22379925 
    22378908 
    22378195 
    22372783 
    22369307 
    22358363 
    22353895 
    22348490 
    22340973 
    22337304 
    22336050 
    22334221 
    22330957 
    22329595 
    22316399 
    22313629 
    22307845 
    22306795 
    22305665 
    22301475 
    22301151 
    22300725 
    22300656 
    22294670 
    22289748 
    22286620 
    22273634 
    22272451 
    22265077 
    22258624 
    22257453 
    22249146 
    22247412 
    22246843 
    22246821 
    22245566 
    22239028 
    22239022 
    22238621 
    22238468 
    22231884 
    22228820 
    22212638 
    22205822 
    22205207 
    22204313 
    22194628 
    22192484 
    22189123 
    22184940 
    22184933 
    22177273 
    22164233 
    22161697 
    22159483 
    22159017 
    22154781 
    22152648 
    22152023 
    22144720 
    22139573 
    22138600 
    22138300 
    22137682 
    22137368 
    22130802 
    22129521 
    22119628 
    22116158 
    22116147 
    22116144 
    22116142 
    22104186 
    22102153 
    22094637 
    22086821 
    22085916 
    22085160 
    22074445 
    22060843 
    22052551 
    22051915 
    22048843 
    22046783 
    22043762 
    22043718 
    22032720 
    22032513 
    22031486 
    22028202 
    22028094 
    22028039 
    22027580 
    22024821 
    22024398 
    22022439 
    22016793 
    22013207 
    21998425 
    21998418 
    21997937 
    21992745 
    21990422 
    21986825 
    21985619 
    21970120 
    21966825 
    21958085 
    21949139 
    21945327 
    21942600 
    21937818 
    21936342 
    21931259 
    21931250 
    21926891 
    21924878 
    21918308 
    21918022 
    21916042 
    21915873 
    21907613 
    21903822 
    21899975 
    21896155 
    21873381 
    21868029 
    21865207 
    21864820 
    21856359 
    21852348 
    21851035 
    21844297 
    21840541 
    21840084 
    21838182 
    21837803 
    21835973 
    21827433 
    21824239 
    21821449 
    21820550 
    21816469 
    21816195 
    21813319 
    21810148 
    21809086 
    21805291 
    21803389 
    21801620 
    21801616 
    21794221 
    21792604 
    21789840 
    21786334 
    21775542 
    21768855 
    21767704 
    21767329 
    21763205 
    21762570 
    21755125 
    21752606 
    21749788 
    21749748 
    21747322 
    21744036 
    21741380 
    21739459 
    21733031 
    21722263 
    21719577 
    21707876 
    21707834 
    21707737 
    21703889 
    21703206 
    21699697 
    21692718 
    21690059 
    21689403 
    21679464 
    21679107 
    21672099 
    21668660 
    21664933 
    21658462 
    21653769 
    21648230 
    21647616 
    21644074 
    21644072 
    21643788 
    21637810 
    21636318 
    21633509 
    21631600 
    21631323 
    21628304 
    21624737 
    21624287 
    21624232 
    21620897 
    21617702 
    21614511 
    21610485 
    21605279 
    21596905 
    21596721 
    21574127 
    21563447 
    21555636 
    21550999 
    21546090 
    21545717 
    21543572 
    21538042 
    21537065 
    21531349 
    21529822 
    21526978 
    21520652 
    21507299 
    21496407 
    21494173 
    21490188 
    21487330 
    21479840 
    21479259 
    21476794 
    21471340 
    21468304 
    21465946 
    21461452 
    21460494 
    21455476 
    21452905 
    21446044 
    21439999 
    21438792 
    21430103 
    21430102 
    21419605 
    21418445 
    21413527 
    21413035 
    21412796 
    21411570 
    21407143 
    21404601 
    21400843 
    21398294 
    21397555 
    21393459 
    21393454 
    21390235 
    21388869 
    21376662 
    21375684 
    21342900 
    21371411 
    21367537 
    21353961 
    21353958 
    21351051 
    21349991 
    21347890 
    21345533 
    21344146 
    21344142 
    21342069 
    21340407 
    21330007 
    21328392 
    21326132 
    21325542 
    21316809 
    21311941 
    21311114 
    21307224 
    21304419 
    21294989 
    21292662 
    21292661 
    21277648 
    21266939 
    21262114 
    21262106 
    21258263 
    21258158 
    21257741 
    21252465 
    21251558 
    21251556 
    21222010 
    21221639 
    21215539 
    21213034 
    21209172 
    21209161 
    21203810 
    21199294 
    21176481 
    21176480 
    21165718 
    21165648 
    21164427 
    21159942 
    21159941 
    21157152 
    21145845 
    21144785 
    21134275 
    21130676 
    21121043 
    21120729 
    21108353 
    21105567 
    21099445 
    21087592 
    21078448 
    21075700 
    21074372 
    21072785 
    21067692 
    21063809 
    21057374 
    21055299 
    21054663 
    21051903 
    21051853 
    21051844 
    21048523 
    21045366 
    21044940 
    21039217 
    21036847 
    21036824 
    21034194 
    21033321 
    20981797 
    20979193 
    20977540 
    20975097 
    20972810 
    20970147 
    20966575 
    20959045 
    20957147 
    20955565 
    20952256 
    20951728 
    20949503 
    20948454 
    20942059 
    20931249 
    20925928 
    20920896 
    20920328 
    20884156 
    20883111 
    20883110 
    20880945 
    20879096 
    20879092 
    20864394 
    20863419 
    20861334 
    20857145 
    20857025 
    20849724 
    20849409 
    20846583 
    20846581 
    20846357 
    20844210 
    20835503 
    20835495 
    20833532 
    20832195 
    20832193 
    20831651 
    20828940 
    20827780 
    20827778 
    20827776 
    20827766 
    20827111 
    20824565 
    20822506 
    20819964 
    20818947 
    20818098 
    20816695 
    20813808 
    20810776 
    20806166 
    20802166 
    20714004 
    20739504 
    20739481 
    20738878 
    20722553 
    20721445 
    20706628 
    20702134 
    20684712 
    20684705 
    20684698 
    20699512 
    20691735 
    20686081 
    20685000 
    20683195 
    20668132 
    20667142 
    20664440 
    20664037 
    20660189 
    20646956 
    20637229 
    20635453 
    20632037 
    20631107 
    20623342 
    20622711 
    20616426 
    20610677 
    20603590 
    20592137 
    20584746 
    20583291 
    20581736 
    20575093 
    20575089 
    20572088 
    20572081 
    20570396 
    20569815 
    20564765 
    20561238 
    20554810 
    20546620 
    20540855 
    20539263 
    20531946 
    20528798 
    20519478 
    20519460 
    20518449 
    20513097 
    20509575 
    20509566 
    20504068 
    20500885 
    20499660 
    20498413 
    20498106 
    20496330 
    20482470 
    20482466 
    20471907 
    20466850 
    20464138 
    20463159 
    20463154 
    20463102 
    20458257 
    20456978 
    20456271 
    20454459 
    20453122 
    20444813 
    20440449 
    20430903 
    20430185 
    20428179 
    20427228 
    20426930 
    20413184 
    20400091 
    20396370 
    20388901 
    20388893 
    20383779 
    20378669 
    20378138 
    20367919 
    20345467 
    20336732 
    20336730 
    20336337 
    20335418 
    20335295 
    20332220 
    20308831 
    20306323 
    20305581 
    20305096 
    20305050 
    20301999 
    20237095 
    20236124 
    20233673 
    20227989 
    20223606 
    20220175 
    20217165 
    20216425 
    20207094 
    20203216 
    20202416 
    20202283 
    20200295 
    20193145 
    20193072 
    20192677 
    20186449 
    20185869 
    20185547 
    20181903 
    20174643 
    20169157 
    20167006 
    20166186 
    20166174 
    20164076 
    20156218 
    20153272 
    20149232 
    20147645 
    20144201 
    20135829 
    20130471 
    20130378 
    20129799 
    20121829 
    20121613 
    20118502 
    20117350 
    20117249 
    20107217 
    20106717 
    20104751 
    20096100 
    20096027 
    20093996 
    20093380 
    20091360 
    20089758 
    20089756 
    20087942 
    20064869 
    20063513 
    20060374 
    20059355 
    20056236 
    20055778 
    20051932 
    20047496 
    20042626 
    20041949 
    22789691 
    20041158 
    20038705 
    20031072 
    20029818 
    20029808 
    20019861 
    20015267 
    20014022 
    20013569 
    20007762 
    20005435 
    20004146 
    20001603 
    19998817 
    19995422 
    19957192 
    19955276 
    19954532 
    19952858 
    19951517 
    19950237 
    19950234 
    19949359 
    19949356 
    19949315 
    19946716 
    19936660 
    19935443 
    19934790 
    19931486 
    19931314 
    19930846 
    19926248 
    19910840 
    19907939 
    19903585 
    19900734 
    19900108 
    19895431 
    19892481 
    19891775 
    19886903 
    19878694 
    19877966 
    19860920 
    19858771 
    19846648 
    19846638 
    19840618 
    19839760 
    19836680 
    19832703 
    19828744 
    19820425 
    19817606 
    19817596 
    19817593 
    19815469 
    19801185 
    19799246 
    19795769 
    19795760 
    19795618 
    19794981 
    19781984 
    19779391 
    19778493 
    19777784 
    19774695 
    19770095 
    19759898 
    19744717 
    19732795 
    19730140 
    19727868 
    19726892 
    19725782 
    19718589 
    19714857 
    19714464 
    19713363 
    19697417 
    19697402 
    19695393 
    19687768 
    19679038 
    19669615 
    19669087 
    19656984 
    19654024 
    19644129 
    19643059 
    19637960 
    19636353 
    19628907 
    19626607 
    19625473 
    19625288 
    19624607 
    19621608 
    19617849 
    19610143 
    19609126 
    19606195 
    19605584 
    19584502 
    19581557 
    19580414 
    19579756 
    19579690 
    19577957 
    19571031 
    19570709 
    19561432 
    19558626 
    19557130 
    19556369 
    19556008 
    19548834 
    19545396 
    19541789 
    19540158 
    19537089 
    19531943 
    19525516 
    19515607 
    19505846 
    19504732 
    19502108 
    19501699 
    19500137 
    19487157 
    19484277 
    19483524 
    19482345 
    19478688 
    19478686 
    19478488 
    19477681 
    19451856 
    19435456 
    19431959 
    19430062 
    19429763 
    19429665 
    19423306 
    19414742 
    19413519 
    19409661 
    19407210 
    19405140 
    19401826 
    19401408 
    19398129 
    19395401 
    19394264 
    19392623 
    19382268 
    19377073 
    19374270 
    19361626 
    19350294 
    19344010 
    19339468 
    19339030 
    19333631 
    19332682 
    19331674 
    19331586 
    19320245 
    19319981 
    19319023 
    19307211 
    19295026 
    19287298 
    19279393 
    19273669 
    19273654 
    19252410 
    19242136 
    19238927 
    19238467 
    19234757 
    19191620 
    19191618 
    19225102 
    19207600 
    19193277 
    19191644 
    19190941 
    19180297 
    19179109 
    19179107 
    19177758 
    19173970 
    19172053 
    19171030 
    19158163 
    19157503 
    19152691 
    19152414 
    19147656 
    19144798 
    19144476 
    19143179 
    19141849 
    19141741 
    19133174 
    19129410 
    19128739 
    19124697 
    19124696 
    19123298 
    19119321 
    19117799 
    19116498 
    19116353 
    19109474 
    19109464 
    19108027 
    19107978 
    19107972 
    19107966 
    19106775 
    19101198 
    19100190 
    19099851 
    19099783 
    19099713 
    19091813 
    19091073 
    19089604 
    19089556 
    19081710 
    19067897 
    19065270 
    19060034 
    19057829 
    19055624 
    19053168 
    19052076 
    19047733 
    19040613 
    19040473 
    19031470 
    19031461 
    19031449 
    19031448 
    19031443 
    19024541 
    19022100 
    19020911 
    19013672 
    19010996 
    19009186 
    19007547 
    18996999 
    18985543 
    18984647 
    18981773 
    18981764 
    18980861 
    18979430 
    18978517 
    18972230 
    18971356 
    18949127 
    18948410 
    18945833 
    18929796 
    18928062 
    18855654 
    18855026 
    18853005 
    18845045 
    18843896 
    18843863 
    18819981 
    18835667 
    18835389 
    18835213 
    18834451 
    18833028 
    18833027 
    18825694 
    18819445 
    18819400 
    18817577 
    18816191 
    18814232 
    18809546 
    18808358 
    18808334 
    18808215 
    18794287 
    18790539 
    18785966 
    18783630 
    18775262 
    18774327 
    18772159 
    18769808 
    18769784 
    18768656 
    18768655 
    18762520 
    18752134 
    18725388 
    18716982 
    18712818 
    18710585 
    18705621 
    18695167 
    18695160 
    18693554 
    18692435 
    18689233 
    18689231 
    18687498 
    18676413 
    18675153 
    18661038 
    18651857 
    18644746 
    18627597 
    18624992 
    18624747 
    18606938 
    18600189 
    18588736 
    18580881 
    18577793 
    18577034 
    18574659 
    18573928 
    18573691 
    18565953 
    18564929 
    18560910 
    18558947 
    18558940 
    18558876 
    18558873 
    18553012 
    18551601 
    18551600 
    18550744 
    18548296 
    18539685 
    18536618 
    18535840 
    18534621 
    18532891 
    18524966 
    18523397 
    18520973 
    18513912 
    18510824 
    18489790 
    18479199 
    18474497 
    18472434 
    18467306 
    18463214 
    18461625 
    18461619 
    18458506 
    18456420 
    18455957 
    18449584 
    18448965 
    18444806 
    18431965 
    18428135 
    18428133 
    18428125 
    18427205 
    18424204 
    18424026 
    18419507 
    18417663 
    18416004 
    18413005 
    18073181 
    18073177 
    18073176 
    18402183 
    18400240 
    18398972 
    18394752 
    18390433 
    18389721 
    18388994 
    18385359 
    18384218 
    18383476 
    18378492 
    18373106 
    18369019 
    18367966 
    18367778 
    18367775 
    18367565 
    18361186 
    18360903 
    18360899 
    18360298 
    18354820 
    18354819 
    18353936 
    18352906 
    18351797 
    18347108 
    18335238 
    18332766 
    18327485 
    18320826 
    18319236 
    18318280 
    18316244 
    18306671 
    18304270 
    18304265 
    18297577 
    18297171 
    18296799 
    18288909 
    18287573 
    18287314 
    18287309 
    18277927 
    18272716 
    18268877 
    18267042 
    18245405 
    18243574 
    18240726 
    18240170 
    18234870 
    18227604 
    18227191 
    18219965 
    18217552 
    18212481 
    18207613 
    18205220 
    18204300 
    18203037 
    18201679 
    18199787 
    18199781 
    18192028 
    18190584 
    18190255 
    18184852 
    18182120 
    18176680 
    18174876 
    18174856 
    18171265 
    18167645 
    18165834 
    18165797 
    19284162 
    18162939 
    18162127 
    18160832 
    18160455 
    18160258 
    18098155 
    18094592 
    18094127 
    18087631 
    18082444 
    18077645 
    18077639 
    18070972 
    18069559 
    18068812 
    18063418 
    18057126 
    18054840 
    17550818 
    18049150 
    18043458 
    18039801 
    18039747 
    18038318 
    18032994 
    18027264 
    18024201 
    18006356 
    18003804 
    17996048 
    17992547 
    17989853 
    17984819 
    17984809 
    17978079 
    17956825 
    17976830 
    17968294 
    17962877 
    17959360 
    17956053 
    17953896 
    17949304 
    17947266 
    17940688 
    17935185 
    17934983 
    17931564 
    17919090 
    17909667 
    17901795 
    17899794 
    17898783 
    17898161 
    17889486 
    17889450 
    17887989 
    17886714 
    17880793 
    17879907 
    17873993 
    17873780 
    17870660 
    17869169 
    17850698 
    17825652 
    17802903 
    17786209 
    17786114 
    17785157 
    17764017 
    19583096 
    17719686 
    17714822 
    17714523 
    17698631 
    17697316 
    17690574 
    17689806 
    17689629 
    17685342 
    17657923 
    17651659 
    17642538 
    17642533 
    17634409 
    17634306 
    17624835 
    17610094 
    17608654 
    17599779 
    17599029 
    17596373 
    17593500 
    17586592 
    17582183 
    17582179 
    17570943 
    17570118 
    17569089 
    17567789 
    17562687 
    17557074 
    17551573 
    17551572 
    17541638 
    17538064 
    19105324 
    17534128 
    17530993 
    17519011 
    17516526 
    17516517 
    17512177 
    17505663 
    17503660 
    17499398 
    17493958 
    17483271 
    17479641 
    17468648 
    17468645 
    17466681 
    17459775 
    17447649 
    17447091 
    17443457 
    17433455 
    17432232 
    17428940 
    17427554 
    17426887 
    17414394 
    17413863 
    17374846 
    17370517 
    17369968 
    17369966 
    17366056 
    17350886 
    17344660 
    17343545 
    17339132 
    17333731 
    17330384 
    17321541 
    17316500 
    17311326 
    17310084 
    17300736 
    17299710 
    17299708 
    17299707 
    17299706 
    17297874 
    17288340 
    17287318 
    17287263 
    17277388 
    17274878 
    17274877 
    17254462 
    17245723 
    17245712 
    17238012 
    17229866 
    17224087 
    17223989 
    17222582 
    17211953 
    17209305 
    17202281 
    17198733 
    17195953 
    17186953 
    17183632 
    17182755 
    17177069 
    17176902 
    17172370 
    17172185 
    17172106 
    17163532 
    17151205 
    17145081 
    17142491 
    17130656 
    17129226 
    17125671 
    17123968 
    17118199 
    17105821 
    17093017 
    17089495 
    17082387 
    17078856 
    17063526 
    17063525 
    17058280 
    17052968 
    17050583 
    17047438 
    17041855 
    17041549 
    17035082 
    17032062 
    17030926 
    17027198 
    17024143 
    17021121 
    17019441 
    17006300 
    17004294 
    17002608 
    17002546 
    16987467 
    16984512 
    16982493 
    16973412 
    16969010 
    16968943 
    16960900 
    16957259 
    16954728 
    16951814 
    16951811 
    16948979 
    16943357 
    16926290 
    16916121 
    16914644 
    16897959 
    16897958 
    16891490 
    16888977 
    16888976 
    16888975 
    16882616 
    16849723 
    16847968 
    16847962 
    16843116 
    16834781 
    16831054 
    16825509 
    16825402 
    16825355 
    16825353 
    16822689 
    16822087 
    16818544 
    16816068 
    16804840 
    16790157 
    16789521 
    16789026 
    16779851 
    16775320 
    16765641 
    16764687 
    16758791 
    16758739 
    16755477 
    16755471 
    16750653 
    16749418 
    16733865 
    16730386 
    16721859 
    16712653 
    16707054 
    16691187 
    16681147 
    16652060 
    16645491 
    16645211 
    16640002 
    16637242 
    16628574 
    16626713 
    16623443 
    16615966 
    16615961 
    16615481 
    16615472 
    16615441 
    16611370 
    16606572 
    16602984 
    16601342 
    16586267 
    16585603 
    16562592 
    16544246 
    16540752 
    16539033 
    16532148 
    16531430 
    16529966 
    16525710 
    16519022 
    16517893 
    16517846 
    16517536 
    16510632 
    16501710 
    16493335 
    16492989 
    16488187 
    16487201 
    16482818 
    16482814 
    16482813 
    16473053 
    16458638 
    16458564 
    16451266 
    16444415 
    16439871 
    16434721 
    16434718 
    16427707 
    16426009 
    16423610 
    16421800 
    16410956 
    16410955 
    16409654 
    16408853 
    16406692 
    16399780 
    16399770 
    16394860 
    16391445 
    16390965 
    16390000 
    16386110 
    16385260 
    16384745 
    16372294 
    16372293 
    16371863 
    16365863 
    16359196 
    16335545 
    16333124 
    16326692 
    16311698 
    16310405 
    16309745 
    16308613 
    16300992 
    16300916 
    16284530 
    16282935 
    16279541 
    16277896 
    16272529 
    16272480 
    16269177 
    16258155 
    16254979 
    16254963 
    16254004 
    16252839 
    16248508 
    16240696 
    16236402 
    16230560 
    16229786 
    16227795 
    16223956 
    16220863 
    16220089 
    16209103 
    16208027 
    16206075 
    16199646 
    16198443 
    16191900 
    16175822 
    16157552 
    16151734 
    16148845 
    16148844 
    16145149 
    16128133 
    16117559 
    16111273 
    16106196 
    16104827 
    16097063 
    16092746 
    16092741 
    16088806 
    16088243 
    16087730 
    16085969 
    16081889 
    16075800 
    16061366 
    16053730 
    16051369 
    16051300 
    16036180 
    16032546 
    16023520 
    16023411 
    16019259 
    16014760 
    16010158 
    16008614 
    16000473 
    15995963 
    15988082 
    15985688 
    15984374 
    15962557 
    15956406 
    15950288 
    15949192 
    15941561 
    15933567 
    15929697 
    15917522 
    15913797 
    15909202 
    15906740 
    15906260 
    15893869 
    15893462 
    15893235 
    15879290 
    15872047 
    15860091 
    15847203 
    15847080 
    15834884 
    15832259 
    15821396 
    15819871 
    15815014 
    15815011 
    15806009 
    15802209 
    15795599 
    15778961 
    15763333 
    15759142 
    15753012 
    15750120 
    15750057 
    15747865 
    15747864 
    15741392 
    15733361 
    15728809 
    15727905 
    15722029 
    15722027 
    15700665 
    15699418 
    15695676 
    15695603 
    15691146 
    15690804 
    15685149 
    15685144 
    15681481 
    15675493 
    15674408 
    15648064 
    15648061 
    15646827 
    15642235 
    15635030 
    15633610 
    15609232 
    15605909 
    15603932 
    15599464 
    15583291 
    15583287 
    15578191 
    15554308 
    15551877 
    15545864 
    15543379 
    15537693 
    15537252 
    15531836 
    15531119 
    15529448 
    15527655 
    15510759 
    15504878 
    15504232 
    15501334 
    15499901 
    15496242 
    15484263 
    15482667 
    15482666 
    15479571 
    15476127 
    15474777 
    15474627 
    15472350 
    15472348 
    15472338 
    15471996 
    15468443 
    15460192 
    15455541 
    15454897 
    15389835 
    15380688 
    15380273 
    15373882 
    15373881 
    15370669 
    15364268 
    15361725 
    15356934 
    15342990 
    15321971 
    15319092 
    15314204 
    15307433 
    15300737 
    15295381 
    15295226 
    15288963 
    15288615 
    15288609 
    15280773 
    15280124 
    15272061 
    15269294 
    15269197 
    15266616 
    15258832 
    15246613 
    15246509 
    15232783 
    15232182 
    15231967 
    15223948 
    15220695 
    15214967 
    15198786 
    15194835 
    15189697 
    15188708 
    15184454 
    15184449 
    15180658 
    15160310 
    15157047 
    15155984 
    15155979 
    15155185 
    15150329 
    15150169 
    15138926 
    15131188 
    15130345 
    15127335 
    15127310 
    15119362 
    15118205 
    15115090 
    15115089 
    15111705 
    15109818 
    15105098 
    15097309 
    15096804 
    15096568 
    15064032 
    15053396 
    15051115 
    15043772 
    15042017 
    15004072 
    15001934 
    15001301 
    14986123 
    14981245 
    14971549 
    14970250 
    14969566 
    14966833 
    14872188 
    14872174 
    14766841 
    14756959 
    14759241 
    14755411 
    14752192 
    14748071 
    14744376 
    14742237 
    14739089 
    14735402 
    14732332 
    14728893 
    14727023 
    14723355 
    14715742 
    14715730 
    14715728 
    14715726 
    14704878 
    14695675 
    14695673 
    14686062 
    14663118 
    14657763 
    14641850 
    14638992 
    14635014 
    14635004 
    14634754 
    14629523 
    14619644 
    14615662 
    14602880 
    14599677 
    14598735 
    14598604 
    14596071 
    14587375 
    14578030 
    14563946 
    14563226 
    14551882 
    14550986 
    14531123 
    14523214 
    14522419 
    14522069 
    14522064 
    14520584 
    14519259 
    14519244 
    14516781 
    14516780 
    14515448 
    14513326 
    14507236 
    14502352 
    12973556 
    12967746 
    12966540 
    12960649 
    12958260 
    12950896 
    12942395 
    12937726 
    12937105 
    12937039 
    12925123 
    12910645 
    12909300 
    12906974 
    12904428 
    12902579 
    12902105 
    12889690 
    12887240 
    12887237 
    12881795 
    12878334 
    12870122 
    12870059 
    12861167 
    12853748 
    12850164 
    12844418 
    12843031 
    12824787 
    12823596 
    12812349 
    12803739 
    12798238 
    12796229 
    12794728 
    12794724 
    12794551 
    12792394 
    12791877 
    12782677 
    12777569 
    12777549 
    12767845 
    12757649 
    12749681 
    12747231 
    12744623 
    12742323 
    12734271 
    12734229 
    12734212 
    12725558 
    12721320 
    12719664 
    12716377 
    12696113 
    12694118 
    12690283 
    12673260 
    12664881 
    12661148 
    12659651 
    12655083 
    12646635 
    12638076 
    12637085 
    12637082 
    12635988 
    12635937 
    12630488 
    12619782 
    12613456 
    12612199 
    12601768 
    12589833 
    12577501 
    12571529 
    12566185 
    12564253 
    12555441 
    12551979 
    12537289 
    12536607 
    12532964 
    12526356 
    12525298 
    12520830 
    12518843 
    12516320 
    12515431 
    19230565 
    12504603 
    12503505 
    12503041 
    12496176 
    12488990 
    12488658 
    12473475 
    12467781 
    12461794 
    12454133 
    12452294 
    12444458 
    12443029 
    12437029 
    12436483 
    12424681 
    12424579 
    12423697 
    12411025 
    12409399 
    12409389 
    12402171 
    12401298 
    12393133 
    12382086 
    12379832 
    12375662 
    12369230 
    12360792 
    12360695 
    12360694 
    12359818 
    12350230 
    12237612 
    12226817 
    12220760 
    12205810 
    12205247 
    12204188 
    12202599 
    12196838 
    12186210 
    12183142 
    12181470 
    12180286 
    12174826 
    12172744 
    12164601 
    12152521 
    12149499 
    12142785 
    12139865 
    12125013 
    12122337 
    12122332 
    12119775 
    12116036 
    12116026 
    12098826 
    12093990 
    12091081 
    12091078 
    12089249 
    12084950 
    12073057 
    12063438 
    12056662 
    12055802 
    12053543 
    12050339 
    12045795 
    12043157 
    12042535 
    12037063 
    12014394 
    12009818 
    12002535 
    12000653 
    11992592 
    11991880 
    11990701 
    11981525 
    11980958 
    11978211 
    11930994 
    11929775 
    11928376 
    11923341 
    11923336 
    11916176 
    11913508 
    11910508 
    11901812 
    11901797 
    11892470 
    11878718 
    11873253 
    11865552 
    11865443 
    11860765 
    11857553 
    11849679 
    11840250 
    11825946 
    11795682 
    11805444 
    11804257 
    11791341 
    11791095 
    11783126 
    11782931 
    11775940 
    11774090 
    11774017 
    11773110 
    11773106 
    11770239 
    11765663 
    11761193 
    11755547 
    11737672 
    11734742 
    11728649 
    11728056 
    11724845 
    11717647 
    11716634 
    11712092 
    11709344 
    11709331 
    11704398 
    11700892 
    11698761 
    11697435 
    11683088 
    11682950 
    11601432 
    11582512 
    11581230 
    11579865 
    11579248 
    11578537 
    11574926 
    11569706 
    11567557 
    11560207 
    11548193 
    11526149 
    11523939 
    11523762 
    11523760 
    11519286 
    11515757 
    11503357 
    11498697 
    11495560 
    11495300 
    11493413 
    11491043 
    11487264 
    11485079 
    11474877 
    11470356 
    11468038 
    11466275 
    11465848 
    11461129 
    11455694 
    11450280 
    11436654 
    11433098 
    11433082 
    11427433 
    11426078 
    11424802 
    11416718 
    11391425 
    11391171 
    11384701 
    11384166 
    11376479 
    11376033 
    11372304 
    11370250 
    11361864 
    11360612 
    11360611 
    11355473 
    11347664 
    11347208 
    11339251 
    11338536 
    11332175 
    11326157 
    11326000 
    11325983 
    11325976 
    11317077 
    11316071 
    11305473 
    11305194 
    11298230 
    11296567 
    11291111 
    11284931 
    11263545 
    11257548 
    11255097 
    11251994 
    11242149 
    11236048 
    11232447 
    11231484 
    11230411 
    11229670 
    11224840 
    11224836 
    11213556 
    11204169 
    11181210 
    11181143 
    11179988 
    11176273 
    11176247 
    11172500 
    11170998 
    11165598 
    11165587 
    11160723 
    10755631 
    11150002 
    11147168 
    11146249 
    11141238 
    11140910 
    11136786 
    11136760 
    11136743 
    11133374 
    11129651 
    11112222 
    11112097 
    11099101 
    11091850 
    11090754 
    11090750 
    11089622 
    11083887 
    11082955 
    11073143 
    11055608 
    11050837 
    11040154 
    11040149 
    11039673 
    11038012 
    11035610 
    11031428 
    11031426 
    11030297 
    11017817 
    11015372 
    11010916 
    11001128 
    10998378 
    10996985 
    10996984 
    10996112 
    10996110 
    10994096 
    10987712 
    10986870 
    10985308 
    10981349 
    10973745 
    10970410 
    10970395 
    10969447 
    10968600 
    10966231 
    10960622 
    10957919 
    10952258 
    10942490 
    10942089 
    10940161 
    10935996 
    10935989 
    10932728 
    10931153 
    10930158 
    10923322 
    10922279 
    10921378 
    10914956 
    10913736 
    10907994 
    10900283 
    10898134 
    10898133 
    10892493 
    10891828 
    10890252 
    10888362 
    10886563 
    10879592 
    10878065 
    10878046 
    10877489 
    10876857 
    10874985 
    10864996 
    10863105 
    10861640 
    10856776 
    10852009 
    10841092 
    10839733 
    10834815 
    10833965 
    10814936 
    10810322 
    10806727 
    10803406 
    10797378 
    10791131 
    10785332 
    10784627 
    10782397 
    10774515 
    10770548 
    10770547 
    10770383 
    10760220 
    10742683 
    10738027 
    10731807 
    10732678 
    10716502 
    10708066 
    10702722 
    10691201 
    10686028 
    10685241 
    10682476 
    10681799 
    10681329 
    10675403 
    10674351 
    10670571 
    10670569 
    10669339 
    10669321 
    10668256 
    10664236 
    10659543 
    10658479 
    10655388 
    10655378 
    10654947 
    10652859 
    10649180 
    10650573 
    11101052 
    11100912 
    10619737 
    10619733 
    10618768 
    10614605 
    10608987 
    10608796 
    10608757 
    10606090 
    10604011 
    10596448 
    10591168 
    10587747 
    10558956 
    10558939 
    10565955 
    10555197 
    10546868 
    10535353 
    10530582 
    10524987 
    10524796 
    10523553 
    10517191 
    10511402 
    10500209 
    10493345 
    10493343 
    10485198 
    10479135 
    10479134 
    10476045 
    10469719 
    10468133 
    10466555 
    10463692 
    10462641 
    10459959 
    10459487 
    10451621 
    10450434 
    10447427 
    10446450 
    10442319 
    10418035 
    10408873 
    10405891 
    10404458 
    10399450 
    10391400 
    10391175 
    10390290 
    10375358 
    10366583 
    10359305 
    10325791 
    10325358 
    10325343 
    10325333 
    10234647 
    10232785 
    10230418 
    10228476 
    10227694 
    10225861 
    10213895 
    10213891 
    10214454 
    10213292 
    10209006 
    10204124 
    10203485 
    10199349 
    10199232 
    10195750 
    10195266 
    10194074 
    10193321 
    10191902 
    10191353 
    10189281 
    10089054 
    10086088 
    10078490 
    10074904 
    10072446 
    10065236 
    10065219 
    10052549 
    10049983 
    10048683 
    10029254 
    10024204 
    9951977 
    9951639 
    9949956 
    9921274 
    9892399 
    9892395 
    9889216 
    9885732 
    9884246 
    9872529 
    9856307 
    9841700 
    9841822 
    9841821 
    9842445 
    9820838 
    9822484 
    9815214 
    9811915 
    9810208 
    9806033 
    9784145 
    9783338 
    9780744 
    9769506 
    9765858 
    9764560 
    9764322 
    9759907 
    9758247 
    9757943 
    9749649 
    9749400 
    9746019 
    9740505 
    9738993 
    9738069 
    9738041 
    9730316 
    9730299 
    9728535 
    9727577 
    9718769 
    9715836 
    9715529 
    9707308 
    9688302 
    9685438 
    9684638 
    9675466 
    9675394 
    9674290 
    9669727 
    9665961 
    9656387 
    9655540 
    9650943 
    9638123 
    9637577 
    9620715 
    9620401 
    9582120 
    9613665 
    9607071 
    9565407 
    9592999 
    9588649 
    9539794 
    9580074 
    9579613 
    9576389 
    9574705 
    9477694 
    9557299 
    9552135 
    9534989 
    9529649 
    9527385 
    9523400 
    9516021 
    9515770 
    9503779 
    9500501 
    9506642 
    9498443 
    9498432 
    9475103 
    9464728 
    9461360 
    9449544 
    9441318 
    9436761 
    9427890 
    9423753 
    9384297 
    9421770 
    9407385 
    9384344 
    9404706 
    9405939 
    9395863 
    9396454 
    9394557 
    9369842 
    9365761 
    9359739 
    9353830 
    9352409 
    9350892 
    9350750 
    9350745 
    9350736 
    9329415 
    9333160 
    9316910 
    9302448 
    9302197 
    9298729 
    9342261 
    11361837 
    9325519 
    9260689 
    9233467 
    9217031 
    9309232 
    9265862 
    9258938 
    9257655 
    9257654 
    9222973 
    9219185 
    9194271 
    10879244 
    9274416 
    9241798 
    9241110 
    9240862 
    9202626 
    9202612 
    9202610 
    9180171 
    9163473 
    9845496 
    9134873 
    9446039 
    9215652 
    9201813 
    9166317 
    9142125 
    9140133 
    9131465 
    9139832 
    9104802 
    9596898 
    9204240 
    9171845 
    9143176 
    9143175 
    9111480 
    9109145 
    9109137 
    9093943 
    9084789 
    9594334 
    9139088 
    9139086 
    9134510 
    9114219 
    9099506 
    9098613 
    9086531 
    9076835 
    9076818 
    9076299 
    9041350 
    9033642 
    9107221 
    9105838 
    9049817 
    9021540 
    8994428 
    9534272 
    9504113 
    9443272 
    9435033 
    9331668 
    9084717 
    9028718 
    9021520 
    9006302 
    8996016 
    8993862 
    8989207 
    9025692 
    8970702 
    8970220 
    8940204 
    8890144 
    9103083 
    8999685 
    8961000 
    8945706 
    8931781 
    8923288 
    8922802 
    8902439 
    8897183 
    8896503 
    8874216 
    11361490 
    9275453 
    8941998 
    8922092 
    8908128 
    8905303 
    8880481 
    8841253 
    12165788 
    8874645 
    8790121 
    8784370 
    8848704 
    8702550 
    8967648 
    8858670 
    8765616 
    8673553 
    8684160 
    8692068 
    8874078 
    8831076 
    8823859 
    8784617 
    8784582 
    8757570 
    8667407 
    8656017 
    11361585 
    8809348 
    8805861 
    8763627 
    8756770 
    8735084 
    8735082 
    8683198 
    8680891 
    8622222 
    9040855 
    8927279 
    8925124 
    8743915 
    8707582 
    8614124 
    8614121 
    8866797 
    8781885 
    8723785 
    8774501 
    8708494 
    8674964 
    8594241 
    8594240 
    8720324 
    8822284 
    8801082 
    8789012 
    8623809 
    8562929 
    8551878 
    9526542 
    9182141 
    9033982 
    8876399 
    8860356 
    8825716 
    8815484 
    8797724 
    8776177 
    8684877 
    8629942 
    8572014 
    8542005 
    8542004 
    8537684 
    8537649 
    8618904 
    11361458 
    9139376 
    8808312 
    8668848 
    8636699 
    8586726 
    7594700 
    8601687 
    8584368 
    8584360 
    8576382 
    8564370 
    8562237 
    7503175 
    7490934 
    7494848 
    8649929 
    8645840 
    8584311 
    8567879 
    8551017 
    7475311 
    7475309 
    8527070 
    8565689 
    8532421 
    7572143 
    7559944 
    7559940 
    7477021 
    11362658 
    8525062 
    7665644 
    7594261 
    7553366 
    7546908 
    7656759 
    7650188 
    7477009 
    7753235 
    8613308 
    7751717 
    7639967 
    7615758 
    7795102 
    7794710 
    7790455 
    7787122 
    7699539 
    7870139 
    7884796 
    7881683 
    7876894 
    7869209 
    7794862 
    7761194 
    7751380 
    7751370 
    7614960 
    7533124 
    7853921 
    7838630 
    7746693 
    7742450 
    7628195 
    7990861 
    9813477 
    8736603 
    8736602 
    7995957 
    7897170 
    7719918 
    7716454 
    7709629 
    7597323 
    7596090 
    7995354 
    7892075 
    7821951 
    7770129 
    7700271 
    7580896 
    7963727 
    7886759 
    7877953 
    7848589 
    7824833 
    7930716 
    7818823 
    7814466 
    8058075 
    8078144 
    8083689 
    8051621 
    7915304 
    8035839 
    8035017 
    7989543 
    7876763 
    7833555 
    8026015 
    8014501 
    7998396 
    7970900 
    7931187 
    7939235 
    10147430 
    8074933 
    8209132 
    8182161 
    8083649 
    8051277 
    8034497 
    8016963 
    8197067 
    8139047 
    8046433 
    8066060 
    8107747 
    8107740 
    8200626 
    8195364 
    8177623 
    8135556 
    8130855 
    8054379 
    7912174 
    7909761 
    8301446 
    8190557 
    8190541 
    8188821 
    7515257 
    8291592 
    8308526 
    8259683 
    8184179 
    8181837 
    8180775 
    8140482 
    8038116 
    7939423 
    7903381 
    7823267 
    7749101 
    7510308 
    7496917 
    8295341 
    8286069 
    8158456 
    8108846 
    8108212 
    7901357 
    8283801 
    8161445 
    8112352 
    8068080 
    7909225 
    7903107 
    8267271 
    8376840 
    8263117 
    8253976 
    8103118 
    8248051 
    8396606 
    8394900 
    8271395 
    8216988 
    7689096 
    8399906 
    8345421 
    8293183 
    8102374 
    8395553 
    8389318 
    8388450 
    8363770 
    8360312 
    8266325 
    8102262 
    8501243 
    8487289 
    8486935 
    8391544 
    8390647 
    8390471 
    8389398 
    8326459 
    8099082 
    8099079 
    8096264 
    8510573 
    8461474 
    8320306 
    8473761 
    8451099 
    8433285 
    8383073 
    8382271 
    8393176 
    8385871 
    8383728 
    8379155 
    8337560 
    8327780 
    8311716 
    8311151 
    8284639 
    8274034 
    8257296 
    8250598 
    8094435 
    1485771 
    1468536 
    1452682 
    1336795 
    1332563 
    1332562 
    1332561 
    1452659 
    1328406 
    1468148 
    1327250 
    1466842 
    1425793 
    1500744 
    1480408 
    1480407 
    1380050 
    1326996 
    1298583 
    1497052 
    1297002 
    1520540 
    1498766 
    1588991 
    1640950 
    1619602 
    1349936 
    1601363 
    1557264 
    1315334 
    1313070 
    1553120 
    1586873 
    1448616 
    1561488 
    1561487 
    1543830 
    1537893 
    1740753 
    1734067 
    1732502 
    1731056 
    1599581 
    1549405 
    1449788 
    1403648 
    1329403 
    1326262 
    1960608 
    1956745 
    1814329 
    1665465 
    1940466 
    1816254 
    1664263 
    1663508 
    1954609 
    1939564 
    1786144 
    1679166 
    1911616 
    1649876 
    1676777 
    1676085 
    2065890 
    2061763 
    1892594 
    1876468 
    1647745 
    1926975 
    10148233 
    2051795 
    2072937 
    1847987 
    2044935 
    2060515 
    1999798 
    1865505 
    1705583 
    1648456 
    1703618 
    1987516 
    1908715 
    2059357 
    1987350 
    1987348 
    1909109 
    1801664 
    1724830 
    1719789 
    1669928 
    1651584 
    1982334 
    2121690 
    2209626 
    2230714 
    2193299 
    2128474 
    2239307 
    2360968 
    2187739 
    2155570 
    2332671 
    2308025 
    2182667 
    2156914 
    2300779 
    2221502 
    2175786 
    1964500 
    1703387 
    2698162 
    2685130 
    2556087 
    2574713 
    2513296 
    2550582 
    2546429 
    2725615 
    2601646 
    2568996 
    2536766 
    2922373 
    2563385 
    2563254 
    2557458 
    2848897 
    3265654 
    2853247 
    2845316 
    2846641 
    2900922 
    3282072 
    2835306 
    3147684 
    2901164 
    2856294 
    2852481 
    2845831 
    3040314 
    3796705 
    3439718 
    3014011 
    3009084 
    3085381 
    3020777 
    2424678 
    3908470 
    2984247 
    3970570 
    3881471 
    2994096 
    6321362 
