Topic: CD012009 

Title: Amylase in drain fluid for the diagnosis of pancreatic leak in post-pancreatic resection 

Query: 
(ampulla vateri or ampullovateric or papilla vateri or vater papilla or vater ampulla or periampull* or peri-ampull* or choledoch* or alcholedoch* or bile duct* or biliary or cholangio* or gall duct or duoden* or small bowel or small intestin* or enter* or pancrea*).ti,ab.
exp "Ampulla of Vater"/ or exp Pancreas/ or exp Bile Ducts/ or exp Duodenum/
1 or 2
(surger* or surgical* or operat* or resection*).ti,ab.
3 and 4
(pancreatect* or pancreaticojejunost* or pancreaticogastros* or pancreaticoduodenect* or duodenopancreatectom*).ti,ab.
exp Pancreatectomy/
exp Pancreaticojejunostomy/
exp Pancreaticoduodenectomy/
5 or 6 or 7 or 8 or 9
(amylase or amylases).ti,ab.
exp Amylases/
11 or 12
(drain* or leak or fistula).ti,ab.
exp Drainage/
exp Anastomotic Leak/
exp Pancreatic Fistula/
14 or 15 or 16 or 17
10 and 13 and 18
limit 19 to ed=19460101-20170228 

Pids: 
    23866787 
    6207078 
    2445612 
    9257101 
    8542922 
    6167444 
    2443356 
    5037647 
    1093266 
    16875521 
    25563864 
    1124220 
    9823403 
    27190118 
    27008166 
    26898605 
    26844462 
    26791838 
    26768889 
    26597269 
    26394027 
    26345639 
    26278037 
    26211439 
    26117433 
    26073457 
    26038003 
    26019457 
    25849316 
    25809067 
    25647150 
    25631111 
    25621676 
    25579809 
    25550594 
    25454974 
    24887980 
    24101235 
    25842879 
    25589321 
    25516702 
    25398924 
    25356053 
    25301343 
    25276904 
    25263473 
    25262282 
    25219141 
    25198563 
    25132629 
    25131076 
    25112411 
    25024627 
    25024608 
    25001423 
    24998158 
    24977335 
    24841011 
    24767399 
    24733259 
    24680573 
    24650171 
    24622080 
    24520783 
    24518514 
    24395069 
    24306817 
    24246024 
    23903930 
    23878017 
    23804410 
    23494105 
    22065339 
    24719917 
    24693676 
    24399463 
    24280577 
    24257565 
    23975030 
    23958160 
    23885532 
    23885146 
    23838932 
    23833923 
    23765524 
    23732781 
    23715649 
    23624444 
    23584822 
    23578342 
    23560655 
    23494109 
    23461800 
    23389668 
    23288577 
    23228417 
    23179607 
    23178468 
    23600051 
    23480015 
    23411805 
    23296016 
    23146477 
    23116834 
    23095631 
    23025959 
    22989845 
    22968556 
    22790708 
    22726894 
    22699198 
    22563182 
    22539219 
    22504279 
    22497944 
    22481291 
    22452244 
    22414053 
    22354484 
    22351908 
    22328023 
    22288880 
    22052299 
    22037716 
    21940375 
    21477098 
    22177441 
    21937415 
    21914301 
    21874419 
    21816438 
    21737906 
    21621236 
    21600558 
    21594559 
    21546708 
    21533937 
    21506348 
    21491103 
    21459732 
    21368658 
    21161652 
    21107971 
    21052722 
    20730447 
    20627337 
    21168665 
    20970611 
    20920739 
    20845520 
    20815856 
    20622661 
    20577919 
    20460853 
    20442516 
    20420115 
    20298720 
    20198371 
    20151128 
    20049433 
    20009748 
    20184058 
    20092759 
    20016434 
    19951498 
    19950825 
    19841355 
    19719729 
    19696255 
    19621667 
    19579634 
    19486258 
    19434658 
    19400483 
    19091388 
    18972169 
    18778804 
    18758847 
    19531825 
    19437805 
    19102400 
    19040917 
    19034967 
    18987924 
    18953256 
    18812274 
    18795714 
    18778999 
    18641774 
    18622049 
    18613441 
    18612707 
    18556251 
    18548482 
    18490557 
    18430621 
    18417081 
    18366393 
    18273671 
    18054016 
    17955317 
    18090236 
    18040620 
    17968191 
    17909918 
    17873470 
    17873469 
    17855780 
    17826078 
    17786530 
    17710506 
    17667507 
    17593458 
    17570778 
    17523330 
    17523324 
    17510773 
    17509494 
    17508252 
    17484008 
    17483783 
    17481534 
    17458612 
    17458602 
    17387570 
    17382217 
    17335122 
    17313036 
    17058314 
    17001484 
    17116799 
    17114013 
    17059157 
    17055859 
    17048998 
    16998250 
    16966032 
    16927911 
    16794381 
    16627213 
    16608043 
    16516640 
    16372154 
    16385654 
    16300708 
    16003309 
    16001676 
    15985241 
    15877788 
    15868278 
    15868079 
    15868077 
    15855986 
    15816490 
    15759197 
    16249976 
    15656235 
    15596174 
    15532838 
    15472543 
    15366580 
    15362783 
    15358331 
    15275873 
    15239986 
    15133861 
    15106046 
    15050178 
    14699594 
    14616571 
    14571815 
    14571810 
    14560986 
    12908343 
    12875725 
    12850681 
    12846003 
    12828106 
    12715232 
    12679951 
    12650789 
    12632348 
    12548055 
    12646987 
    12522543 
    12466745 
    12413313 
    12375754 
    12222912 
    12201565 
    12192939 
    12122721 
    12094856 
    12072994 
    11995494 
    11941974 
    15637991 
    12731164 
    11996073 
    11890338 
    11683740 
    11677940 
    11521180 
    11450194 
    11442251 
    11428378 
    11427841 
    11369981 
    11355730 
    11323502 
    11832112 
    11416897 
    11191006 
    11091237 
    11026704 
    11001576 
    10965555 
    10946775 
    10816634 
    10759736 
    10710251 
    10708611 
    10951797 
    10676028 
    10633840 
    10442610 
    10361178 
    10359187 
    10349754 
    10339860 
    10101645 
    10096323 
    10069632 
    9840079 
    9824933 
    9790207 
    9775127 
    9697265 
    9694106 
    9673565 
    9658996 
    9569357 
    9498414 
    9445231 
    9415557 
    9413062 
    9408271 
    9367005 
    9351715 
    9168502 
    9162768 
    9145064 
    9125031 
    9070179 
    8981502 
    9046360 
    9013280 
    8964229 
    8871464 
    8840448 
    8815226 
    8814357 
    8685947 
    8623171 
    8751245 
    8667593 
    8550709 
    8533593 
    8520160 
    7766474 
    7738761 
    7661678 
    7616475 
    7574936 
    7531967 
    7531962 
    7980254 
    7970053 
    7926617 
    7912489 
    7759966 
    7524375 
    7517648 
    7514792 
    7510016 
    7506011 
    8514831 
    8486216 
    8479321 
    8479170 
    8368923 
    8235437 
    8211703 
    8111547 
    7694532 
    7509356 
    7508109 
    7507354 
    7504566 
    7504423 
    1364188 
    1364187 
    1739176 
    1559400 
    1517658 
    1466620 
    1418310 
    1411884 
    1384249 
    1381882 
    1373156 
    1281951 
    1279373 
    2033321 
    2003166 
    1988272 
    1950216 
    1866037 
    1780489 
    1721772 
    1715990 
    1709346 
    1709060 
    2364812 
    2272231 
    2262516 
    2240868 
    2233231 
    2218873 
    2189377 
    2149191 
    2120464 
    1699335 
    1698047 
    2799640 
    2789735 
    2680330 
    2673082 
    2669347 
    2644781 
    2500016 
    2484020 
    2478433 
    2471970 
    2469337 
    2466917 
    2466187 
    2464771 
    3415457 
    3415169 
    3343644 
    3292032 
    2975661 
    2893556 
    2470402 
    2459789 
    2450446 
    3690787 
    3612458 
    3566376 
    3554575 
    3110448 
    2440066 
    3575310 
    3112339 
    2427798 
    2421423 
    4073984 
    3998272 
    3929496 
    3915171 
    2581338 
    2580453 
    2580332 
    2417466 
    2412526 
    2412525 
    6743005 
    6737522 
    6721610 
    6608067 
    6385506 
    6206823 
    6203501 
    6200743 
    6200273 
    6198528 
    6084386 
    6881731 
    6880559 
    6864832 
    6623029 
    7093845 
    6176047 
    6121911 
    7229839 
    7218391 
    6796741 
    7399240 
    7363165 
    6161491 
    6160076 
    6159958 
    6155900 
    6154906 
    458537 
    456226 
    432810 
    391497 
    288428 
    93774 
    646495 
    305351 
    281220 
    1267877 
    1259581 
    1014979 
    984927 
    976690 
    962020 
    952325 
    937845 
    188025 
    1190863 
    1166332 
    1137791 
    1080364 
    4746503 
    4685624 
    4575869 
    4202758 
    5044541 
    5765122 
    5991059 
    5326441 
    14254965 
