Topic: CD012010 

Title: Serum amylase and lipase and urinary trypsinogen and amylase for diagnosis of acute pancreatitis 

Query: 
Pancreatitis, Acute Necrotizing/
Pancreatitis/et
Pancreas/ab, pa, pp
(acute adj3 pancrea*).mp.
(necro* adj3 pancrea*).mp.
(inflam* adj3 pancrea*).mp.
((interstitial or edema* or oedema*) adj2 pancrea*).mp.
1 or 2 or 3 or 4 or 5 or 6 or 7
exp Amylases/ or exp Lipase/ or exp Trypsinogen/
(amylase or lipase or trypsinogen or hyperamylasaemia or hyperamylasemia).mp.
exp C-Reactive Protein/
("c-reactive protein" or "c reactive protein" or CRP).mp.
procalcitonin.mp.
exp L-Lactate Dehydrogenase/
("lactate dehydrogenase" or LDH).mp.
9 or 10 or 11 or 12 or 13 or 14 or 15
8 and 16
limit 17 to ed=19460101-20170330 

Pids: 
    26495793 
    25028398 
    23455445 
    24461528 
    23146806 
    9438603 
    9383632 
    8913707 
    8536821 
    8513989 
    8319838 
    8063032 
    7694883 
    7686520 
    7544747 
    7520402 
    7520399 
    7514550 
    7514552 
    7390056 
    7215721 
    7141134 
    7084566 
    6350076 
    6197334 
    6186557 
    6183162 
    6182046 
    6166508 
    6164083 
    5776466 
    5435238 
    5305001 
    5116087 
    5102889 
    5006944 
    4784705 
    4065444 
    3817332 
    3732640 
    3224767 
    2612749 
    2599282 
    2483691 
    2483391 
    2478406 
    2475380 
    2472988 
    2465788 
    2450798 
    2445612 
    2443410 
    2419191 
    2410315 
    2083799 
    1702070 
    1693581 
    1459357 
    1459347 
    1379950 
    1289169 
    1104398 
    838182 
    738544 
    729946 
    680417 
    627322 
    615741 
    615728 
    94020 
    8370144 
    6728085 
    2563574 
    2475282 
    9323491 
    7297579 
    6205876 
    6204874 
    6202521 
    6202520 
    6169530 
    6163633 
    5527863 
    4054187 
    2900142 
    2465158 
    2456933 
    2424764 
    1724964 
    1381836 
    1376253 
    510326 
    477695 
    65282 
    15802096 
    14526151 
    12748426 
    12748425 
    12748424 
    12748420 
    12748418 
    12138227 
    12119521 
    10805548 
    9832635 
    9643676 
    9586822 
    15259081 
    2580033 
    6192072 
    4597040 
    4536854 
    2658162 
    2247815 
    1093265 
    27791421 
    25125063 
    1718364 
    17163108 
    12645630 
    26791128 
    27053007 
    10094605 
    8536883 
    8514033 
    8500740 
    8500736 
    8440440 
    8405882 
    8276183 
    7680018 
    6190587 
    5527091 
    3141239 
    2914645 
    2909420 
    2482141 
    2464526 
    2462522 
    2438185 
    2408956 
    2394333 
    2253333 
    2111783 
    1907253 
    1773490 
    1718808 
    1700960 
    1698685 
    1692553 
    1692552 
    1612327 
    1499902 
    1451985 
    1377146 
    1370663 
    10872413 
    10872412 
    7690443 
    5711661 
    682996 
    340813 
    1124220 
    20501446 
    20501444 
    14857195 
    11751160 
    11668042 
    11352813 
    11294751 
    11292607 
    11171565 
    11121384 
    10644575 
    10444635 
    9316474 
    8928805 
    8843762 
    8772495 
    8760102 
    7537455 
    7534992 
    7485500 
    7023250 
    6326589 
    6161541 
    5877417 
    3789159 
    2417493 
    2413775 
    1716058 
    736132 
    434151 
    91323 
    4558060 
    3224742 
    11272716 
    9823403 
    9736913 
    9663255 
    25655286 
    24322751 
    23924502 
    23924492 
    10217630 
    7318180 
    6383663 
    6197212 
    6194921 
    5008806 
    4687897 
    3905074 
    2612008 
    2598466 
    2475281 
    2475280 
    2440623 
    2434267 
    2323064 
    1281761 
    890943 
    668132 
    455724 
    308871 
    28236277 
    28185442 
    28098664 
    27975299 
    27959400 
    27878246 
    27866884 
    27855503 
    27000454 
    28119929 
    27847555 
    27733068 
    27627636 
    27616762 
    27608615 
    27592206 
    27592205 
    27569736 
    27549125 
    27544361 
    27525946 
    27506562 
    27498930 
    27489062 
    27485875 
    27479458 
    27470331 
    27450968 
    27408338 
    27396917 
    27394653 
    27355747 
    27324074 
    27274778 
    27270932 
    27269252 
    27261583 
    27259229 
    27253234 
    27249919 
    27238853 
    27226718 
    27190575 
    27164910 
    27161174 
    27133702 
    27115738 
    27105999 
    27098801 
    27077468 
    27049091 
    27044768 
    27035328 
    27025854 
    27010144 
    27008166 
    27000817 
    26984079 
    26983712 
    26973421 
    26973392 
    26971398 
    26955745 
    26932861 
    26927550 
    26912010 
    26902135 
    26901564 
    26896500 
    26895632 
    26895040 
    26892137 
    26892125 
    26887807 
    26876469 
    26875897 
    26873426 
    26862043 
    26861116 
    26859276 
    26857860 
    26853989 
    26852760 
    26842851 
    26840231 
    26833708 
    26826268 
    26811059 
    26804005 
    26795545 
    26794823 
    26784348 
    26780230 
    26775768 
    26775631 
    26770650 
    26751114 
    26741814 
    26731187 
    26729193 
    26712880 
    26702138 
    26688403 
    26684861 
    26683606 
    26647073 
    26646279 
    26646270 
    26646268 
    26646265 
    26639354 
    26621675 
    26613586 
    26586203 
    26581215 
    26536493 
    26526450 
    26521195 
    26510396 
    26495791 
    26495775 
    26491907 
    26488122 
    26474425 
    26468141 
    26411454 
    26403265 
    26390419 
    26387469 
    26351384 
    26347531 
    26043647 
    25904096 
    25893529 
    25655622 
    25500204 
    24097368 
    27491156 
    27249866 
    26963056 
    26897930 
    26882612 
    26827447 
    26823696 
    26812750 
    26775487 
    26721025 
    26714770 
    26640341 
    26634656 
    26632721 
    26604652 
    26580397 
    26579579 
    26556479 
    26554237 
    26554230 
    26545559 
    26513113 
    26510084 
    26506968 
    26489817 
    26489626 
    26488574 
    26472695 
    26464680 
    26460661 
    26430482 
    26423094 
    26420969 
    26411915 
    26411523 
    26411145 
    26407655 
    26393905 
    26391596 
    26390417 
    26390412 
    26376346 
    26375415 
    26364660 
    26359725 
    26355553 
    26348469 
    26348466 
    26335013 
    26335011 
    26330363 
    26328633 
    26318606 
    26314441 
    26304612 
    26304138 
    26302488 
    26297402 
    26290647 
    26287969 
    26271419 
    26269615 
    26264698 
    26261580 
    26250893 
    26242128 
    26240102 
    26228362 
    26226277 
    26216009 
    26211263 
    26209500 
    26209440 
    26204892 
    26195123 
    26191136 
    26179197 
    26178495 
    26173077 
    26164831 
    26150631 
    26150628 
    26138414 
    26135714 
    26133088 
    26126336 
    26110898 
    26110235 
    26104879 
    26100988 
    26100532 
    26081056 
    26079787 
    26059826 
    26053865 
    26051730 
    26044956 
    26040998 
    26038029 
    26034366 
    26033584 
    26031558 
    26022124 
    26011212 
    26003852 
    25997756 
    25993999 
    25985693 
    25982373 
    25976202 
    25967382 
    25961820 
    25955444 
    25948069 
    25944794 
    25938229 
    25936310 
    25931351 
    25931256 
    25931252 
    25925405 
    25920892 
    25918189 
    25916776 
    25914464 
    25912801 
    25895924 
    25887669 
    25885700 
    25881471 
    25878403 
    25878401 
    25872135 
    25869565 
    25861064 
    25851781 
    25845855 
    25843255 
    25834318 
    25832937 
    25822153 
    25820869 
    25818080 
    25800317 
    25785723 
    25779711 
    25779213 
    25773957 
    25770789 
    25760428 
    25760427 
    25759121 
    25741153 
    25741146 
    25738992 
    25719309 
    25711165 
    25704068 
    25688985 
    25686746 
    25665541 
    25665537 
    25663773 
    25661686 
    25660282 
    25658037 
    25642743 
    25632916 
    25632179 
    25631111 
    25630832 
    25629046 
    25604657 
    25603327 
    25590178 
    25586803 
    25586363 
    25579844 
    25569802 
    25559420 
    25547407 
    25537627 
    25520280 
    25516912 
    25502333 
    25501921 
    25499461 
    25492506 
    25486529 
    25469547 
    25466845 
    25460024 
    25453861 
    25447052 
    25435190 
    25426618 
    25426616 
    25423559 
    25415600 
    25410533 
    25410475 
    25409167 
    25395020 
    25377446 
    25370603 
    25351888 
    25339548 
    25322952 
    25266882 
    25266253 
    25264325 
    25260603 
    25236606 
    25227976 
    25185884 
    25159609 
    25145902 
    25142942 
    25102438 
    25078061 
    25072837 
    25039804 
    25037190 
    25001186 
    24939646 
    24671004 
    26982896 
    26742296 
    25916137 
    25863041 
    25648306 
    25589321 
    25582474 
    25555888 
    25552500 
    25548507 
    25541713 
    25528847 
    25528838 
    25499947 
    25459565 
    25458667 
    25451185 
    25428195 
    25409371 
    25409276 
    25406548 
    25402489 
    25399483 
    25386068 
    25380082 
    25368923 
    25344970 
    25327679 
    25323773 
    25323753 
    25293684 
    25291183 
    25287156 
    25275271 
    25269432 
    25268099 
    25265022 
    25263473 
    25262282 
    25252950 
    25239347 
    25225951 
    25224424 
    25219637 
    25216326 
    25214429 
    25214403 
    25206283 
    25198563 
    25194617 
    25163808 
    25153214 
    25152324 
    25149611 
    25139706 
    25131096 
    25126879 
    25120739 
    25120736 
    25119717 
    25117988 
    25116169 
    25112967 
    25109509 
    25106805 
    25100344 
    25095636 
    25086093 
    25083999 
    25077966 
    25076355 
    25062872 
    25059555 
    25035110 
    25030943 
    25028902 
    25024617 
    25024608 
    25010670 
    25003222 
    25000266 
    24992608 
    24978882 
    24977398 
    24977335 
    24968241 
    24966921 
    24953430 
    24947925 
    24947411 
    24944500 
    24940719 
    24939146 
    24933500 
    24930656 
    24927360 
    24925168 
    24912987 
    24903993 
    24903625 
    24899005 
    24895822 
    24886809 
    24886762 
    24885926 
    24865534 
    24861022 
    24854864 
    24848818 
    24847041 
    24841011 
    24833148 
    24832105 
    24821463 
    24812896 
    24809408 
    24809173 
    24794036 
    24793350 
    24785170 
    24783930 
    24768806 
    24765770 
    24761770 
    24739030 
    24738018 
    24727481 
    24722290 
    24721982 
    24720587 
    24720136 
    24717823 
    24717803 
    24702534 
    24690434 
    24687867 
    24684028 
    24681936 
    24679075 
    24672666 
    24667868 
    24665842 
    24650965 
    24650171 
    24649820 
    24646880 
    24646025 
    24643222 
    24639398 
    24632545 
    24630146 
    24626964 
    24626729 
    24622083 
    24622074 
    24618444 
    24618443 
    24606867 
    24606081 
    24600780 
    24591733 
    24587667 
    24585404 
    24584301 
    24581950 
    24574723 
    24563432 
    24562467 
    24559592 
    24558434 
    24550037 
    24530039 
    24525505 
    24520783 
    24518514 
    24518504 
    24516008 
    24513806 
    24476552 
    24476523 
    24468827 
    24427330 
    24414175 
    24398664 
    24395069 
    24390520 
    24361123 
    24355874 
    24351123 
    24332479 
    24330221 
    24326631 
    24326366 
    24326365 
    24318308 
    24300829 
    24286809 
    24285669 
    24242859 
    24234420 
    24224980 
    24221085 
    24219498 
    24190079 
    24182334 
    24178573 
    24178571 
    24177139 
    24166730 
    24162590 
    24132706 
    24103651 
    24101212 
    24062244 
    24048720 
    23996134 
    23934639 
    23920031 
    23893682 
    23802775 
    23736796 
    23640381 
    24858334 
    24818336 
    24779037 
    24772873 
    24719924 
    24693676 
    24629535 
    24623288 
    24623284 
    24592550 
    24573627 
    24557971 
    24548450 
    24520759 
    24502017 
    24501956 
    24501923 
    24490516 
    24490515 
    24464133 
    24399463 
    24363519 
    24349237 
    24330797 
    24312352 
    24307311 
    24302175 
    24294357 
    24273922 
    24262598 
    24244397 
    24222967 
    24222953 
    24217841 
    24216546 
    24205721 
    24205717 
    24156788 
    24144088 
    24133579 
    24112497 
    24106403 
    24098876 
    24098392 
    24091659 
    24084612 
    24075524 
    24075519 
    24074664 
    24052976 
    24030487 
    24024317 
    24013807 
    24009459 
    24002875 
    23975030 
    23964665 
    23959212 
    23941844 
    23940051 
    23933499 
    23923680 
    23918880 
    23918150 
    23910063 
    23901239 
    23892997 
    23892538 
    23891044 
    23890143 
    23885532 
    23858562 
    23852141 
    23846949 
    23845568 
    23835907 
    23833923 
    23828825 
    23821636 
    23812506 
    23800118 
    23794035 
    23774848 
    23771661 
    23765438 
    23761384 
    23754456 
    23751582 
    23744643 
    23725508 
    23719592 
    23719587 
    23706497 
    23704822 
    23702424 
    23701518 
    23687413 
    23682226 
    23680979 
    23678547 
    23674850 
    23669470 
    23665668 
    23660099 
    23642489 
    23640149 
    23632173 
    23625750 
    23617661 
    23614927 
    23613780 
    23612621 
    23605470 
    23600830 
    23599649 
    23599623 
    23591301 
    23584822 
    23575520 
    23573893 
    23565203 
    23560655 
    23555161 
    23552706 
    23551669 
    23541917 
    23539679 
    23536517 
    23535763 
    23529349 
    23522394 
    23514667 
    23492986 
    23484468 
    23475525 
    23467886 
    23462920 
    23458703 
    23458290 
    23446049 
    23444064 
    23435739 
    23431120 
    23426538 
    23425662 
    23423447 
    23417910 
    23416685 
    23403441 
    23382018 
    23379498 
    23368820 
    23363031 
    23357494 
    23357145 
    23354015 
    23347428 
    23342125 
    23340168 
    23331836 
    23321327 
    23306341 
    23303202 
    23300151 
    23275617 
    23254244 
    23239793 
    23228417 
    23225812 
    23201088 
    23165890 
    23163898 
    23148215 
    23139224 
    23137103 
    23127650 
    23122711 
    23110815 
    23096089 
    23090044 
    23090004 
    23075084 
    23053765 
    23015223 
    22990529 
    22986487 
    22982818 
    22884286 
    22850623 
    22819015 
    22722259 
    22717227 
    22591619 
    22490516 
    22487377 
    23480015 
    23432988 
    23402090 
    23327958 
    23306739 
    23243704 
    23242020 
    23236237 
    23207611 
    23185258 
    23171994 
    23161305 
    23148853 
    23125085 
    23116834 
    23095441 
    23081667 
    23070084 
    23066311 
    23064197 
    23060219 
    23053933 
    23049224 
    23029434 
    23028532 
    23007015 
    23005337 
    22997787 
    22993927 
    22993730 
    22982349 
    22974938 
    22968556 
    22968504 
    22964954 
    22954523 
    22944289 
    22936270 
    22936083 
    22906890 
    22899821 
    22898635 
    22897076 
    22892234 
    22885948 
    22885947 
    22884058 
    22872603 
    22870821 
    22870264 
    22864709 
    22847057 
    22844459 
    22841788 
    22837343 
    22836857 
    22831975 
    22807607 
    22806506 
    22792201 
    22788066 
    22783000 
    22782018 
    22781908 
    22781577 
    22771595 
    22771100 
    22768339 
    22764546 
    22751862 
    22750969 
    22733912 
    22722261 
    22714033 
    22713802 
    22710192 
    22703791 
    22699198 
    22699144 
    22698803 
    22695421 
    22691809 
    22687381 
    22676337 
    22669702 
    22668873 
    22665561 
    22664857 
    22655040 
    22640899 
    22626927 
    22617711 
    22617158 
    22613963 
    22612194 
    22611322 
    22594035 
    22591682 
    22589391 
    22575591 
    22575522 
    22572146 
    22570480 
    22563198 
    22563182 
    22547133 
    22545716 
    22539344 
    22530355 
    22529693 
    22529518 
    22525561 
    22521731 
    22521259 
    22519457 
    22517774 
    22512878 
    22494799 
    22485232 
    22481290 
    22481292 
    22481287 
    22481286 
    22465934 
    22458582 
    22456279 
    22453841 
    22452244 
    22440997 
    22427681 
    22422323 
    22414053 
    22406605 
    22403734 
    22396778 
    22393262 
    22391978 
    22389298 
    22382765 
    22374894 
    22366013 
    22362529 
    22358254 
    22357117 
    22356682 
    22350703 
    22345417 
    22343978 
    22339380 
    22339193 
    22323127 
    22320916 
    22281291 
    22277950 
    22271054 
    22269915 
    22261942 
    22258232 
    22248664 
    22239554 
    22234980 
    22233953 
    22228370 
    22228051 
    22228045 
    22214372 
    22198776 
    22189444 
    22173919 
    22158076 
    22136208 
    22129523 
    22123707 
    22121883 
    22109627 
    22107720 
    22105928 
    22100390 
    22094997 
    22094894 
    22079999 
    22079843 
    22076497 
    22075662 
    22068258 
    22047166 
    22038499 
    22037716 
    22027700 
    22015972 
    22002481 
    21982067 
    21926933 
    21916994 
    21907651 
    21900541 
    21833764 
    21814793 
    21667053 
    21633783 
    21477098 
    21161352 
    22363993 
    22275938 
    22239033 
    22238960 
    22234760 
    22199113 
    22185981 
    22159946 
    22146628 
    22145410 
    22142357 
    22120865 
    22104746 
    22090321 
    22052140 
    22049070 
    22041641 
    22022519 
    22013111 
    21999858 
    21999781 
    21983577 
    21977808 
    21973232 
    21971860 
    21946810 
    21946720 
    21946127 
    21939783 
    21926545 
    21925206 
    21920915 
    21908117 
    21904078 
    21902830 
    21880794 
    21875495 
    21874356 
    21863370 
    21852363 
    21851024 
    21848818 
    21840110 
    21836659 
    21834686 
    21830851 
    21830433 
    21830374 
    21818975 
    21816778 
    21813390 
    21810937 
    21796601 
    21792081 
    21785384 
    21778801 
    21778463 
    21778460 
    21775918 
    21775917 
    21755760 
    21739262 
    21737904 
    21737899 
    21723786 
    21723238 
    21699790 
    21693262 
    21681115 
    21674247 
    21673538 
    21672938 
    21663734 
    21654542 
    21645639 
    21644850 
    21633536 
    21626472 
    21618774 
    21618771 
    21615792 
    21614591 
    21596348 
    21595575 
    21593811 
    21586652 
    21574469 
    21565534 
    21564294 
    21563660 
    21546712 
    21546708 
    21540312 
    21536389 
    21530520 
    21529452 
    21528774 
    21528054 
    21525776 
    21519169 
    21513000 
    21510308 
    21506348 
    21500552 
    21487080 
    21484880 
    21478760 
    21474984 
    21474970 
    21471572 
    21463160 
    21459732 
    21459727 
    21450558 
    21448359 
    21442805 
    21437599 
    21436316 
    21435718 
    21429304 
    21429303 
    21422680 
    21419763 
    21419645 
    21415673 
    21415674 
    21413925 
    21412703 
    21400110 
    21392395 
    21392105 
    21386644 
    21375584 
    21360714 
    21355731 
    21355297 
    21354940 
    21347559 
    21345872 
    21333262 
    21324812 
    21323992 
    21311208 
    21303427 
    21303407 
    21295641 
    21283039 
    21263321 
    21244370 
    21234610 
    21224836 
    21223486 
    21221003 
    21215433 
    21206105 
    21193457 
    21193041 
    21176756 
    21171938 
    21164347 
    21161403 
    21160370 
    21138365 
    21135704 
    21129425 
    21091094 
    21077777 
    21077776 
    21069254 
    20959124 
    20950211 
    20947701 
    20942858 
    20926469 
    20891005 
    20882560 
    20851528 
    20824499 
    20717044 
    20625975 
    20586612 
    20304618 
    20221887 
    20119689 
    22767564 
    21525756 
    21410075 
    21384746 
    21344776 
    21291119 
    21268534 
    21268336 
    21242707 
    21211212 
    21197259 
    21190597 
    21187498 
    21182229 
    21177195 
    21140002 
    21134836 
    21122467 
    21105189 
    21098869 
    21098750 
    21092464 
    21088351 
    21085847 
    21081804 
    21081800 
    21055004 
    21043050 
    20981735 
    20980778 
    20980226 
    20977452 
    20975316 
    20970611 
    20962562 
    20950468 
    20943456 
    20941964 
    20926345 
    20926048 
    20924426 
    20924190 
    20923958 
    20865849 
    20861697 
    20861696 
    20857533 
    20857518 
    20854730 
    20854728 
    20852186 
    20851132 
    20849329 
    20828462 
    20827047 
    20823570 
    20818810 
    20814209 
    20814069 
    20813700 
    20813179 
    20807924 
    20801293 
    20796149 
    20737515 
    20720475 
    20720450 
    20720449 
    20720446 
    20705631 
    20693896 
    20693860 
    20693759 
    20683217 
    20678620 
    20671193 
    20664821 
    20663207 
    20662806 
    20662791 
    20660988 
    20659297 
    20659228 
    20652060 
    20651589 
    20651242 
    20648005 
    20642094 
    20626730 
    20601812 
    20599924 
    20597219 
    20590911 
    20583441 
    20582580 
    20575598 
    20575163 
    20572302 
    20571309 
    20556331 
    20551651 
    20539007 
    20532782 
    20531245 
    20531240 
    20531239 
    20517765 
    20514540 
    20497509 
    20489047 
    20480517 
    20479687 
    20478324 
    20467345 
    20464559 
    20460941 
    20450628 
    20448143 
    20447214 
    20442679 
    20442524 
    20430162 
    20428826 
    20427244 
    20424203 
    20416310 
    20404017 
    20403035 
    20402659 
    20398462 
    20387681 
    20383416 
    20382594 
    20382593 
    20367283 
    20360115 
    20357692 
    20351627 
    20334476 
    20332642 
    20332339 
    20303356 
    20215882 
    20214943 
    20210857 
    20188101 
    20180753 
    20180751 
    20179640 
    20178726 
    20178072 
    20163205 
    20154455 
    20151230 
    20146106 
    20143141 
    20138831 
    20133235 
    20110462 
    20108145 
    20108040 
    20104197 
    20093992 
    20065556 
    20062892 
    20059346 
    20055802 
    20043232 
    20038432 
    20035747 
    20028489 
    20019571 
    20019567 
    20018574 
    20013131 
    20012328 
    20012323 
    20009748 
    20006347 
    20005059 
    19997973 
    19959968 
    19959967 
    19958759 
    19954227 
    19952969 
    19951905 
    19944731 
    19940795 
    19924017 
    19912253 
    19910834 
    19904225 
    19900821 
    19900452 
    19900448 
    19823101 
    19820420 
    19812526 
    19787287 
    19786932 
    19770782 
    19756486 
    19752771 
    19752770 
    19752571 
    19731024 
    19703814 
    19680809 
    19525099 
    19466420 
    19399617 
    19375719 
    19362431 
    19165599 
    18993019 
    23120847 
    23120843 
    20301900 
    20218362 
    20094095 
    20092759 
    20092758 
    20072945 
    20066023 
    20061588 
    20030535 
    20027156 
    20026894 
    20016434 
    20015440 
    19960573 
    19955843 
    19951561 
    19944211 
    19943386 
    19931776 
    19917356 
    19896090 
    19891017 
    19886063 
    19882092 
    19861862 
    19852292 
    19847735 
    19844147 
    19844139 
    19840765 
    19826187 
    19805911 
    19779779 
    19779015 
    19773490 
    19770656 
    19765423 
    19764839 
    19752773 
    19747747 
    19746260 
    19744001 
    19731751 
    19726746 
    19721908 
    19719729 
    19718539 
    19705494 
    19702601 
    19691794 
    19684435 
    19684429 
    19672038 
    19670133 
    19668799 
    19659897 
    19657312 
    19646232 
    19646082 
    19646013 
    19629004 
    19615927 
    19615319 
    19608673 
    19581748 
    19568820 
    19563079 
    19554997 
    19552021 
    19548460 
    19541012 
    19534808 
    19533232 
    19530045 
    19509017 
    19506532 
    19506396 
    19500877 
    19499667 
    19486258 
    19482641 
    19478699 
    19475344 
    19459563 
    19454824 
    19454821 
    19454816 
    19454288 
    19453252 
    19451746 
    19448777 
    19444716 
    19421713 
    19417178 
    19409152 
    19408736 
    19407480 
    19407479 
    19407476 
    19400483 
    19399939 
    19398743 
    19394638 
    19383608 
    19381059 
    19381041 
    19371263 
    19361362 
    19357036 
    19347290 
    19346727 
    19340902 
    19337962 
    19333535 
    19329706 
    19327467 
    19325491 
    19322914 
    19304523 
    19295657 
    19295454 
    19295057 
    19293788 
    19287337 
    19287109 
    19287105 
    19282375 
    19274786 
    19271729 
    19249477 
    19246601 
    19245331 
    19238530 
    19238029 
    19237016 
    19231487 
    19227173 
    19220676 
    19211920 
    19201771 
    19200265 
    19196399 
    19195686 
    19194821 
    19174608 
    19157342 
    19147385 
    19142976 
    19140238 
    19129610 
    19117125 
    19114961 
    19109798 
    19098846 
    19082718 
    19057957 
    19052022 
    19034041 
    19033539 
    19011579 
    19000906 
    18983441 
    18972169 
    18955165 
    18948836 
    18936103 
    18832108 
    18766470 
    18755888 
    18695628 
    18690472 
    18688721 
    18665013 
    18600455 
    18343629 
    19552084 
    19531825 
    19469104 
    19405265 
    19334442 
    19263694 
    19241920 
    19241829 
    19140851 
    19120270 
    19114324 
    19102837 
    19087716 
    19080501 
    19080125 
    19065891 
    19053004 
    19040917 
    19030723 
    19009656 
    19006211 
    19004743 
    18985809 
    18984483 
    18981549 
    18979610 
    18975524 
    18974468 
    18959120 
    18955757 
    18953261 
    18953260 
    18953247 
    18949588 
    18946221 
    18940129 
    18939375 
    18929380 
    18928095 
    18855999 
    18852663 
    18849642 
    18843072 
    18837740 
    18815555 
    18815544 
    18798492 
    18795856 
    18790187 
    18785083 
    18776738 
    18752369 
    18720707 
    18707038 
    18702683 
    18680075 
    18678990 
    18673112 
    18670841 
    18665087 
    18665082 
    18663346 
    18652331 
    18648151 
    18648137 
    18648134 
    18642776 
    18641774 
    18634246 
    18628627 
    18625695 
    18622049 
    18620940 
    18612947 
    18611334 
    18609130 
    18596311 
    18595630 
    18594222 
    18591426 
    18587108 
    18583460 
    18580444 
    18580443 
    18580438 
    18571584 
    18570924 
    18567599 
    18564662 
    18552693 
    18548482 
    18544793 
    18541710 
    18523243 
    18522182 
    18520235 
    18516716 
    18516442 
    18515422 
    18510057 
    18507118 
    18507074 
    18506934 
    18503696 
    18497538 
    18494849 
    18488811 
    18486906 
    18478511 
    18477679 
    18469455 
    18469447 
    18469439 
    18462597 
    18461517 
    18455169 
    18452188 
    18451886 
    18443134 
    18442198 
    18437090 
    18437087 
    18437086 
    18437083 
    18434759 
    18430621 
    18423167 
    18416469 
    18415757 
    18408139 
    18405600 
    18405484 
    18404527 
    18397237 
    18397214 
    18389448 
    18388680 
    18377884 
    18376298 
    18376296 
    18374839 
    18365914 
    18365506 
    18362839 
    18362838 
    18362832 
    18353971 
    18350613 
    18350203 
    18349565 
    18336660 
    18334062 
    18330956 
    18330656 
    18326931 
    18319571 
    18318823 
    18318818 
    18313344 
    18308855 
    18306989 
    18303267 
    18297440 
    18297100 
    18291430 
    18286680 
    18280454 
    18279948 
    18278462 
    18271973 
    18266177 
    18262182 
    18259962 
    18251792 
    18246603 
    18239598 
    18235212 
    18227480 
    18214607 
    18206814 
    18206813 
    18202109 
    18192884 
    18191686 
    18184119 
    18182248 
    18173634 
    18166146 
    18154929 
    18154910 
    18076731 
    18046618 
    18041736 
    18031730 
    18028950 
    18023522 
    17989309 
    17981921 
    17955317 
    17941083 
    17683955 
    17683501 
    17675325 
    17674029 
    17621252 
    17579653 
    17549629 
    18437101 
    18402426 
    18320649 
    18288275 
    18288270 
    18277417 
    18217422 
    18212401 
    18194938 
    18167214 
    18159175 
    18158999 
    18090249 
    18090238 
    18090235 
    18074481 
    18069761 
    18069760 
    18069756 
    18053838 
    18052632 
    18035259 
    18028766 
    18023101 
    18020878 
    18008033 
    17990464 
    17984615 
    17981247 
    17979932 
    17977046 
    17965538 
    17963301 
    17963125 
    17961315 
    17957966 
    17948936 
    17944599 
    17940972 
    17928102 
    17925764 
    17923957 
    17921916 
    17921259 
    17914961 
    17912016 
    17912011 
    17909727 
    17907297 
    17907086 
    17898533 
    17897920 
    17895857 
    17895846 
    17895844 
    17895833 
    17892875 
    17888090 
    17883296 
    17879013 
    17877536 
    17876886 
    17876868 
    17874046 
    17873467 
    17852885 
    17852884 
    17852861 
    17825194 
    17823712 
    17804915 
    17729407 
    17723883 
    17723882 
    17719703 
    17708837 
    17708835 
    17706445 
    17706053 
    17698941 
    17687599 
    17684367 
    17679396 
    17679376 
    17679375 
    17679374 
    17663507 
    17662219 
    17661248 
    17657841 
    17653641 
    17653597 
    17651574 
    17650935 
    17641559 
    17639180 
    17622699 
    17622698 
    17602929 
    17602363 
    17593165 
    17592371 
    17592232 
    17591621 
    17590306 
    17589953 
    17589942 
    17589925 
    17570031 
    17569144 
    17569133 
    17560905 
    17559376 
    17555143 
    17542893 
    17541868 
    17533414 
    17533079 
    17532822 
    17531632 
    17525799 
    17524947 
    17523330 
    17523324 
    17523321 
    17523281 
    17520207 
    17517186 
    17516363 
    17516324 
    17515678 
    17513789 
    17511027 
    17497973 
    17489962 
    17489851 
    17489509 
    17488910 
    17484889 
    17483372 
    17468530 
    17466744 
    17461502 
    17458405 
    17457167 
    17449966 
    17446845 
    17446839 
    17446838 
    17443244 
    17441893 
    17440232 
    17438460 
    17438451 
    17436127 
    17436089 
    17431218 
    17419271 
    17419174 
    17418056 
    17418055 
    17415654 
    17415518 
    17414052 
    17402370 
    17389850 
    17383459 
    17380016 
    17378903 
    17373751 
    17371271 
    17363470 
    17363349 
    17357842 
    17356240 
    17355281 
    17352866 
    17352036 
    17352017 
    17351804 
    17339155 
    17333355 
    17332967 
    17332472 
    17332471 
    17325630 
    17322992 
    17322478 
    17311061 
    17303602 
    17295917 
    17295769 
    17295766 
    17295762 
    17292420 
    17278220 
    17278194 
    17270141 
    17266687 
    17263972 
    17259390 
    17258986 
    17245183 
    17238042 
    17238032 
    17238030 
    17230625 
    17218475 
    17198192 
    17198179 
    17194501 
    17188167 
    17173909 
    17170029 
    17169978 
    17158258 
    17158252 
    17138970 
    17135311 
    17119188 
    17114298 
    17093924 
    17059357 
    17058314 
    17014919 
    16944038 
    16818463 
    17406762 
    17406759 
    17357287 
    17233197 
    17218765 
    17218761 
    17203845 
    17189226 
    17176929 
    17176928 
    17171797 
    17164546 
    17159788 
    17151293 
    17144240 
    17140047 
    17133981 
    17123529 
    17122621 
    17112828 
    17109069 
    17106929 
    17106218 
    17101580 
    17091064 
    17087933 
    17079950 
    17079949 
    17079942 
    17079941 
    17079940 
    17079938 
    17076835 
    17072985 
    17072978 
    17069643 
    17062201 
    17059778 
    17059157 
    17058172 
    17055865 
    17048998 
    17042387 
    17032351 
    17024542 
    17017300 
    17004534 
    17003654 
    17003648 
    16995470 
    16983948 
    16979620 
    16970737 
    16967391 
    16966032 
    16966031 
    16964544 
    16959955 
    16954950 
    16940726 
    16938137 
    16937496 
    16927913 
    16927911 
    16927057 
    16924320 
    16921885 
    16921084 
    16913447 
    16898590 
    16891300 
    16874881 
    16874863 
    16871070 
    16868806 
    16864971 
    16850858 
    16848756 
    16847384 
    16838115 
    16835994 
    16832145 
    16832133 
    16816537 
    16810591 
    16808797 
    16804123 
    16800417 
    16796950 
    16785730 
    16782701 
    16782555 
    16773694 
    16769810 
    16767690 
    16764792 
    16764691 
    16761474 
    16759642 
    16753108 
    16749187 
    16741615 
    16733108 
    16731061 
    16731060 
    16724996 
    16718817 
    16718788 
    16711002 
    16707851 
    16700916 
    16691573 
    16685108 
    16685107 
    16684593 
    16683059 
    16676250 
    16671062 
    16670939 
    16670619 
    16670618 
    16670614 
    16636604 
    16636600 
    16635410 
    16632097 
    16628091 
    16628081 
    16627015 
    16610045 
    16601976 
    16601314 
    16586559 
    16583618 
    16574987 
    16570356 
    16570348 
    16567468 
    16557023 
    16552344 
    16552341 
    16552333 
    16547665 
    16534874 
    16534854 
    16534247 
    16533326 
    16530920 
    16525359 
    16525355 
    16524509 
    16500542 
    16499907 
    16499554 
    16498235 
    16495704 
    16489656 
    16489639 
    16488441 
    16482626 
    16481302 
    16473521 
    16468645 
    16463209 
    16463208 
    16461071 
    16460682 
    16455328 
    16446603 
    16443293 
    16440434 
    16436093 
    16425533 
    16424987 
    16423921 
    16409962 
    16407656 
    16407625 
    16407621 
    16407619 
    16407615 
    16405548 
    16400468 
    16400014 
    16397612 
    16392107 
    16390605 
    16387898 
    16387006 
    16373310 
    16368344 
    16354799 
    16340749 
    16340748 
    16340747 
    16339296 
    16339139 
    16327290 
    16327287 
    16327284 
    16327282 
    16313504 
    16313496 
    16293654 
    16289561 
    16276074 
    16112239 
    16033880 
    16737050 
    16696222 
    16623000 
    16541625 
    16521953 
    16445232 
    16445037 
    16437643 
    16437625 
    16435516 
    16425382 
    16425156 
    16422177 
    16419161 
    16358973 
    16358943 
    16357455 
    16355619 
    16355160 
    16334749 
    16327837 
    16317388 
    16301856 
    16301845 
    16301844 
    16297323 
    16291393 
    16286706 
    16286273 
    16286272 
    16284287 
    16273606 
    16265780 
    16263306 
    16263148 
    16261961 
    16259748 
    16258370 
    16258366 
    16246687 
    16246183 
    16239966 
    16236683 
    16226947 
    16224479 
    16224221 
    16217179 
    16215473 
    16214030 
    16186664 
    16186498 
    16183055 
    16174715 
    16172580 
    16163057 
    16161922 
    16154113 
    16149365 
    16146480 
    16145345 
    16145344 
    16142021 
    16142007 
    16141678 
    16141501 
    16133460 
    16127429 
    16113545 
    16111099 
    16111094 
    16111093 
    16110251 
    16106939 
    16105125 
    16103608 
    16100527 
    16097064 
    16093768 
    16088183 
    16083720 
    16082594 
    16079481 
    16054982 
    16048498 
    16046992 
    16044091 
    16025004 
    16024009 
    16018280 
    16015706 
    16009917 
    16006689 
    16005131 
    16001673 
    16001614 
    15990931 
    15990827 
    15987389 
    15985775 
    15985774 
    15985771 
    15985768 
    15984987 
    15981845 
    15980666 
    15980663 
    15976912 
    15968255 
    15968248 
    15968247 
    15968246 
    15966188 
    15962392 
    15959761 
    15943725 
    15940660 
    15920330 
    15920329 
    15920015 
    15906759 
    15892460 
    15883473 
    15879732 
    15878772 
    15877240 
    15875618 
    15871726 
    15871069 
    15869754 
    15868077 
    15864174 
    15852626 
    15849486 
    15841051 
    15841032 
    15838900 
    15832593 
    15822043 
    15816359 
    15810074 
    15804946 
    15800694 
    15795153 
    15785383 
    15784478 
    15783040 
    15782987 
    15782105 
    15782103 
    15782102 
    15779613 
    15777396 
    15772171 
    15765408 
    15765407 
    15763054 
    15759197 
    15758912 
    15754391 
    15749232 
    15749230 
    15749229 
    15742419 
    15742402 
    15732016 
    15717180 
    15714131 
    15702783 
    15701500 
    15694891 
    15693710 
    15691869 
    15688261 
    15671155 
    15667504 
    15655817 
    15655685 
    15655684 
    15654795 
    15653991 
    15643994 
    15632701 
    15632700 
    15632691 
    15632690 
    15632187 
    15629143 
    15621795 
    15610466 
    15609411 
    15589968 
    15582989 
    15582722 
    15582579 
    15580285 
    15543202 
    15536474 
    15462671 
    15458924 
    15458925 
    17564321 
    16265044 
    16249976 
    16146016 
    16145914 
    16134005 
    15850341 
    15809782 
    15801080 
    15794254 
    15791365 
    15753607 
    15704745 
    15690699 
    15658256 
    15646343 
    15631320 
    15628732 
    15617304 
    15617303 
    15615342 
    15613745 
    15613744 
    15611675 
    15608360 
    15599151 
    15586508 
    15585143 
    15584592 
    15573769 
    15572849 
    15569986 
    15567996 
    15559607 
    15553429 
    15552898 
    15552886 
    15552884 
    15552883 
    15552876 
    15552874 
    15545847 
    15538738 
    15537413 
    15536288 
    15536287 
    15535937 
    15534935 
    15532838 
    15528023 
    15528022 
    15528018 
    15528014 
    15526892 
    15513386 
    15502646 
    15502637 
    15500043 
    15495805 
    15483406 
    15476108 
    15472543 
    15469071 
    15467296 
    15467263 
    15467001 
    15460905 
    15456517 
    15455265 
    15454338 
    15387956 
    15378786 
    15368110 
    15367892 
    15362783 
    15357660 
    15345258 
    15334004 
    15331911 
    15328337 
    15316396 
    15316224 
    15314743 
    15309891 
    15290665 
    15287601 
    15286966 
    15286555 
    15286435 
    15282695 
    15273919 
    15271845 
    15265195 
    15263827 
    15257114 
    15257108 
    15240178 
    15238920 
    15238770 
    15237442 
    15237439 
    15236192 
    15233697 
    15230799 
    15220687 
    15220554 
    15220099 
    15211118 
    15211115 
    15211109 
    15207086 
    15202793 
    15176536 
    15173796 
    15169622 
    15168010 
    15166475 
    15163232 
    15161757 
    15160763 
    15159685 
    15147156 
    15141882 
    15140659 
    15139509 
    15132950 
    15131792 
    15128492 
    15120483 
    15115692 
    15114301 
    15106406 
    15106046 
    15103565 
    15097850 
    15090939 
    15088642 
    15086213 
    15082881 
    15082592 
    15077884 
    15069598 
    15068719 
    15065005 
    15064229 
    15057839 
    15057739 
    15052683 
    15051269 
    15050178 
    15047123 
    15046194 
    15040545 
    15036192 
    15035777 
    15034291 
    15028970 
    15028960 
    15028953 
    15028951 
    15024494 
    15016612 
    15007651 
    15007272 
    15005924 
    15003365 
    14998827 
    14994441 
    14988843 
    14988825 
    14985957 
    14981397 
    14968572 
    14968568 
    14962849 
    14767733 
    14762792 
    14751415 
    14748874 
    14745288 
    14739847 
    14730221 
    14728722 
    14707742 
    14707730 
    14660681 
    14643897 
    14634819 
    16119103 
    15600192 
    15587741 
    15307493 
    15264045 
    15244180 
    15232892 
    15232891 
    15164533 
    15075470 
    15065538 
    15022622 
    14762628 
    14753142 
    14748267 
    14740774 
    14738205 
    14737942 
    14726612 
    14726611 
    14725234 
    14708545 
    14708534 
    14703885 
    14699691 
    14699594 
    14697296 
    14696507 
    14696497 
    14696407 
    14691290 
    14690481 
    14685675 
    14675701 
    14666821 
    14666765 
    14663605 
    14661125 
    14652551 
    14646970 
    14642122 
    14636949 
    14633959 
    14631103 
    14625861 
    14625479 
    14623849 
    14620534 
    14614200 
    14606098 
    14606087 
    14605465 
    14599990 
    14599961 
    14599619 
    14598134 
    14595303 
    14582568 
    14581803 
    14576496 
    14576492 
    14576491 
    14576489 
    14572565 
    14571812 
    14571809 
    14571607 
    14566081 
    14562392 
    14562391 
    14562390 
    14560986 
    14560157 
    14534374 
    14526146 
    14523833 
    14521729 
    14521521 
    14519046 
    14508137 
    14508133 
    14508132 
    14508131 
    14508129 
    13678704 
    13130170 
    12970916 
    12966785 
    12951894 
    12949437 
    12949035 
    12945081 
    12944576 
    12943805 
    12941149 
    12939655 
    12924635 
    12923328 
    12921777 
    12921609 
    12921254 
    12915977 
    12909386 
    12902185 
    12894874 
    12894021 
    12892840 
    12891927 
    12891853 
    12890995 
    12889567 
    12885107 
    12883271 
    12883257 
    12875000 
    12869890 
    12867808 
    12866928 
    12860197 
    12858505 
    12857496 
    12856185 
    12850473 
    12847599 
    12845982 
    12845374 
    12843925 
    12839385 
    12837998 
    12828958 
    12828106 
    12828103 
    12826913 
    12826217 
    12825877 
    12823041 
    12811236 
    12808811 
    12806612 
    12802103 
    12792821 
    12780344 
    12770935 
    12764990 
    12764986 
    12763345 
    12763279 
    12760729 
    12759681 
    12755453 
    12747737 
    12745080 
    12745043 
    12732100 
    12724432 
    12717866 
    12717269 
    12713440 
    12701012 
    12695550 
    12693465 
    12684214 
    12679951 
    12677172 
    12672379 
    12667389 
    12667003 
    12665764 
    12664411 
    12660636 
    12658041 
    12657947 
    12657946 
    12644782 
    12643851 
    12633747 
    12632523 
    12631449 
    12629987 
    12629980 
    12625815 
    12620516 
    12620055 
    12609748 
    12608458 
    12607047 
    12605180 
    12604924 
    12604906 
    12602720 
    12600444 
    12599840 
    12591049 
    12589738 
    12576961 
    12570349 
    12560855 
    12559182 
    12557153 
    12555016 
    12552208 
    12548055 
    12534743 
    12532462 
    12524412 
    12522141 
    12518122 
    12508374 
    12508340 
    12499932 
    12499911 
    12488237 
    12485371 
    12399852 
    16737121 
    14612287 
    14612286 
    14607674 
    14607646 
    12905661 
    12898930 
    12666696 
    12658399 
    12646987 
    12636209 
    12633572 
    12608652 
    12592100 
    12587482 
    12575195 
    12568222 
    12564849 
    12558085 
    12553437 
    12553157 
    12536291 
    12522638 
    12522473 
    12510864 
    12510863 
    12498321 
    12487374 
    12484556 
    12483262 
    12483249 
    12483143 
    12475405 
    12468366 
    12467010 
    12466745 
    12452749 
    12451680 
    12448080 
    12447299 
    12435866 
    12432979 
    12432186 
    12432185 
    12423394 
    12420914 
    12416225 
    12415852 
    12409843 
    12409834 
    12409828 
    12409009 
    12395898 
    12391910 
    12386968 
    12385780 
    12381683 
    12381531 
    12381339 
    12379770 
    12378645 
    12378219 
    12378116 
    12378114 
    12375754 
    12375609 
    12375148 
    12374236 
    12371983 
    12370539 
    12370536 
    12360491 
    12324754 
    12297762 
    12236076 
    12227005 
    12223354 
    12222912 
    12221561 
    12221328 
    12221326 
    12215051 
    12212421 
    12201568 
    12190163 
    12184908 
    12184735 
    12184533 
    12184532 
    12181316 
    12181196 
    12180885 
    12172863 
    12170407 
    12162412 
    12161103 
    12143219 
    12142820 
    12142803 
    12142739 
    12142738 
    12142737 
    12141822 
    12141532 
    12138725 
    12135026 
    12133422 
    12131781 
    12131780 
    12127125 
    12126536 
    12123225 
    12123099 
    12123088 
    12121704 
    12120895 
    12120888 
    12120004 
    12118952 
    12099618 
    12098886 
    12098739 
    12098056 
    12094856 
    12094843 
    12091864 
    12088337 
    12085036 
    12084036 
    12079932 
    12072994 
    12070559 
    12065293 
    12064001 
    12058542 
    12057766 
    12055683 
    12053540 
    12050826 
    12049614 
    12049014 
    12023002 
    12022764 
    12022736 
    12014357 
    12006214 
    12004933 
    12003423 
    11998831 
    11998380 
    11995492 
    11979749 
    11979180 
    11972545 
    11968852 
    11964411 
    11961483 
    11957802 
    11955403 
    11951059 
    11950817 
    11941974 
    11939719 
    11939496 
    11938439 
    11935133 
    11932783 
    11923756 
    11914935 
    11911723 
    11908096 
    11907364 
    11900675 
    11893939 
    11893409 
    11884765 
    11871836 
    11856128 
    11855927 
    11854688 
    11854625 
    11854624 
    11850609 
    11841995 
    11840029 
    11832459 
    11824780 
    11812965 
    11804846 
    11786477 
    11782614 
    11781290 
    11753044 
    11744859 
    11741187 
    11741186 
    11741185 
    11741183 
    11602799 
    12577439 
    12120252 
    12120250 
    12120237 
    12120223 
    12120201 
    12120200 
    12120194 
    12080874 
    12067220 
    11996072 
    11986005 
    11985972 
    11977340 
    11977328 
    11903751 
    11889983 
    11867866 
    11828675 
    11819771 
    11816134 
    11814131 
    11813617 
    11813615 
    11787767 
    11785777 
    11780340 
    11775728 
    11775491 
    11768555 
    11766543 
    11755505 
    11753808 
    11753807 
    11753798 
    11749783 
    11746545 
    11727788 
    11719968 
    11719473 
    11715131 
    11713557 
    11712866 
    11709520 
    11702203 
    11698071 
    11697698 
    11696584 
    11687729 
    11680588 
    11677993 
    11677940 
    11676550 
    11673744 
    11668202 
    11668201 
    11667952 
    11590331 
    11590326 
    11586635 
    11578306 
    11578065 
    11577303 
    11572024 
    11570977 
    11570665 
    11569688 
    11557897 
    11555108 
    11552931 
    11550012 
    11535930 
    11531865 
    11531863 
    11531667 
    11496096 
    11495159 
    11491219 
    11490346 
    11484923 
    11484917 
    11471204 
    11469912 
    11467638 
    11467402 
    11462945 
    11454802 
    11453102 
    11451153 
    11444106 
    11438507 
    11428601 
    11421871 
    11419828 
    11413991 
    11412826 
    11408826 
    11403540 
    11396766 
    11396759 
    11378616 
    11373483 
    11355022 
    11351673 
    11350556 
    11350439 
    11345145 
    11336321 
    11331472 
    11330538 
    11323502 
    11321505 
    11319442 
    11303975 
    11303135 
    11297946 
    11293447 
    11291925 
    11291922 
    11280826 
    11280536 
    11276378 
    11249078 
    11232685 
    11231459 
    11224625 
    11223598 
    11206320 
    11204986 
    11176736 
    11176162 
    11176125 
    11167871 
    11167870 
    11162528 
    11159890 
    11159771 
    11156648 
    11149905 
    11148526 
    11138969 
    11138966 
    11138965 
    18470712 
    12903499 
    11854559 
    11852288 
    11847458 
    11832200 
    11832112 
    11484259 
    11341600 
    11332353 
    11324423 
    11247388 
    11215059 
    11212934 
    11202619 
    11199375 
    11192324 
    11189983 
    11185709 
    11185707 
    11180872 
    11156345 
    11149054 
    11148865 
    11145296 
    11143296 
    11142585 
    11130020 
    11121497 
    11109415 
    11100325 
    11100317 
    11097158 
    11095328 
    11085712 
    11077488 
    11077482 
    11076884 
    11071172 
    11065264 
    11062709 
    11059225 
    11058855 
    11054984 
    11051350 
    11044526 
    11044164 
    11039473 
    11037648 
    11034471 
    11032677 
    11030188 
    11030187 
    11025364 
    11018477 
    11016864 
    11016865 
    11005413 
    10997390 
    10995788 
    10993440 
    10989979 
    10986215 
    10982777 
    10979172 
    10975713 
    10975707 
    10975706 
    10967918 
    10952403 
    10952402 
    10952401 
    10925727 
    10922996 
    10920782 
    10920687 
    10909467 
    10909444 
    10905786 
    10899719 
    10889459 
    10889173 
    10889172 
    10885249 
    10881937 
    10880051 
    10878188 
    10877218 
    10875461 
    10862515 
    10859041 
    10859031 
    10856460 
    10849766 
    10840360 
    10834684 
    10832676 
    10830244 
    10828506 
    10824699 
    10824694 
    10824691 
    10821777 
    10816634 
    10799351 
    10795755 
    10795754 
    10792947 
    10791235 
    10789041 
    10780603 
    10773844 
    10773043 
    10769087 
    10768861 
    10768853 
    10761689 
    10761688 
    10758839 
    10757870 
    10752823 
    10752329 
    10746419 
    10744808 
    10722029 
    10722025 
    10719845 
    10719820 
    10718798 
    10714628 
    10710251 
    10710092 
    10708611 
    10707932 
    10702536 
    10697132 
    10696127 
    10694432 
    10691375 
    10674235 
    10667507 
    10664345 
    10657268 
    10655528 
    10653387 
    10647073 
    10644319 
    10644318 
    10638569 
    10636106 
    10630448 
    10625786 
    10606910 
    11817337 
    11601260 
    11601252 
    11341629 
    11341608 
    11341604 
    11205778 
    11030605 
    11030603 
    11030602 
    10980943 
    10980942 
    10972035 
    10865531 
    10778344 
    10770119 
    10732296 
    10732295 
    10705631 
    10638209 
    10634053 
    10631468 
    10626198 
    10622080 
    10612535 
    10596856 
    10596325 
    10595892 
    10595891 
    10594530 
    10592108 
    10589592 
    10586909 
    10584507 
    10584207 
    10578150 
    10576388 
    10576341 
    10576336 
    10574102 
    10573371 
    10570344 
    10569785 
    10569181 
    10564107 
    10562589 
    10558906 
    10533767 
    10532129 
    10530381 
    10529791 
    10522053 
    10522042 
    10515220 
    10511873 
    10508122 
    10505757 
    10505754 
    10505712 
    10503840 
    10503149 
    10503134 
    10499487 
    10499250 
    10494674 
    10494604 
    10492149 
    10489135 
    10487856 
    10484003 
    10482695 
    10481560 
    10481118 
    10479868 
    10471547 
    10470323 
    10470321 
    10467990 
    10467964 
    10464149 
    10464148 
    10463468 
    10453418 
    10449220 
    10446089 
    10445566 
    10445541 
    10444926 
    10438168 
    10438167 
    10438164 
    10438162 
    10438161 
    10436370 
    10436251 
    10434757 
    10434163 
    10433365 
    10430383 
    10430379 
    10427620 
    10423332 
    10416694 
    10416691 
    10411592 
    10400113 
    10399968 
    10397124 
    10396100 
    10394025 
    10392246 
    10389682 
    10367627 
    10366299 
    10362655 
    10361843 
    10360224 
    10354511 
    10354211 
    10337184 
    10333168 
    10323357 
    10235598 
    10235276 
    10235200 
    10235181 
    10231842 
    10231550 
    10231209 
    10228804 
    10228257 
    10223361 
    10219844 
    10216421 
    10213858 
    10211417 
    10210154 
    10207238 
    10207233 
    10206480 
    10202802 
    10202061 
    10201484 
    10189802 
    10102224 
    10096323 
    10095155 
    10095153 
    10090825 
    10090420 
    10090418 
    10086666 
    10076549 
    10075962 
    10069632 
    10050646 
    10029629 
    10029299 
    10026442 
    10026438 
    9949720 
    9949262 
    9934758 
    9927544 
    9895386 
    9892799 
    9888659 
    9841757 
    14518290 
    11825511 
    11825375 
    11475751 
    11038815 
    10457316 
    10436640 
    10431604 
    10391374 
    10189850 
    10088197 
    10052596 
    10050403 
    9972431 
    9951936 
    9931653 
    9931652 
    9931392 
    9918438 
    9915230 
    9886129 
    9884270 
    9882816 
    9876764 
    9873955 
    9873954 
    9865235 
    9863488 
    9863487 
    9863327 
    9857767 
    9855088 
    9853701 
    9848258 
    9845400 
    9845301 
    9842647 
    9841974 
    9840309 
    9840164 
    9834279 
    9833805 
    9828148 
    9826289 
    9825062 
    9823907 
    9821180 
    9816540 
    9815031 
    9815030 
    9808481 
    9797380 
    9794913 
    9788545 
    9788544 
    9788536 
    9780604 
    9775127 
    9773948 
    9772067 
    9759959 
    9759598 
    9753501 
    9751942 
    9750738 
    9750012 
    9744644 
    9742004 
    9738727 
    9733625 
    9728790 
    9728347 
    9724167 
    9724166 
    9722344 
    9721465 
    9717784 
    9717766 
    9717765 
    9711177 
    9707830 
    9700952 
    9700946 
    9700943 
    9700940 
    9694106 
    9688663 
    9688085 
    9686816 
    9684144 
    9672373 
    9670735 
    9670716 
    9670713 
    9669641 
    9667795 
    9667519 
    9667518 
    9667517 
    9659309 
    9655083 
    9650810 
    9648999 
    9647391 
    9645014 
    9641955 
    9637554 
    9637544 
    9634648 
    9629518 
    9629510 
    9627809 
    9627147 
    9619390 
    9616264 
    9613666 
    9610387 
    9605959 
    9598817 
    9598241 
    9594083 
    9591002 
    9589669 
    9587782 
    9583861 
    9581160 
    9580441 
    9577354 
    9576442 
    9562770 
    9561559 
    9548675 
    9548669 
    9548668 
    9548662 
    9546145 
    9541047 
    9540874 
    9539812 
    9536964 
    9533643 
    9530927 
    9522035 
    9517641 
    9517534 
    9510149 
    9510141 
    9510140 
    9510133 
    9510132 
    9508525 
    9505893 
    9505874 
    9496522 
    9494002 
    9492861 
    9484652 
    9458775 
    9453506 
    9445231 
    9445117 
    9445115 
    9438551 
    9436869 
    9436868 
    9436862 
    9422322 
    9405753 
    10374489 
    9834343 
    9773578 
    9772491 
    9650504 
    9646200 
    9540855 
    9513832 
    9508666 
    9498210 
    9497795 
    9494376 
    9489440 
    9466282 
    9462219 
    9462218 
    9460511 
    9449444 
    9444550 
    9439452 
    9432580 
    9428119 
    9427081 
    9427022 
    9424935 
    9424854 
    9424425 
    9421292 
    9417814 
    9414980 
    9413062 
    9408354 
    9408342 
    9408299 
    9399776 
    9393251 
    9393250 
    9382059 
    9380098 
    9378389 
    9369891 
    9365609 
    9362189 
    9361723 
    9361094 
    9361087 
    9361086 
    9360294 
    9355030 
    9352880 
    9351056 
    9339118 
    9336795 
    9333315 
    9327682 
    9324671 
    9322669 
    9322498 
    9317089 
    9317059 
    9316587 
    9312187 
    9311282 
    9310801 
    9308324 
    9299280 
    9298816 
    9289810 
    9288152 
    9286248 
    9279970 
    9278105 
    9264160 
    9263184 
    9255528 
    9255526 
    9246345 
    9246049 
    9244982 
    9244668 
    9235553 
    9235442 
    9229166 
    9211498 
    9211497 
    9211496 
    9209956 
    9209955 
    9209951 
    9207291 
    9207289 
    9206651 
    9202665 
    9198483 
    9195384 
    9195169 
    9189083 
    9188761 
    9187724 
    9187069 
    9184712 
    9176084 
    9175217 
    9174870 
    9173495 
    9163780 
    9157805 
    9157344 
    9155580 
    9155579 
    9149049 
    9149046 
    9148369 
    9145064 
    9144418 
    9136848 
    9133100 
    9115817 
    9113814 
    9113513 
    9101150 
    9098826 
    9098825 
    9094158 
    9094157 
    9094156 
    9094155 
    9093803 
    9092019 
    9074944 
    9071942 
    9071173 
    9070189 
    9070179 
    9058637 
    9058318 
    9058297 
    9058130 
    9057186 
    9057182 
    9052925 
    9046384 
    9041259 
    9034233 
    9028627 
    9024308 
    9018772 
    9006553 
    9002079 
    9001547 
    8995068 
    8981506 
    8981505 
    8981502 
    8981500 
    11361719 
    9594194 
    9389017 
    9388991 
    9367944 
    9243921 
    9239919 
    9193774 
    9138375 
    9131969 
    9120115 
    9116330 
    9091859 
    9081785 
    9046361 
    9026481 
    9024827 
    9020548 
    9013282 
    9013281 
    9013280 
    9013278 
    9013277 
    9011448 
    9010963 
    9005737 
    8991657 
    8975946 
    8964229 
    8962760 
    8956180 
    8955242 
    8954830 
    8951609 
    8946969 
    8945483 
    8942242 
    8939238 
    8931417 
    8927622 
    8919507 
    8905433 
    8899803 
    8899795 
    8899793 
    8891562 
    8888709 
    8888707 
    8888705 
    8887096 
    8887038 
    8884851 
    8884850 
    8877965 
    8877901 
    8877397 
    8875701 
    8869421 
    8865833 
    8865468 
    8865467 
    8862468 
    8858754 
    8858094 
    8857849 
    8856337 
    8856179 
    8856157 
    8844491 
    8840618 
    8840448 
    8838928 
    8831604 
    8831599 
    8830337 
    8830336 
    8830335 
    8827772 
    8808435 
    8807361 
    8801214 
    8801213 
    8794907 
    8794802 
    8792099 
    8789761 
    8788290 
    8786777 
    8784406 
    8783335 
    8776169 
    8774556 
    8772359 
    8760740 
    8759660 
    8754889 
    8751594 
    8744933 
    8743924 
    8740412 
    8740407 
    8740128 
    8739776 
    8735625 
    8729382 
    8724054 
    8723555 
    8723554 
    8720664 
    8720663 
    8717173 
    8707124 
    8690301 
    8689934 
    8689933 
    8685947 
    8685852 
    8685850 
    8684430 
    8677705 
    8674801 
    8672768 
    8669105 
    8667474 
    8665189 
    8661236 
    8661228 
    8661203 
    8659191 
    8658889 
    8656599 
    8656029 
    8656027 
    8654156 
    8653892 
    8653162 
    8644332 
    8632640 
    8632521 
    8625749 
    8624206 
    8623171 
    8619457 
    8619216 
    8619215 
    8606496 
    8602003 
    8598679 
    8598114 
    8597510 
    8554252 
    8554143 
    8536862 
    11256902 
    8882530 
    8857450 
    8851477 
    8838330 
    8825593 
    8751086 
    8731249 
    8708398 
    8611991 
    8595064 
    8577685 
    8577679 
    8574337 
    8570908 
    8568334 
    8568331 
    8562193 
    8554587 
    8554579 
    8548474 
    8540502 
    8536896 
    8536515 
    8535594 
    8533919 
    8532659 
    8532654 
    8532655 
    8531367 
    8530828 
    8527590 
    8526311 
    8525075 
    8521247 
    8520545 
    8519858 
    7899464 
    7899458 
    7899381 
    7895541 
    7890213 
    7875068 
    7844475 
    7817987 
    7809835 
    7802585 
    7794067 
    7793278 
    7792290 
    7791078 
    7787709 
    7780815 
    7766474 
    7761073 
    7749709 
    7748087 
    7740285 
    7717779 
    7708590 
    7670790 
    7668494 
    7668492 
    7667248 
    7666854 
    7664588 
    7661681 
    7659783 
    7659270 
    7658819 
    7648983 
    7645093 
    7642970 
    7641557 
    7624299 
    7622941 
    7616475 
    7594828 
    7594767 
    7590443 
    7587814 
    7587813 
    7587812 
    7587786 
    7587785 
    7587783 
    7587782 
    7582288 
    7573766 
    7573675 
    7571983 
    7570108 
    7558251 
    7551320 
    7550860 
    7548813 
    7547798 
    7547797 
    7547617 
    7545638 
    7545514 
    7545360 
    7545294 
    7545193 
    7544838 
    7544752 
    7544347 
    7543741 
    7543041 
    7543034 
    7542930 
    7542773 
    7542770 
    7542692 
    7542691 
    7542690 
    7541479 
    7541259 
    7540999 
    7540815 
    7540760 
    7540502 
    7540127 
    7539942 
    7539940 
    7539543 
    7539389 
    7539387 
    7539079 
    7537399 
    7537386 
    7537159 
    7537156 
    7537036 
    7536997 
    7536644 
    7536330 
    7535017 
    7534081 
    7530309 
    7528496 
    7528469 
    7489182 
    7483055 
    7482274 
    7482001 
    7481552 
    7481536 
    7479674 
    7479671 
    7479670 
    7479669 
    7479668 
    7474153 
    8650930 
    8311136 
    8310410 
    8285838 
    8284758 
    8208733 
    8199552 
    8197561 
    8194402 
    8190726 
    8174995 
    8165830 
    8163716 
    8149853 
    8147606 
    8123961 
    8091254 
    8088424 
    8086522 
    8086091 
    8080371 
    8079180 
    8076769 
    8076180 
    8071749 
    8071570 
    8071568 
    8071514 
    8062195 
    8061800 
    8061338 
    8061339 
    8055237 
    8047815 
    8043920 
    8034553 
    8020637 
    8017183 
    8014072 
    8010563 
    8003583 
    8000521 
    7993864 
    7988133 
    7983185 
    7963355 
    7959214 
    7945366 
    7944939 
    7941467 
    7926617 
    7926531 
    7926444 
    7924917 
    7912489 
    7910327 
    7907435 
    7868944 
    7853717 
    7853714 
    7843792 
    7828993 
    7827939 
    7826181 
    7820973 
    7811227 
    7809463 
    7809019 
    7809018 
    7803875 
    7772911 
    7555805 
    7543670 
    7541258 
    7536338 
    7536155 
    7534594 
    7533549 
    7533521 
    7532588 
    7531668 
    7531322 
    7531009 
    7530859 
    7528762 
    7528760 
    7528065 
    7527752 
    7527655 
    7526044 
    7525422 
    7525398 
    7525167 
    7524593 
    7524175 
    7524067 
    7524065 
    7523549 
    7523326 
    7523260 
    7523259 
    7523218 
    7521972 
    7521216 
    7520926 
    7520847 
    7520397 
    7520381 
    7520321 
    7519897 
    7517818 
    7517544 
    7517379 
    7517225 
    7517090 
    7517087 
    7516903 
    7516202 
    7515340 
    7515092 
    7515091 
    7514507 
    7513473 
    7513456 
    7513373 
    7513277 
    7513096 
    7512063 
    7511857 
    7511718 
    7510410 
    7509066 
    7509065 
    7508645 
    7506911 
    7506011 
    8519102 
    8516526 
    8514831 
    8511135 
    8508900 
    8501351 
    8494049 
    8492257 
    8486216 
    8483878 
    8479321 
    8479170 
    8472353 
    8460415 
    8460097 
    8460094 
    8460093 
    8448591 
    8447997 
    8446222 
    8441359 
    8439663 
    8431616 
    8422854 
    8422180 
    8420768 
    8420035 
    8417495 
    8409572 
    8407536 
    8402063 
    8381733 
    8380608 
    8353364 
    8352638 
    8352636 
    8351066 
    8350208 
    8342248 
    8330328 
    8330167 
    8326807 
    8303212 
    8302800 
    8283849 
    8283080 
    8283079 
    8272757 
    8271867 
    8270235 
    8252345 
    8248082 
    8242888 
    8230832 
    8228560 
    8225563 
    8220265 
    8218078 
    8212029 
    8208651 
    8169873 
    8163620 
    8159308 
    8145501 
    8139793 
    8133841 
    8128212 
    8119641 
    8119637 
    8107315 
    8105745 
    8103363 
    8096346 
    8055221 
    8049885 
    7902182 
    7826881 
    7694731 
    7694535 
    7693998 
    7692127 
    7691692 
    7690379 
    7690378 
    7689731 
    7689245 
    7687232 
    7687095 
    7686843 
    7686703 
    7685311 
    7685154 
    7684260 
    7684137 
    7683071 
    7682533 
    7681748 
    7681747 
    7681746 
    7681581 
    7680823 
    7680302 
    7679528 
    7679441 
    7679365 
    7679337 
    7679143 
    7678705 
    7678384 
    7678383 
    7678329 
    7678327 
    7678326 
    7678324 
    7678322 
    7678321 
    7678189 
    7520959 
    7512828 
    7512671 
    7509768 
    7509356 
    7508700 
    7508111 
    7508110 
    7507802 
    7506743 
    7506450 
    7506309 
    7506009 
    7505764 
    7505697 
    7505219 
    7504818 
    7504817 
    7504593 
    7504566 
    7504442 
    7504423 
    7504397 
    7504396 
    1345383 
    1739176 
    1735347 
    1733080 
    1732801 
    1728534 
    1641391 
    1636269 
    1630081 
    1626603 
    1625507 
    1619979 
    1615941 
    1602290 
    1594550 
    1590305 
    1589255 
    1583963 
    1583067 
    1580981 
    1566337 
    1565826 
    1557336 
    1527448 
    1526849 
    1526824 
    1526003 
    1523356 
    1520548 
    1519575 
    1515559 
    1514456 
    1511816 
    1494295 
    1489523 
    1488894 
    1472558 
    1471730 
    1471530 
    1448458 
    1444703 
    1444702 
    1444701 
    1439959 
    1438920 
    1434393 
    1427382 
    1426859 
    1419328 
    1419327 
    1410801 
    1404136 
    1385273 
    1385272 
    1385250 
    1385240 
    1384910 
    1384853 
    1384780 
    1384729 
    1384415 
    1384108 
    1384068 
    1383615 
    1383099 
    1383065 
    1382926 
    1382403 
    1381999 
    1381966 
    1381408 
    1381097 
    1381096 
    1381095 
    1380840 
    1380475 
    1380426 
    1380425 
    1380424 
    1379569 
    1379525 
    1379357 
    1378810 
    1378099 
    1377742 
    1377154 
    1376738 
    1376705 
    1375747 
    1375011 
    1374826 
    1374785 
    1374275 
    1374228 
    1374185 
    1373676 
    1373532 
    1373336 
    1373156 
    1372739 
    1372456 
    1372152 
    1371638 
    1371196 
    1371180 
    1370934 
    1370933 
    1370603 
    1370296 
    1370292 
    1364946 
    1340058 
    1335913 
    1308047 
    1306981 
    1306980 
    1294265 
    1289421 
    1289419 
    1285373 
    1284032 
    1283864 
    1283776 
    1283298 
    1282895 
    1282480 
    1282479 
    1282294 
    1281975 
    1281973 
    1281951 
    1281395 
    1281204 
    1280855 
    1280623 
    1280405 
    1280373 
    1280081 
    1280076 
    1279967 
    1279895 
    1279821 
    1279373 
    19160599 
    2062078 
    2058623 
    2051281 
    2051064 
    2048012 
    2033327 
    2033321 
    2033314 
    2009016 
    2007747 
    2004588 
    1996730 
    1992759 
    1990228 
    1950216 
    1946314 
    1937346 
    1928034 
    1916408 
    1898619 
    1878356 
    1872003 
    1867921 
    1855779 
    1855780 
    1855688 
    1843944 
    1826102 
    1820013 
    1820004 
    1820005 
    1806689 
    1801975 
    1798275 
    1780489 
    1779553 
    1757732 
    1755268 
    1751064 
    1744450 
    1744444 
    1744397 
    1726453 
    1726396 
    1725463 
    1724993 
    1724678 
    1724008 
    1724007 
    1723962 
    1723629 
    1723549 
    1723027 
    1722717 
    1722232 
    1722211 
    1722048 
    1721772 
    1720611 
    1720594 
    1720343 
    1719805 
    1719798 
    1719666 
    1719527 
    1719326 
    1717741 
    1717540 
    1717507 
    1717033 
    1715990 
    1715418 
    1715192 
    1715159 
    1715084 
    1714649 
    1714268 
    1713676 
    1713673 
    1713674 
    1713672 
    1713669 
    1713406 
    1712129 
    1712076 
    1710842 
    1710198 
    1710011 
    1709673 
    1709672 
    1709346 
    1709251 
    1709131 
    1709060 
    1707984 
    1707359 
    1707263 
    1707260 
    1707179 
    1706893 
    1706672 
    1706282 
    1706233 
    1706232 
    1706231 
    1706230 
    1705726 
    1705461 
    1705388 
    1704633 
    1704205 
    1704182 
    1702939 
    1702893 
    1702874 
    1684278 
    1680357 
    1672789 
    1646489 
    2399751 
    2390355 
    2387520 
    2375312 
    2366035 
    2366031 
    2364848 
    2364838 
    2364812 
    2360186 
    2357935 
    2352418 
    2351306 
    2349399 
    2344814 
    2343042 
    2343040 
    2336153 
    2335603 
    2329743 
    2327384 
    2315295 
    2315293 
    2307082 
    2300896 
    2288656 
    2283565 
    2275258 
    2263248 
    2251460 
    2244811 
    2244806 
    2240868 
    2233231 
    2230667 
    2230363 
    2224768 
    2223252 
    2214268 
    2212745 
    2205058 
    2192226 
    2189377 
    2186646 
    2183590 
    2180035 
    2178399 
    2170714 
    2167498 
    2149191 
    2119971 
    2119440 
    2119027 
    2107378 
    2103389 
    2102523 
    2100694 
    2081928 
    2081860 
    2074709 
    2074679 
    1981777 
    1972821 
    1967341 
    1725465 
    1723218 
    1720057 
    1718233 
    1717030 
    1711836 
    1711515 
    1708991 
    1707389 
    1705775 
    1705536 
    1705374 
    1702756 
    1702151 
    1701964 
    1700676 
    1700635 
    1700033 
    1699837 
    1699712 
    1699413 
    1699293 
    1699137 
    1698894 
    1698893 
    1698692 
    1698330 
    1698018 
    1698001 
    1697883 
    1697871 
    1697797 
    1696644 
    1696643 
    1696408 
    1696384 
    1696383 
    1696182 
    1695957 
    1694866 
    1694415 
    1694149 
    1692354 
    1691777 
    1691625 
    1691545 
    1691034 
    1690423 
    1690420 
    1690281 
    1689871 
    1689517 
    1689467 
    1689404 
    1689403 
    1689402 
    1689331 
    1689237 
    1689158 
    1688526 
    1688391 
    1688389 
    1688387 
    2919843 
    2814337 
    2813332 
    2813189 
    2802913 
    2799640 
    2799033 
    2795950 
    2791809 
    2787873 
    2782723 
    2774359 
    2765847 
    2757567 
    2756275 
    2755730 
    2754556 
    2749008 
    2740661 
    2738309 
    2736701 
    2733196 
    2732531 
    2729778 
    2729513 
    2717605 
    2711081 
    2700132 
    2694102 
    2691011 
    2689525 
    2680330 
    2674061 
    2659977 
    2655822 
    2654929 
    2648059 
    2648057 
    2640568 
    2618134 
    2618012 
    2617132 
    2612278 
    2611402 
    2606531 
    2602956 
    2600451 
    2597753 
    2584423 
    2577212 
    2575275 
    2573057 
    2572046 
    2566643 
    2564834 
    2563963 
    2515763 
    2501134 
    2500766 
    2494273 
    2488517 
    2484019 
    2483968 
    2483815 
    2483612 
    2482988 
    2482846 
    2481954 
    2481852 
    2481847 
    2480984 
    2480983 
    2480871 
    2480820 
    2480803 
    2480696 
    2480623 
    2480201 
    2480166 
    2479346 
    2479316 
    2479276 
    2479261 
    2479083 
    2479032 
    2479003 
    2479002 
    2478999 
    2478998 
    2478997 
    2478755 
    2478644 
    2478433 
    2478412 
    2478141 
    2477578 
    2477572 
    2477393 
    2477176 
    2476863 
    2476844 
    2476840 
    2476534 
    2476521 
    2475670 
    2474915 
    2474863 
    2474387 
    2474386 
    2474267 
    2474165 
    2474151 
    2474085 
    2474082 
    2473424 
    2473146 
    2473145 
    2471970 
    2471754 
    2471605 
    2471491 
    2471426 
    2471244 
    2470839 
    2470581 
    2470559 
    2470249 
    2469859 
    2469410 
    2469134 
    2468245 
    2468244 
    2468243 
    2468242 
    2468240 
    2468237 
    2468236 
    2468221 
    2467788 
    2467787 
    2467718 
    2467476 
    2467045 
    2467044 
    2466917 
    2466447 
    2466187 
    2466075 
    2465844 
    2465715 
    2465686 
    2464939 
    2464445 
    2463138 
    3415169 
    3415167 
    3410375 
    3409805 
    3398593 
    3387898 
    3384995 
    3375232 
    3375027 
    3362838 
    3361159 
    3345113 
    3344398 
    3341343 
    3335639 
    3285131 
    3267041 
    3258829 
    3255282 
    3250058 
    3233765 
    3232949 
    3232439 
    3223430 
    3209108 
    3206918 
    3189970 
    3168937 
    3168698 
    3073906 
    3064262 
    3055787 
    3054870 
    3048784 
    3047884 
    2974564 
    2969600 
    2902146 
    2898046 
    2896220 
    2830685 
    2484654 
    2473766 
    2472666 
    2472195 
    2472128 
    2470849 
    2470283 
    2469110 
    2468013 
    2467218 
    2466072 
    2464398 
    2463319 
    2462849 
    2461106 
    2460933 
    2460855 
    2459821 
    2459789 
    2459695 
    2459694 
    2459651 
    2459273 
    2458684 
    2458063 
    2458029 
    2458013 
    2457529 
    2457233 
    2456273 
    2456257 
    2456224 
    2456024 
    2455824 
    2455534 
    2455030 
    2455008 
    2454877 
    2454865 
    2454520 
    2454196 
    2453922 
    2453904 
    2453874 
    2453873 
    2453872 
    2453123 
    2452775 
    2452610 
    2452222 
    2452221 
    2451206 
    2450614 
    2450453 
    2450403 
    2449741 
    2447844 
    2447815 
    3829397 
    3827458 
    3824161 
    3824156 
    3816484 
    3803117 
    3692298 
    3678949 
    3673946 
    3672730 
    3671346 
    3653619 
    3628223 
    3623432 
    3623221 
    3612458 
    3594136 
    3594134 
    3587159 
    3568819 
    3566376 
    3556141 
    3551047 
    3548344 
    3543503 
    3541320 
    3499305 
    3494288 
    3493889 
    3451180 
    3446456 
    3438310 
    3432303 
    3308374 
    3308009 
    3295821 
    3125546 
    2885242 
    2883608 
    2829502 
    2452761 
    2452330 
    2452329 
    2452252 
    2450395 
    2449777 
    2449688 
    2448864 
    2448704 
    2447860 
    2447682 
    2447617 
    2447522 
    2447209 
    2447208 
    2447206 
    2446694 
    2445987 
    2445947 
    2445875 
    2445877 
    2445236 
    2445215 
    2445214 
    2445095 
    2444973 
    2444967 
    2444364 
    2444246 
    2443962 
    2443030 
    2442904 
    2442751 
    2442747 
    2442742 
    2442741 
    2442117 
    2441528 
    2440657 
    2440647 
    2440213 
    2440121 
    2440066 
    2439651 
    2439486 
    2439164 
    2438739 
    2438738 
    2437880 
    2437792 
    2437571 
    2436906 
    2436866 
    2436865 
    2436264 
    2435358 
    2433939 
    2431845 
    3958888 
    3945629 
    3807180 
    3792918 
    3788926 
    3764695 
    3757238 
    3750641 
    3719997 
    3719189 
    3717123 
    3713587 
    3704296 
    3693975 
    3658855 
    3643349 
    3577616 
    3562430 
    3542877 
    3533291 
    3529821 
    3529380 
    3524042 
    3521189 
    3510097 
    3493593 
    3492742 
    3488185 
    3469982 
    3459430 
    3112339 
    3095634 
    3094241 
    3093685 
    3087076 
    3009110 
    2876528 
    2445870 
    2445867 
    2437569 
    2437568 
    2437564 
    2436282 
    2436216 
    2435952 
    2433381 
    2433200 
    2432757 
    2432455 
    2432437 
    2432436 
    2431400 
    2431086 
    2431003 
    2430451 
    2430330 
    2430329 
    2429807 
    2429540 
    2429352 
    2429348 
    2428840 
    2427042 
    2426728 
    2426717 
    2426009 
    2425529 
    2425508 
    2425437 
    2424817 
    2424815 
    2424680 
    2424637 
    2424350 
    2424300 
    2424203 
    2424109 
    2422926 
    2422212 
    2422119 
    2422097 
    2421494 
    2421423 
    2421008 
    2420106 
    2419887 
    2419668 
    2419062 
    2418904 
    2418796 
    2418721 
    2418700 
    2418678 
    2418520 
    2417752 
    2416521 
    4088247 
    4084656 
    4073984 
    4063690 
    4060073 
    4032133 
    4029549 
    4028909 
    4017233 
    3998272 
    3996828 
    3991403 
    3974141 
    3968610 
    3967559 
    3966456 
    3965275 
    3939496 
    3937339 
    3924439 
    3915171 
    3912964 
    3911614 
    3900482 
    3899406 
    3890660 
    3890137 
    3887075 
    3882165 
    3881057 
    3878627 
    3877132 
    3874051 
    3859914 
    3847297 
    2988386 
    2984080 
    2582402 
    2581845 
    2581647 
    2581519 
    2581520 
    2581488 
    2581485 
    2581308 
    2580962 
    2580501 
    2580500 
    2580470 
    2580467 
    2580453 
    2580394 
    2580363 
    2580332 
    2580123 
    2579866 
    2579228 
    2578757 
    2578729 
    2578610 
    2578422 
    2578276 
    2578102 
    2424698 
    2422635 
    2422136 
    2421703 
    2421389 
    2420059 
    2420004 
    2418514 
    2418491 
    2418345 
    2418344 
    2417909 
    2417406 
    2417181 
    2417098 
    2416590 
    2416379 
    2416069 
    2415289 
    2415270 
    2414931 
    2414198 
    2414081 
    2413872 
    2413755 
    2413521 
    2413519 
    2413160 
    2412998 
    2412725 
    2412525 
    2412518 
    2412456 
    2412282 
    2412100 
    2411655 
    2411638 
    2411125 
    2410985 
    2410974 
    2410080 
    2409610 
    2409510 
    2408982 
    2408971 
    2408844 
    2408820 
    2408789 
    2408788 
    2408464 
    2408352 
    2408321 
    6744153 
    6738496 
    6732991 
    6732258 
    6725915 
    6723675 
    6703446 
    6697480 
    6692108 
    6611624 
    6611580 
    6610739 
    6568275 
    6546392 
    6545602 
    6532131 
    6529876 
    6522957 
    6516506 
    6502397 
    6497439 
    6492507 
    6434199 
    6398892 
    6398255 
    6394367 
    6382834 
    6381940 
    6376752 
    6335618 
    6333064 
    6331688 
    6210233 
    6209817 
    6209524 
    6209036 
    6208966 
    6208766 
    6208711 
    6208395 
    6208164 
    6208075 
    6207784 
    6207783 
    6207541 
    6207515 
    6207085 
    6206908 
    6206822 
    6206532 
    6206023 
    6205229 
    6204174 
    6203450 
    6203448 
    6203446 
    6203179 
    6203159 
    6203022 
    6202958 
    6202931 
    6202860 
    6202586 
    6202042 
    6201519 
    6201050 
    6200944 
    6200743 
    6200278 
    6200277 
    6200276 
    6199852 
    6199589 
    6199486 
    6199168 
    6197893 
    6197880 
    6085898 
    6085419 
    6085257 
    6085213 
    6085027 
    6084727 
    6084698 
    6084293 
    6084291 
    6084279 
    6084266 
    6084232 
    6083967 
    6083656 
    6083583 
    6083538 
    6883934 
    6881731 
    6876500 
    6876417 
    6874317 
    6868288 
    6862157 
    6849038 
    6839906 
    6681151 
    6653424 
    6638056 
    6628928 
    6616036 
    6607580 
    6345314 
    6345304 
    6337475 
    6318323 
    6312860 
    6305606 
    6201711 
    6201708 
    6201096 
    6199049 
    6198809 
    6197749 
    6197694 
    6197602 
    6197559 
    6197172 
    6196982 
    6196981 
    6196633 
    6196310 
    6195978 
    6195746 
    6195377 
    6195060 
    6194720 
    6194630 
    6194568 
    6194089 
    6193932 
    6193905 
    6193336 
    6193140 
    6193078 
    6192363 
    6192199 
    6191980 
    6191054 
    6190780 
    6190444 
    6190043 
    6189637 
    6189182 
    6188715 
    6188631 
    6188210 
    6188148 
    6188094 
    6187904 
    6187391 
    6186799 
    6186758 
    6186445 
    6186141 
    6185763 
    6085498 
    6084272 
    7182700 
    7172958 
    7149457 
    7136429 
    7108713 
    7100478 
    7055934 
    7042178 
    6977416 
    6925526 
    6889931 
    6756832 
    6212499 
    6190062 
    6188191 
    6187960 
    6187951 
    6187148 
    6187056 
    6186009 
    6185719 
    6185717 
    6185405 
    6184898 
    6184701 
    6184470 
    6184113 
    6183832 
    6183728 
    6183629 
    6182860 
    6182606 
    6182081 
    6181957 
    6181939 
    6181693 
    6181656 
    6181574 
    6181286 
    6181241 
    6180850 
    6180818 
    6180623 
    6180559 
    6179721 
    6179559 
    6179433 
    6178948 
    6178287 
    6178018 
    6177563 
    6177298 
    6176916 
    6176706 
    6176214 
    6176193 
    6176180 
    6176055 
    6175373 
    6175284 
    6175221 
    6175032 
    6174826 
    6174389 
    6173564 
    6173021 
    6172313 
    6172175 
    6171899 
    7349583 
    7345042 
    7324800 
    7323719 
    7310611 
    7283572 
    7279784 
    7279782 
    7274968 
    7257478 
    7249890 
    7234189 
    7227855 
    7222611 
    7218391 
    7212801 
    7211240 
    7194862 
    7033639 
    7029934 
    7029179 
    7022037 
    6974558 
    6974412 
    6971955 
    6914901 
    6784611 
    6178457 
    6176084 
    6174900 
    6174346 
    6173979 
    6173960 
    6173952 
    6173479 
    6173002 
    6172947 
    6171474 
    6170516 
    6170231 
    6169087 
    6169081 
    6168662 
    6168606 
    6168240 
    6167973 
    6167485 
    6167484 
    6167254 
    6166897 
    6166815 
    6166043 
    6165233 
    6165160 
    6164891 
    6164430 
    6164429 
    6164295 
    6163980 
    6163979 
    6163865 
    6163353 
    6162711 
    6162432 
    6161763 
    7460109 
    7450390 
    7384747 
    7368101 
    7363165 
    7351193 
    7231733 
    7208153 
    7206731 
    6998284 
    6777862 
    6768533 
    6446506 
    6255794 
    6245147 
    6177652 
    6169250 
    6164501 
    6164376 
    6163389 
    6163368 
    6163128 
    6163058 
    6163000 
    6162302 
    6162288 
    6161597 
    6161412 
    6161410 
    6161363 
    6161340 
    6161302 
    6161096 
    6161055 
    6160901 
    6160768 
    6160621 
    6160455 
    6160284 
    6160084 
    6160076 
    6159772 
    6159693 
    6159667 
    6158394 
    6157436 
    6157384 
    6157222 
    6156245 
    6155893 
    6155747 
    6155320 
    6155312 
    6155308 
    6155241 
    6154908 
    6154907 
    6154306 
    6154284 
    6153818 
    6153789 
    6153712 
    6153522 
    6153372 
    6111272 
    6104565 
    759528 
    758695 
    571027 
    539206 
    520770 
    520108 
    517499 
    517018 
    512989 
    507495 
    503037 
    495029 
    491816 
    488623 
    477469 
    471277 
    468570 
    463848 
    462067 
    461154 
    459284 
    458537 
    456844 
    454154 
    453456 
    452837 
    452756 
    449415 
    447031 
    441682 
    433902 
    432812 
    428707 
    426552 
    424684 
    424384 
    419430 
    419422 
    419037 
    398236 
    395059 
    383636 
    381092 
    364704 
    315099 
    314708 
    312598 
    291412 
    229707 
    223121 
    155573 
    111594 
    106781 
    95609 
    95608 
    95369 
    95130 
    94194 
    94176 
    93658 
    93656 
    92342 
    89560 
    86264 
    84661 
    40607 
    34505 
    742615 
    742604 
    741837 
    737596 
    734563 
    725210 
    725209 
    717351 
    715430 
    711380 
    710862 
    706427 
    704529 
    698650 
    696715 
    691721 
    686887 
    685950 
    683071 
    673950 
    669579 
    668141 
    668139 
    665125 
    663590 
    656760 
    652610 
    651149 
    650364 
    647916 
    647564 
    646567 
    646495 
    644780 
    641400 
    635294 
    633042 
    631091 
    623083 
    580774 
    563859 
    416763 
    371207 
    369359 
    360449 
    356592 
    351584 
    344987 
    344159 
    338192 
    308466 
    281192 
    201841 
    122602 
    105910 
    96436 
    95704 
    95539 
    81790 
    80133 
    79773 
    76239 
    76012 
    40378 
    33553 
    929110 
    929106 
    926833 
    925746 
    918592 
    918559 
    917332 
    900678 
    900101 
    895030 
    893780 
    890263 
    888095 
    884885 
    883400 
    883291 
    880639 
    877857 
    877854 
    874677 
    871055 
    870964 
    868840 
    867710 
    865077 
    863447 
    862010 
    857385 
    855619 
    855343 
    850868 
    848659 
    841462 
    834966 
    833657 
    617496 
    617497 
    606175 
    605280 
    605031 
    604191 
    604190 
    602326 
    599005 
    596358 
    590705 
    589222 
    588648 
    578887 
    562776 
    410152 
    406369 
    404460 
    404058 
    402305 
    338412 
    319521 
    307904 
    302802 
    300860 
    267465 
    139754 
    97129 
    75033 
    73498 
    1278723 
    1274925 
    1274920 
    1269976 
    1263373 
    1261883 
    1261763 
    1257519 
    1257514 
    1256336 
    1256331 
    1254141 
    1251128 
    1249878 
    1247148 
    1106910 
    1086098 
    1083738 
    1071539 
    1033749 
    1028874 
    1024194 
    1018956 
    1011827 
    1011734 
    1009641 
    1007339 
    1002047 
    999418 
    995607 
    995311 
    990702 
    984989 
    984927 
    984019 
    983661 
    982258 
    982210 
    980712 
    980709 
    980035 
    979600 
    976808 
    976691 
    976690 
    968732 
    966541 
    964085 
    962008 
    961663 
    961320 
    960936 
    960469 
    955498 
    955346 
    955345 
    954524 
    953466 
    952325 
    952274 
    950100 
    950087 
    944005 
    941083 
    940633 
    935082 
    829362 
    817171 
    813916 
    798458 
    793179 
    793161 
    785590 
    781463 
    779136 
    779067 
    779003 
    775610 
    206333 
    188025 
    175271 
    69982 
    1235217 
    1234102 
    1215092 
    1210107 
    1202281 
    1200523 
    1200011 
    1199058 
    1198237 
    1195593 
    1187218 
    1181913 
    1179947 
    1178504 
    1168998 
    1165665 
    1163973 
    1162566 
    1162426 
    1157317 
    1154057 
    1153948 
    1153305 
    1152471 
    1147712 
    1146807 
    1146795 
    1145440 
    1143673 
    1142706 
    1142616 
    1138589 
    1130848 
    1130359 
    1129680 
    1129115 
    1127085 
    1124351 
    1122153 
    1122061 
    1121792 
    1119789 
    1119297 
    1118230 
    1117961 
    1115050 
    1114427 
    1113912 
    1113507 
    1110867 
    1105788 
    1100554 
    1099813 
    1099614 
    1094193 
    1093948 
    1090161 
    1089836 
    1081208 
    1057409 
    1056723 
    1056722 
    1056698 
    809912 
    805386 
    804138 
    803463 
    775868 
    769818 
    241136 
    236739 
    236650 
    178106 
    48586 
    48275 
    47428 
    4858044 
    4858043 
    4856586 
    4852110 
    4851985 
    4851614 
    4836508 
    4835936 
    4835417 
    4835329 
    4834918 
    4834841 
    4834279 
    4832251 
    4831866 
    4829748 
    4828490 
    4823837 
    4821307 
    4820606 
    4819895 
    4819206 
    4817876 
    4816150 
    4812120 
    4812119 
    4810863 
    4810815 
    4809951 
    4808576 
    4612874 
    4612794 
    4605307 
    4600765 
    4600577 
    4595174 
    4590900 
    4549525 
    4548981 
    4547422 
    4546051 
    4544270 
    4543523 
    4464739 
    4463664 
    4462344 
    4459847 
    4454255 
    4451382 
    4449794 
    4446528 
    4445673 
    4445166 
    4440668 
    4440094 
    4440043 
    4439532 
    4437098 
    4437097 
    4432043 
    4431587 
    4428365 
    4424489 
    4422474 
    4417784 
    4415389 
    4414654 
    4413237 
    4409711 
    4408947 
    4406741 
    4220138 
    4219089 
    4216958 
    4216653 
    4211904 
    4206862 
    4206450 
    4204671 
    4140697 
    4134700 
    4799625 
    4796884 
    4793983 
    4793894 
    4788799 
    4785564 
    4781561 
    4780005 
    4779594 
    4775044 
    4774862 
    4774563 
    4774430 
    4763956 
    4761525 
    4758974 
    4755209 
    4754275 
    4746372 
    4745168 
    4741608 
    4724921 
    4723373 
    4723107 
    4721520 
    4720681 
    4720152 
    4717712 
    4717586 
    4717044 
    4716531 
    4713507 
    4713225 
    4702955 
    4701865 
    4701640 
    4701575 
    4700015 
    4699196 
    4697072 
    4693030 
    4691868 
    4689699 
    4688002 
    4687880 
    4686768 
    4685919 
    4631181 
    4614151 
    4612680 
    4582128 
    4575869 
    4574001 
    4571742 
    4571157 
    4570544 
    4542293 
    4541803 
    4405192 
    4362577 
    4355449 
    4348813 
    4269411 
    4202758 
    4198367 
    4150495 
    4130980 
    4128001 
    5087092 
    5085461 
    5073079 
    5070694 
    5069357 
    5065301 
    5060853 
    5055745 
    5047759 
    5044541 
    5044416 
    5042804 
    5042218 
    5041306 
    5039630 
    5036400 
    5032682 
    5030741 
    5029069 
    5026794 
    5021555 
    5018790 
    5012348 
    4681361 
    4679520 
    4676634 
    4675687 
    4664060 
    4662806 
    4660923 
    4658575 
    4657575 
    4655571 
    4655182 
    4655084 
    4651895 
    4651091 
    4649229 
    4643494 
    4643077 
    4637016 
    4623549 
    4621879 
    4563884 
    4562461 
    4560731 
    4559467 
    4557978 
    4551967 
    4539002 
    4536985 
    4501627 
    4403006 
    4343858 
    4340519 
    4268053 
    4206138 
    4117766 
    4112575 
    5581329 
    5580258 
    5577379 
    5576005 
    5575492 
    5569704 
    5563782 
    5561607 
    5560706 
    5555184 
    5554422 
    5552719 
    5551439 
    5549355 
    5547909 
    5543873 
    5543253 
    5540831 
    5315480 
    5314536 
    5292447 
    5284144 
    5281506 
    5173536 
    5160888 
    5152868 
    5146535 
    5144976 
    5144186 
    5143215 
    5142440 
    5136357 
    5134144 
    5132218 
    5131480 
    5128542 
    5125685 
    5124199 
    5122617 
    5120197 
    5114109 
    5113749 
    5098885 
    5094654 
    5092116 
    5090685 
    5089347 
    5000609 
    4950887 
    4949137 
    4401872 
    4326550 
    4324182 
    5530372 
    5528006 
    5523414 
    5520915 
    5513770 
    5510148 
    5504765 
    5504017 
    5494089 
    5491866 
    5488316 
    5486883 
    5485836 
    5476639 
    5475046 
    5473435 
    5460418 
    5458534 
    5457051 
    5453361 
    5447720 
    5445859 
    5445353 
    5444484 
    5444476 
    5443968 
    5437989 
    5431750 
    5431213 
    5429616 
    5420668 
    5420667 
    5419520 
    5416583 
    5416253 
    5410563 
    5314639 
    5314339 
    5312116 
    5273572 
    4996783 
    4989576 
    4988626 
    4983998 
    4928885 
    4922745 
    4915945 
    4316108 
    5819657 
    5819278 
    5818806 
    5812612 
    5811751 
    5810450 
    5800831 
    5800185 
    5794892 
    5794400 
    5793944 
    5791874 
    5791044 
    5785540 
    5781669 
    5780073 
    5777908 
    5768077 
    5768021 
    5766442 
    5765644 
    5765134 
    5764208 
    5406803 
    5382045 
    5378363 
    5371475 
    5364548 
    5360312 
    5356900 
    5352256 
    5350739 
    5310636 
    5307000 
    5306483 
    5306334 
    5305638 
    5304993 
    4897405 
    4895391 
    4894558 
    4892955 
    4892062 
    4885355 
    4387817 
    4327256 
    4309013 
    4306996 
    4184942 
    5755198 
    5746191 
    5744977 
    5743362 
    5742757 
    5736663 
    5736659 
    5736656 
    5723864 
    5719613 
    5718668 
    5714243 
    5710619 
    5696326 
    5695505 
    5695459 
    5691953 
    5690988 
    5687926 
    5677741 
    5677136 
    5674612 
    5674611 
    5674610 
    5674609 
    5673842 
    5671759 
    5668577 
    5658636 
    5657779 
    5657699 
    5657432 
    5650746 
    5650459 
    5649003 
    5647568 
    5646210 
    5644857 
    5643130 
    5638518 
    5638282 
    5635313 
    5302109 
    5300957 
    5300526 
    5299875 
    4975772 
    4971788 
    4876493 
    4317715 
    4237139 
    4176994 
    6076712 
    6076130 
    6064511 
    6064510 
    6058792 
    6039730 
    6039573 
    6039057 
    6038435 
    6030839 
    6030836 
    6030835 
    6027164 
    6024682 
    6019223 
    6018801 
    6018296 
    5627752 
    5623345 
    5617496 
    5617394 
    5616608 
    5611455 
    5607213 
    5602414 
    5597178 
    5592201 
    5591889 
    5586050 
    5586015 
    5585822 
    5338911 
    5338910 
    5311008 
    5304653 
    4963682 
    4879133 
    4875861 
    4866570 
    4860622 
    4302589 
    6015014 
    6003041 
    6002324 
    6001772 
    5995957 
    5991928 
    5991753 
    5991059 
    5986616 
    5980622 
    5978229 
    5975327 
    5964493 
    5941152 
    5934214 
    5927260 
    5926539 
    5920956 
    5920955 
    5917796 
    5303080 
    5300961 
    5300697 
    5298571 
    5297061 
    5297037 
    4871994 
    4175718 
    4174882 
    14331009 
    14318393 
    14297062 
    5888910 
    5888895 
    5871894 
    5864127 
    5859280 
    5854297 
    5846040 
    5835199 
    5826228 
    5324890 
    5295926 
    5215226 
    14242463 
    14231506 
    14217753 
    14217738 
    14215811 
    14213840 
    14207131 
    14200163 
    14190922 
    14184009 
    14171252 
    14164523 
    14161725 
    14148025 
    14146747 
    14145122 
    14143422 
    14141910 
    14130486 
    14117636 
    14113727 
    14111484 
    14141024 
    14111000 
    14108502 
    14092989 
    14091895 
    14088866 
    14086625 
    14058694 
    14056640 
    14048956 
    14045606 
    14019890 
    13972219 
    13930242 
    13899828 
    13874201 
    13685252 
    14438358 
    13852165 
    13806339 
    13799618 
    13793049 
    13823931 
    13648517 
    13582497 
    13541012 
    13486747 
    13434588 
    13410166 
    13368740 
    13215135 
    12997887 
    14902852 
    14901272 
    13014047 
    12981835 
    14876349 
    14840605 
    15410730 
    15405025 
    14770757 
    18913565 
    18871658 
    18107011 
    20243512 
