Topic: CD011602 

Title: Ultrasonography for diagnosis of alcoholic cirrhosis in people with alcoholic liver disease 

Query: 
exp Ultrasonography/
(ultrason* or ultrasound* or echograph* or echotomograph* or doppler* or B-mode or B-scan or grey*scale).mp.
1 or 2
exp Liver Cirrhosis/
((hepatic or liver) and (fibrosis or cirrhosis)).mp.
4 or 5
3 and 6
limit 7 to ed=19460101-20150131 

Pids: 
    24507687 
    23790340 
    12585026 
    10518143 
    8860741 
    9243126 
    9018011 
    8739089 
    8643222 
    8359558 
    2437509 
    2292350 
    2153948 
    1916038 
    8893160 
    8773337 
    2036736 
    1857470 
    11799289 
    9693223 
    17962856 
    8253464 
    2426809 
    2406966 
    2247819 
    1644440 
    21167101 
    18492418 
    20615004 
    11883374 
    9247499 
    8462804 
    8335205 
    8276189 
    8174890 
    8119542 
    3891495 
    3522343 
    3292338 
    3053317 
    2972584 
    2935445 
    2469617 
    2416627 
    2416625 
    2408960 
    2186953 
    1983817 
    1936804 
    1537494 
    1537492 
    1451980 
    1321773 
    10994346 
    162803 
    23141890 
    22678001 
    17679461 
    2446409 
    10915656 
    8214067 
    1359754 
    1351356 
    16874675 
    12408465 
    11471892 
    2466093 
    12947880 
    25528856 
    25470870 
    25444098 
    25444097 
    25427743 
    25427735 
    25358226 
    25338331 
    25305124 
    25300557 
    25296461 
    25260691 
    25243961 
    25211789 
    25203705 
    25173221 
    25157646 
    25148183 
    25113295 
    25051849 
    25051839 
    25051838 
    25043847 
    25041708 
    25029872 
    25025464 
    25007047 
    24990107 
    24973677 
    24973676 
    24964792 
    24961024 
    24910123 
    24905107 
    24901778 
    24901146 
    24893048 
    24889168 
    24874413 
    24864468 
    24863168 
    24861297 
    24861284 
    24849162 
    24849157 
    24842936 
    24837697 
    24835213 
    24835004 
    24827653 
    24827629 
    24802031 
    24800570 
    24791845 
    24791844 
    24791843 
    24783906 
    24769462 
    24764341 
    24764334 
    24761692 
    24760062 
    24759362 
    24757662 
    24755824 
    24753706 
    24750394 
    24750382 
    24750297 
    24741616 
    24736610 
    24729970 
    24721240 
    24719241 
    24707552 
    24704629 
    24691628 
    24690404 
    24679189 
    24677195 
    24676783 
    24671009 
    24666822 
    24659368 
    24657103 
    24656139 
    24651048 
    24650960 
    24646346 
    24643284 
    24637477 
    24637083 
    24632767 
    24630507 
    24626745 
    24620910 
    24616589 
    24614751 
    24612251 
    24611771 
    24608579 
    24607624 
    24585431 
    24574802 
    24574716 
    24574713 
    24567931 
    24567455 
    24566106 
    24555633 
    24555590 
    24548819 
    24532376 
    24528633 
    24523191 
    24520400 
    24519328 
    24512822 
    24510459 
    24510458 
    24509356 
    24505371 
    24494839 
    24494840 
    24487698 
    24485827 
    24485543 
    24481324 
    24471572 
    24462884 
    24461764 
    24452634 
    24449721 
    24449379 
    24449348 
    24428283 
    24424890 
    24423338 
    24419395 
    24416739 
    24415876 
    24412930 
    24411536 
    24402536 
    24402535 
    24390241 
    24389304 
    24387826 
    24383922 
    24380640 
    24378271 
    24378264 
    24373091 
    24373084 
    24371101 
    24371100 
    24371099 
    24370782 
    24366108 
    24365277 
    24360231 
    24355660 
    24338811 
    24333254 
    24328372 
    24325607 
    24325579 
    24323177 
    24321540 
    24315391 
    24308785 
    24308774 
    24308698 
    24290839 
    24290780 
    24277656 
    24275378 
    24266918 
    24266917 
    24266913 
    24261924 
    24246063 
    24231289 
    24224484 
    24219115 
    24213302 
    24212015 
    24211744 
    24173273 
    24164902 
    24163010 
    24158528 
    24134059 
    24131545 
    24128413 
    24123097 
    24115368 
    24081537 
    24068459 
    24064151 
    24059653 
    24055985 
    24048678 
    24038116 
    24033786 
    24028214 
    24021426 
    24007567 
    23998489 
    23928932 
    23913702 
    23891139 
    23811938 
    23681425 
    23589232 
    23413115 
    23267234 
    25055376 
    25046885 
    24851525 
    24851523 
    24818385 
    24812884 
    24772877 
    24772867 
    24772665 
    24640862 
    24640675 
    24490306 
    24483103 
    24459956 
    24459644 
    24459641 
    24459640 
    24459638 
    24386499 
    24369318 
    24362094 
    24349054 
    24340510 
    24338199 
    24335341 
    24331694 
    24330989 
    24327731 
    24319855 
    24307804 
    24304456 
    24304452 
    24287756 
    24286095 
    24282341 
    24270110 
    24260826 
    24260445 
    24246080 
    24244641 
    24243519 
    24226646 
    24206738 
    24187450 
    24183169 
    24171292 
    24165222 
    24159626 
    24157113 
    24157028 
    24151351 
    24144538 
    24133663 
    24132449 
    24131865 
    24124668 
    24119740 
    24115827 
    24114824 
    24112253 
    24108556 
    24108378 
    24106414 
    24100261 
    24091516 
    24091515 
    24079694 
    24078985 
    24074710 
    24073982 
    24070151 
    24061203 
    24050879 
    24034200 
    24034044 
    24034020 
    24030080 
    24029696 
    24027255 
    24026173 
    24020975 
    24018495 
    24018492 
    24015232 
    24014732 
    24012221 
    24010245 
    24005067 
    23993170 
    23992699 
    23982100 
    23971934 
    23970322 
    23969165 
    23966015 
    23954643 
    23946588 
    23945259 
    23941999 
    23941362 
    23940514 
    23932281 
    23932277 
    23930869 
    23924687 
    23923970 
    23914640 
    23912619 
    23907333 
    23905811 
    23901097 
    23899675 
    23898564 
    23898563 
    23896321 
    23895139 
    23894066 
    23891436 
    23886398 
    23885918 
    23876594 
    23867950 
    23865716 
    23864802 
    23861518 
    23859493 
    23859217 
    23853345 
    23849588 
    23839480 
    23837611 
    23837140 
    23834998 
    23831906 
    23830788 
    23829381 
    23828744 
    23828202 
    23826598 
    23820503 
    23820499 
    23813139 
    23813137 
    23813135 
    23809908 
    23808910 
    23808759 
    23802661 
    23801852 
    23801420 
    23801388 
    23799224 
    23799214 
    23796871 
    23792523 
    23792028 
    23791352 
    23769756 
    23768703 
    23760376 
    23759423 
    23757989 
    23750991 
    23745216 
    23745019 
    23743106 
    23742625 
    23736148 
    23735764 
    23732613 
    23732467 
    23726257 
    23721951 
    23720196 
    23716988 
    23715368 
    23712051 
    23707368 
    23703953 
    23702501 
    23702500 
    23702499 
    23698619 
    23696309 
    23696064 
    23692908 
    23687416 
    23670503 
    23669282 
    23666158 
    23665399 
    23660078 
    23657891 
    23656420 
    23656419 
    23653935 
    23647426 
    23647265 
    23647173 
    23634670 
    23630312 
    23629600 
    23628512 
    23623211 
    23622711 
    23619264 
    23618583 
    23617332 
    23616066 
    23615223 
    23611607 
    23611316 
    23611144 
    23607636 
    23602805 
    23597924 
    23592128 
    23591299 
    23582048 
    23579506 
    23578275 
    23569334 
    23567179 
    23564711 
    23562022 
    23560827 
    23557139 
    23555619 
    23554863 
    23551633 
    23548102 
    23546560 
    23539048 
    23538889 
    23534616 
    23534297 
    23529364 
    23529326 
    23528664 
    23528661 
    23528378 
    23525270 
    23525208 
    23523843 
    23523840 
    23523836 
    23523835 
    23523513 
    23520531 
    23517019 
    23516679 
    23513790 
    23513788 
    23510964 
    23510533 
    23504622 
    23493201 
    23490368 
    23486619 
    23485522 
    23483022 
    23482364 
    23475459 
    23475092 
    23467960 
    23466864 
    23466574 
    23460496 
    23458602 
    23458242 
    23453582 
    23453412 
    23453323 
    23452021 
    23451000 
    23447459 
    23445369 
    23443626 
    23442840 
    23440167 
    23435257 
    23432782 
    23428853 
    23428852 
    23428851 
    23426089 
    23423795 
    23421814 
    23418135 
    23411868 
    23405889 
    23404173 
    23396749 
    23396746 
    23396730 
    23395320 
    23391746 
    23390114 
    23389058 
    23384988 
    23383606 
    23382630 
    23381015 
    23363263 
    23361108 
    23358055 
    23354188 
    23350905 
    23348020 
    23344888 
    23341394 
    23337478 
    23333447 
    23329465 
    23326162 
    23321316 
    23319086 
    23318478 
    23318116 
    23316084 
    23315651 
    23314828 
    23306849 
    23300987 
    23299663 
    23295050 
    23293200 
    23293198 
    23293196 
    23293194 
    23293193 
    23293192 
    23293060 
    23292871 
    23281171 
    23280450 
    23280434 
    23278163 
    23273679 
    23273500 
    23271404 
    23269717 
    23268381 
    23262512 
    23262248 
    23261413 
    23245820 
    23237012 
    23233006 
    23220900 
    23216352 
    23206615 
    23205894 
    23195134 
    23192669 
    23180403 
    23179521 
    23175136 
    23172594 
    23164570 
    23147518 
    23146095 
    23142969 
    23142332 
    23141870 
    23136951 
    23129518 
    23124603 
    23121638 
    23116806 
    23114792 
    23111632 
    23095137 
    23094755 
    23093087 
    23072585 
    23065124 
    23065020 
    23062410 
    23058320 
    23054887 
    23054124 
    23041322 
    23041091 
    23038792 
    23022955 
    23022698 
    23022425 
    23010890 
    23001077 
    22992895 
    22989573 
    22975800 
    22965536 
    22958907 
    22941014 
    22941012 
    22922372 
    22903182 
    22899556 
    22840302 
    22836161 
    22827451 
    22790906 
    22734850 
    22705804 
    22683176 
    22594482 
    22323003 
    22166370 
    22102556 
    21955275 
    24669623 
    23885407 
    23862252 
    23627033 
    23588461 
    23484261 
    23424926 
    23409513 
    23373268 
    23367429 
    23318064 
    23298656 
    23286803 
    23286100 
    23285534 
    23284811 
    23279774 
    23272522 
    23269016 
    23259336 
    23258240 
    23256120 
    23256119 
    23242023 
    23227531 
    23227530 
    23225535 
    23220842 
    23217355 
    23214350 
    23214221 
    23214202 
    23207318 
    23206301 
    23173929 
    23161308 
    23154871 
    23146511 
    23146510 
    23122456 
    23114742 
    23111977 
    23109464 
    23095613 
    23092198 
    23090817 
    23090807 
    23082200 
    23077885 
    23073869 
    23070933 
    23066317 
    23049764 
    23047637 
    23045734 
    23033169 
    23032979 
    23029589 
    23023450 
    23023267 
    23018541 
    23012010 
    23006459 
    23002354 
    23000186 
    22993104 
    22990555 
    22987755 
    22986832 
    22986694 
    22980596 
    22980594 
    22980591 
    22980590 
    22975039 
    22974917 
    22974914 
    22971287 
    22971279 
    22970270 
    22967102 
    22965629 
    22964440 
    22957761 
    22957387 
    22957328 
    22955025 
    22949120 
    22945816 
    22943453 
    22937583 
    22932189 
    22931398 
    22921672 
    22919248 
    22912545 
    22909305 
    22902757 
    22893866 
    22893489 
    22888308 
    22884737 
    22883646 
    22882699 
    22880436 
    22877310 
    22876042 
    22872942 
    22870795 
    22867094 
    22865025 
    22864589 
    22863270 
    22851868 
    22848732 
    22847895 
    22846860 
    22846859 
    22846857 
    22841263 
    22841198 
    22837289 
    22836663 
    22833202 
    22824483 
    22824481 
    22822619 
    22819919 
    22819864 
    22815421 
    22810705 
    22810366 
    22806149 
    22799171 
    22798113 
    22796457 
    22796373 
    22791946 
    22791123 
    22790901 
    22788929 
    22781218 
    22778696 
    22777877 
    22777306 
    22772739 
    22768812 
    22767302 
    22763769 
    22752441 
    22752370 
    22744318 
    22736923 
    22733889 
    22733854 
    22729597 
    22727143 
    22723037 
    22723030 
    22723029 
    22723025 
    22721839 
    22720299 
    22720274 
    22719190 
    22716936 
    22712705 
    22706148 
    22702114 
    22700634 
    22700624 
    22699746 
    22699260 
    22698510 
    22697282 
    22690074 
    22688146 
    22682485 
    22672830 
    22672642 
    22672640 
    22672330 
    22672067 
    22671952 
    22670635 
    22662598 
    22652148 
    22648049 
    22643348 
    22633572 
    22626802 
    22626273 
    22618966 
    22617153 
    22610122 
    22610005 
    22609320 
    22609297 
    22609296 
    22587974 
    22579536 
    22576780 
    22576297 
    22574212 
    22569825 
    22568417 
    22563176 
    22560819 
    22560536 
    22554520 
    22553410 
    22553290 
    22538068 
    22537436 
    22536445 
    22535689 
    22534116 
    22531844 
    22523374 
    22521558 
    22521554 
    22521355 
    22520641 
    22519948 
    22512436 
    22507099 
    22504244 
    22503893 
    22497527 
    22493553 
    22488634 
    22488593 
    22481681 
    22481461 
    22481447 
    22473911 
    22472055 
    22469726 
    22464784 
    22460963 
    22453133 
    22449160 
    22447294 
    22435761 
    22432969 
    22432836 
    22425495 
    22425355 
    22424346 
    22418880 
    22416182 
    22414567 
    22414330 
    22410072 
    22408151 
    22405076 
    22404722 
    22404692 
    22404267 
    22395188 
    22393134 
    22392171 
    22391344 
    22390346 
    22387030 
    22386275 
    22385985 
    22385886 
    22384189 
    22374994 
    22374576 
    22374276 
    22370134 
    22368127 
    22361850 
    22357888 
    22357223 
    22354462 
    22353262 
    22352098 
    22349235 
    22346246 
    22345333 
    22343419 
    22341049 
    22333291 
    22328022 
    22325417 
    22325391 
    22322479 
    22318982 
    22314420 
    22313640 
    22307871 
    22302863 
    22302243 
    22294837 
    22289876 
    22289875 
    22287594 
    22285146 
    22285001 
    22282248 
    22278746 
    22278368 
    22278345 
    22271046 
    22269763 
    22261511 
    22261353 
    22257449 
    22249087 
    22246952 
    22245696 
    22245571 
    22241510 
    22239518 
    22239521 
    22233410 
    22229701 
    22229041 
    22223175 
    22222050 
    22215193 
    22207268 
    22203063 
    22200757 
    22198484 
    22197275 
    22192237 
    22189509 
    22187167 
    22178165 
    22173167 
    22170417 
    22161648 
    22156856 
    22156706 
    22153061 
    22143359 
    22140010 
    22140006 
    22135089 
    22119555 
    22110476 
    22103765 
    22103568 
    22100369 
    22098684 
    22095753 
    22050293 
    22044972 
    22027584 
    22008893 
    22008629 
    22006503 
    22006447 
    22002910 
    22002843 
    21987293 
    21967341 
    21952989 
    21946021 
    21935919 
    21934527 
    21931376 
    21930442 
    21920839 
    21909721 
    21907650 
    21907377 
    21904887 
    21901286 
    21898504 
    21898479 
    21894508 
    21889468 
    21884671 
    21871027 
    21871021 
    21861093 
    21853247 
    21846782 
    21827733 
    21793821 
    21792618 
    21781944 
    21771664 
    21767510 
    21760546 
    21741785 
    21733953 
    21703178 
    21679921 
    21630184 
    21584637 
    21514759 
    21447142 
    21424907 
    21343319 
    21224305 
    21216123 
    21114800 
    23126051 
    22808613 
    22629742 
    22462232 
    22409854 
    22379833 
    22355969 
    22319958 
    22255494 
    22238965 
    22234075 
    22229202 
    22218047 
    22217358 
    22212935 
    22212934 
    22202420 
    22199333 
    22194051 
    22193346 
    22180989 
    22180005 
    22176964 
    22168088 
    22168074 
    22166551 
    22161557 
    22161554 
    22156359 
    22147963 
    22144108 
    22138940 
    22129438 
    22124551 
    22110230 
    22108313 
    22082207 
    22081615 
    22057624 
    22046940 
    22046877 
    22045400 
    22045398 
    22045396 
    22033130 
    22013800 
    22009618 
    22003641 
    21988049 
    21987625 
    21979207 
    21971536 
    21971377 
    21971343 
    21956369 
    21945273 
    21941191 
    21935699 
    21932397 
    21932355 
    21932320 
    21928307 
    21926952 
    21926379 
    21924817 
    21918930 
    21916815 
    21914085 
    21914073 
    21912056 
    21911887 
    21905976 
    21896040 
    21894289 
    21894287 
    21894286 
    21893435 
    21893271 
    21890080 
    21873855 
    21866822 
    21857222 
    21855538 
    21853752 
    21852224 
    21849758 
    21841341 
    21840516 
    21839283 
    21838985 
    21830418 
    21830414 
    21822591 
    21822174 
    21820397 
    21814142 
    21813388 
    21813376 
    21805422 
    21805255 
    21805170 
    21801502 
    21800340 
    21793024 
    21788761 
    21783442 
    21783282 
    21779759 
    21776814 
    21775051 
    21771264 
    21770312 
    21764574 
    21762660 
    21762303 
    21761961 
    21755768 
    21752404 
    21752038 
    21751289 
    21744298 
    21737978 
    21733095 
    21732301 
    21727731 
    21720095 
    21719046 
    21719043 
    21705730 
    21703723 
    21701012 
    21693259 
    21692948 
    21692934 
    21691339 
    21689617 
    21688561 
    21684821 
    21684475 
    21682186 
    21679206 
    21678114 
    21672328 
    21670074 
    21667409 
    21667100 
    21661428 
    21658639 
    21656443 
    21655540 
    21655535 
    21646758 
    21645442 
    21642499 
    21633530 
    21631559 
    21623852 
    21623677 
    21619386 
    21619385 
    21618687 
    21616733 
    21612328 
    21611996 
    21608066 
    21606266 
    21600867 
    21595556 
    21587151 
    21569673 
    21565752 
    21564284 
    21563362 
    21560405 
    21555823 
    21550861 
    21549887 
    21547935 
    21543986 
    21540746 
    21538025 
    21537125 
    21535445 
    21535322 
    21519166 
    21519163 
    21517924 
    21516849 
    21514757 
    21501480 
    21497746 
    21487991 
    21478462 
    21476180 
    21472128 
    21471569 
    21468012 
    21467250 
    21465967 
    21465322 
    21464041 
    21460144 
    21460032 
    21457442 
    21455673 
    21453625 
    21452143 
    21451799 
    21450696 
    21448348 
    21447865 
    21439919 
    21438780 
    21436777 
    21435119 
    21431854 
    21429628 
    21421621 
    21421195 
    21419668 
    21418303 
    21403455 
    21399975 
    21399926 
    21397726 
    21397575 
    21393486 
    21387729 
    21384405 
    21384400 
    21382164 
    21377941 
    21376047 
    21374066 
    21371869 
    21356120 
    21354450 
    21351113 
    21349106 
    21343515 
    21343496 
    21337420 
    21332545 
    21331763 
    21325741 
    21324763 
    21324637 
    21321842 
    21319193 
    21309675 
    21305435 
    21301017 
    21301009 
    21301008 
    21295305 
    21295091 
    21290180 
    21283995 
    21279811 
    21276088 
    21274379 
    21273523 
    21273292 
    21269934 
    21269580 
    21267564 
    21266558 
    21264479 
    21261720 
    21258886 
    21257990 
    21256907 
    21256790 
    21256326 
    21254180 
    21254170 
    21253723 
    21251939 
    21248634 
    21242365 
    21241463 
    21239205 
    21239138 
    21235598 
    21229279 
    21225534 
    21219116 
    21213113 
    21205563 
    21205132 
    21199883 
    21198828 
    21196656 
    21196651 
    21195369 
    21182552 
    21175811 
    21175810 
    21168459 
    21168193 
    21167854 
    21167236 
    21166564 
    21163232 
    21157442 
    21156219 
    21146892 
    21146243 
    21144954 
    21130626 
    21129129 
    21111412 
    21104600 
    21083611 
    21079513 
    21068129 
    21062388 
    21054520 
    21045178 
    21040236 
    21029256 
    20977357 
    20970162 
    20953134 
    20943446 
    20936287 
    20932598 
    20920597 
    20890684 
    20861801 
    20844903 
    20817625 
    20814804 
    20714777 
    20697747 
    20675106 
    20632194 
    20630621 
    20603784 
    20603783 
    20580332 
    20467869 
    20196798 
    20047614 
    23057292 
    22778202 
    21560616 
    21448516 
    21443086 
    21415581 
    21415580 
    21410059 
    21396270 
    21389799 
    21287910 
    21268543 
    21246928 
    21243791 
    21235119 
    21227017 
    21224603 
    21221473 
    21210022 
    21210013 
    21210012 
    21203598 
    21196899 
    21191741 
    21188332 
    21188330 
    21182231 
    21182230 
    21179707 
    21173943 
    21165451 
    21165446 
    21157581 
    21140051 
    21139295 
    21139291 
    21135491 
    21135489 
    21135487 
    21113884 
    21111288 
    21086566 
    21050091 
    21049556 
    21049551 
    21045354 
    21043007 
    21041906 
    21039833 
    21032871 
    21031538 
    20972864 
    20969743 
    20969464 
    20966469 
    20965008 
    20948383 
    20939257 
    20935077 
    20922607 
    20882621 
    20879296 
    20877768 
    20872205 
    20870345 
    20862821 
    20858913 
    20850886 
    20849438 
    20847604 
    20844365 
    20844338 
    20842697 
    20830238 
    20829527 
    20828377 
    20826376 
    20817558 
    20815832 
    20810049 
    20809028 
    20807336 
    20806508 
    20806437 
    20801683 
    20801541 
    20800953 
    20799352 
    20799021 
    20796156 
    20796140 
    20733192 
    20731772 
    20731131 
    20731130 
    20731129 
    20726194 
    20721494 
    20721493 
    20721492 
    20721484 
    20721463 
    20720270 
    20719715 
    20713995 
    20713994 
    20704691 
    20704652 
    20700116 
    20698106 
    20696307 
    20692434 
    20683975 
    20683156 
    20682514 
    20682238 
    20679447 
    20677279 
    20672382 
    20668813 
    20667565 
    20665624 
    20664966 
    20664312 
    20663149 
    20660455 
    20658587 
    20652854 
    20652853 
    20649024 
    20645614 
    20645613 
    20637201 
    20632096 
    20628718 
    20620694 
    20620523 
    20617863 
    20616602 
    20616587 
    20616586 
    20608425 
    20606496 
    20595072 
    20592931 
    20583425 
    20581780 
    20581229 
    20578139 
    20571803 
    20565378 
    20561395 
    20561029 
    20556993 
    20556839 
    20554494 
    20547307 
    20546451 
    20546449 
    20546433 
    20545029 
    20544947 
    20534255 
    20533117 
    20529989 
    20526777 
    20526006 
    20524936 
    20521755 
    20513975 
    20512990 
    20502515 
    20498147 
    20496758 
    20496547 
    20494211 
    20492515 
    20492510 
    20492500 
    20492494 
    20491742 
    20483497 
    20477777 
    20474001 
    20471892 
    20471720 
    20470915 
    20466359 
    20464140 
    20463569 
    20461439 
    20460905 
    20459941 
    20458851 
    20455345 
    20453266 
    20451591 
    20447736 
    20440775 
    20440504 
    20440210 
    20432008 
    20428950 
    20428877 
    20422871 
    20418191 
    20417845 
    20411387 
    20410384 
    20408993 
    20403030 
    20388146 
    20385425 
    20385422 
    20381950 
    20380003 
    20377588 
    20376490 
    20375640 
    20375394 
    20369224 
    20362695 
    20361089 
    20361076 
    20356646 
    20337100 
    20335832 
    20331759 
    20308721 
    20306380 
    20304201 
    20304176 
    20222092 
    20221993 
    20216191 
    20215719 
    20214192 
    20207872 
    20207771 
    20203364 
    20196962 
    20194943 
    20190717 
    20187219 
    20181335 
    20180785 
    20171943 
    20167986 
    20165979 
    20164779 
    20162282 
    20158692 
    20135110 
    20126807 
    20113491 
    20104185 
    20103016 
    20101745 
    20101463 
    20101183 
    20100059 
    20096896 
    20087968 
    20087336 
    20082486 
    20068558 
    20068346 
    20066733 
    20065573 
    20065003 
    20063276 
    20061829 
    20054871 
    20030714 
    20022130 
    20019600 
    20008994 
    20006397 
    20004072 
    20002560 
    19997979 
    19967573 
    19966572 
    19960253 
    19958053 
    19957049 
    19953432 
    19951909 
    19940782 
    19935786 
    19930183 
    19925459 
    19920809 
    19918971 
    19912521 
    19907338 
    19904572 
    19897197 
    19894016 
    19888943 
    19887952 
    19874490 
    19874477 
    19864937 
    19863496 
    19855283 
    19854710 
    19852963 
    19839063 
    19838106 
    19819770 
    19817961 
    19804501 
    19780940 
    19773664 
    19766546 
    19745758 
    19744165 
    19732322 
    19726155 
    19663803 
    19609218 
    19581812 
    19464131 
    19345541 
    19277866 
    19229615 
    22073364 
    21179914 
    20956139 
    20929012 
    20426281 
    20426280 
    20329442 
    20235368 
    20209827 
    20202403 
    20198895 
    20187468 
    20180445 
    20180444 
    20143565 
    20104760 
    20076826 
    20076816 
    20076815 
    20076811 
    20037861 
    20037270 
    20037265 
    20037261 
    20017352 
    20010062 
    20009131 
    20007098 
    20005377 
    20001156 
    19999798 
    19967814 
    19965159 
    19961011 
    19959511 
    19953883 
    19938190 
    19937689 
    19930687 
    19918685 
    19917382 
    19912694 
    19906110 
    19901620 
    19897970 
    19897330 
    19889265 
    19874729 
    19861515 
    19857806 
    19857682 
    19856447 
    19844151 
    19842227 
    19841555 
    19828227 
    19822238 
    19820411 
    19813157 
    19802498 
    19795024 
    19794996 
    19789246 
    19787150 
    19785970 
    19785962 
    19785374 
    19777620 
    19770327 
    19770315 
    19767259 
    19766417 
    19760960 
    19755595 
    19745597 
    19743993 
    19738532 
    19733131 
    19732330 
    19728947 
    19728682 
    19728264 
    19727960 
    19726146 
    19725892 
    19723615 
    19718953 
    19718645 
    19715960 
    19715940 
    19710220 
    19709363 
    19703889 
    19703864 
    19697104 
    19690083 
    19688669 
    19686420 
    19683381 
    19683072 
    19670414 
    19666414 
    19664838 
    19660259 
    19659788 
    19638074 
    19636658 
    19636178 
    19625279 
    19624366 
    19621712 
    19621704 
    19617184 
    19615154 
    19610141 
    19606719 
    19604596 
    19602135 
    19598296 
    19594071 
    19592700 
    19588648 
    19587308 
    19580635 
    19578312 
    19578234 
    19577120 
    19577119 
    19577114 
    19573658 
    19563503 
    19563198 
    19562623 
    19556803 
    19554919 
    19553085 
    19545776 
    19545715 
    19543573 
    19542403 
    19542398 
    19541440 
    19532126 
    19531400 
    19530510 
    19527078 
    19526941 
    19525864 
    19524169 
    19524079 
    19519733 
    19508988 
    19508616 
    19507607 
    19505671 
    19504103 
    19502659 
    19502653 
    19502649 
    19499657 
    19496519 
    19492275 
    19492255 
    19486576 
    19486279 
    19485036 
    19482565 
    19478678 
    19477552 
    19469765 
    19466654 
    19464841 
    19457152 
    19455130 
    19446446 
    19443967 
    19443053 
    19442916 
    19437576 
    19434742 
    19430093 
    19426398 
    19421677 
    19415394 
    19413693 
    19413672 
    19413664 
    19410325 
    19408737 
    19408056 
    19404038 
    19403347 
    19403033 
    19403021 
    19403015 
    19402191 
    19399815 
    19396956 
    19394445 
    19392863 
    19391279 
    19383082 
    19381121 
    19378345 
    19376426 
    19376422 
    19376405 
    19370307 
    19362523 
    19352340 
    19352291 
    19349131 
    19346784 
    19346090 
    19341199 
    19337645 
    19337635 
    19334489 
    19332729 
    19322911 
    19322509 
    19319126 
    19319121 
    19308901 
    19308312 
    19303163 
    19299387 
    19293781 
    19292923 
    19287912 
    19281851 
    19271077 
    19267864 
    19266602 
    19259683 
    19254351 
    19253207 
    19251919 
    19249513 
    19245734 
    19243311 
    19242973 
    19241481 
    19237664 
    19236273 
    19231495 
    19222849 
    19221539 
    19215579 
    19215335 
    19214773 
    19212309 
    19212210 
    19208297 
    19207979 
    19195821 
    19193508 
    19180446 
    19177160 
    19175876 
    19175875 
    19159076 
    19156589 
    19151039 
    19148804 
    19144877 
    19143871 
    19140676 
    19140221 
    19138576 
    19133130 
    19121647 
    19118644 
    19098684 
    19091671 
    19089418 
    19081665 
    19076059 
    19070922 
    19065558 
    19022621 
    19022517 
    19019481 
    19018979 
    19018879 
    19017551 
    19013661 
    19008158 
    19005758 
    18987911 
    18987556 
    18834687 
    18832522 
    18830743 
    18821172 
    18815790 
    18726842 
    18721166 
    18673426 
    18672413 
    18662278 
    18647235 
    18637064 
    18594972 
    18561096 
    18553101 
    18420472 
    17981419 
    22187898 
    20108517 
    20059845 
    19634547 
    19334457 
    19263715 
    19261129 
    19238640 
    19235477 
    19227414 
    19209757 
    19195629 
    19148989 
    19143155 
    19124923 
    19124915 
    19119485 
    19119241 
    19115150 
    19114345 
    19104719 
    19104713 
    19104699 
    19100501 
    19100234 
    19100176 
    19099152 
    19092266 
    19086958 
    19086354 
    19081532 
    19072402 
    19072346 
    19069636 
    19068716 
    19058526 
    19057710 
    19057161 
    19051703 
    19034020 
    19032886 
    19030204 
    19025306 
    19024219 
    19015610 
    19013382 
    19011479 
    18998746 
    18998054 
    18995217 
    18987273 
    18985805 
    18984472 
    18982467 
    18981634 
    18975554 
    18974861 
    18973849 
    18973848 
    18973847 
    18973845 
    18956295 
    18955616 
    18955457 
    18952521 
    18948021 
    18946345 
    18946344 
    18938752 
    18936312 
    18935796 
    18929790 
    18929789 
    18929425 
    18925306 
    18922065 
    18852086 
    18836992 
    18828265 
    18822918 
    18821615 
    18818984 
    18818788 
    18815457 
    18814493 
    18814103 
    18811881 
    18807134 
    18795700 
    18794600 
    18791461 
    18783669 
    18780615 
    18779929 
    18778995 
    18778002 
    18777906 
    18774531 
    18767206 
    18761829 
    18760990 
    18760729 
    18754441 
    18753987 
    18727273 
    18727271 
    18727270 
    18727269 
    18712180 
    18708942 
    18706734 
    18706733 
    18699978 
    18698686 
    18696213 
    18692756 
    18691352 
    18681188 
    18679074 
    18675186 
    18675181 
    18675088 
    18675061 
    18674840 
    18673435 
    18672569 
    18668703 
    18666132 
    18663263 
    18652621 
    18645531 
    18638709 
    18637095 
    18637087 
    18637057 
    18634270 
    18633900 
    18631935 
    18628436 
    18625005 
    18619917 
    18616935 
    18615357 
    18613410 
    18609684 
    18609066 
    18606596 
    18605060 
    18589135 
    18587531 
    18580469 
    18577364 
    18574771 
    18573162 
    18572129 
    18568136 
    18567090 
    18567074 
    18566559 
    18566553 
    18564111 
    18563842 
    18555023 
    18546525 
    18544949 
    18544945 
    18544944 
    18544943 
    18544940 
    18541081 
    18540328 
    18528937 
    18528810 
    18524692 
    18520602 
    18518815 
    18516003 
    18513182 
    18510535 
    18508979 
    18508306 
    18508302 
    18508292 
    18507105 
    18505042 
    18504591 
    18503911 
    18496894 
    18496891 
    18495599 
    18494289 
    18492880 
    18492250 
    18491509 
    18488092 
    18485568 
    18483230 
    18483229 
    18482268 
    18480579 
    18477345 
    18471441 
    18467536 
    18465460 
    18459024 
    18456573 
    18456366 
    18455694 
    18455041 
    18455014 
    18453502 
    18452691 
    18448567 
    18440577 
    18439308 
    18435611 
    18422821 
    18416480 
    18410556 
    18403941 
    18397389 
    18395909 
    18395077 
    18394385 
    18392721 
    18392486 
    18385953 
    18383083 
    18382459 
    18374048 
    18373803 
    18366271 
    18365808 
    18365805 
    18364072 
    18363574 
    18362622 
    18350629 
    18347548 
    18335512 
    18334275 
    18331537 
    18329470 
    18328590 
    18328155 
    18326230 
    18324620 
    18320307 
    18319685 
    18304832 
    18301305 
    18300346 
    18299649 
    18294940 
    18285818 
    18282151 
    18277895 
    18276031 
    18274708 
    18270828 
    18270289 
    18270285 
    18269534 
    18261492 
    18261380 
    18256420 
    18253138 
    18247089 
    18236351 
    18234636 
    18233991 
    18222031 
    18222014 
    18221303 
    18220278 
    18218676 
    18218559 
    18213929 
    18210109 
    18205274 
    18204015 
    18194277 
    18192914 
    18192806 
    18186565 
    18182659 
    18178418 
    18172830 
    18166342 
    18161879 
    18160600 
    18098325 
    18095306 
    18083083 
    18081731 
    18081722 
    18079303 
    18071789 
    18069697 
    18058232 
    18054850 
    18042441 
    18030439 
    17996000 
    17957406 
    17939048 
    17924952 
    17916170 
    17913603 
    17912584 
    17912583 
    17904429 
    17900241 
    17764885 
    17715267 
    17701265 
    17683496 
    17683492 
    17593456 
    17420158 
    17387534 
    17140853 
    19069952 
    18642729 
    18444585 
    18431010 
    18409491 
    18376759 
    18376460 
    18254450 
    18254260 
    18251169 
    18251126 
    18236819 
    18236810 
    18214364 
    18214030 
    18165526 
    18159150 
    18088046 
    18087192 
    18087183 
    18087179 
    18086429 
    18080057 
    18078519 
    18074740 
    18074737 
    18073080 
    18045178 
    18043548 
    18042105 
    18036101 
    18030211 
    18029322 
    18002529 
    18002212 
    17992403 
    17990357 
    17981166 
    17980321 
    17972337 
    17972243 
    17969842 
    17965636 
    17965633 
    17963308 
    17944733 
    17925930 
    17925922 
    17925730 
    17924411 
    17924305 
    17916549 
    17916548 
    17916547 
    17916542 
    17914969 
    17913112 
    17907292 
    17904916 
    17900995 
    17897914 
    17896384 
    17885330 
    17885052 
    17885039 
    17879417 
    17879403 
    17879402 
    17875006 
    17874726 
    17872748 
    17845539 
    17828823 
    17828808 
    17821919 
    17767898 
    17767876 
    17766723 
    17763808 
    17762836 
    17722422 
    17719834 
    17715635 
    17715090 
    17711625 
    17710676 
    17703248 
    17697371 
    17697205 
    17686161 
    17685983 
    17685472 
    17683101 
    17680653 
    17669702 
    17659824 
    17657932 
    17652982 
    17650934 
    17650421 
    17644896 
    17641556 
    17639966 
    17639243 
    17635075 
    17632716 
    17628599 
    17628332 
    17620227 
    17619531 
    17617210 
    17617129 
    17616021 
    17613352 
    17604239 
    17603700 
    17601701 
    17597031 
    17591086 
    17591072 
    17585186 
    17582184 
    17580226 
    17579157 
    17577120 
    17569137 
    17568642 
    17565632 
    17565631 
    17561969 
    17551779 
    17543307 
    17541344 
    17541342 
    17541341 
    17540789 
    17533029 
    17524930 
    17524262 
    17523300 
    17520427 
    17519838 
    17509498 
    17507792 
    17503671 
    17503318 
    17498249 
    17498218 
    17493220 
    17489523 
    17488920 
    17488426 
    17483674 
    17481668 
    17467396 
    17467107 
    17464990 
    17461801 
    17461492 
    17456309 
    17454888 
    17452309 
    17451213 
    17449744 
    17447220 
    17437114 
    17433020 
    17432107 
    17431781 
    17429733 
    17429537 
    17419269 
    17419256 
    17419239 
    17418062 
    17410454 
    17404589 
    17396090 
    17390163 
    17389183 
    17383047 
    17380331 
    17376881 
    17359907 
    17356242 
    17355768 
    17355459 
    17354117 
    17352011 
    17349437 
    17337873 
    17337112 
    17336604 
    17334878 
    17334039 
    17327946 
    17326216 
    17323139 
    17320774 
    17318730 
    17314446 
    17312065 
    17309883 
    17300506 
    17295771 
    17283415 
    17278208 
    17261137 
    17253544 
    17253105 
    17245222 
    17240366 
    17239163 
    17239135 
    17230602 
    17223493 
    17216175 
    17195192 
    17191174 
    17189849 
    17181567 
    17174503 
    17172276 
    17164079 
    17161572 
    17149716 
    17137680 
    17135305 
    17122984 
    17011830 
    19292074 
    18386618 
    17945858 
    17682756 
    17542278 
    17542277 
    17458347 
    17438875 
    17420909 
    17361520 
    17308782 
    17274475 
    17237636 
    17237632 
    17233400 
    17203523 
    17203518 
    17196143 
    17191321 
    17185968 
    17169692 
    17164119 
    17163373 
    17162318 
    17161188 
    17160231 
    17143960 
    17140052 
    17140030 
    17136655 
    17131478 
    17128641 
    17127788 
    17127192 
    17125633 
    17123986 
    17119328 
    17114510 
    17108867 
    17108866 
    17099382 
    17099371 
    17095965 
    17094631 
    17094594 
    17073635 
    17064621 
    17063116 
    17061476 
    17060874 
    17052417 
    17051556 
    17051452 
    17047439 
    17047433 
    17047120 
    17045872 
    17038902 
    17036498 
    17033946 
    17032409 
    17019877 
    17019738 
    17014063 
    17013455 
    17007052 
    17006994 
    16997354 
    16984599 
    16981282 
    16981073 
    16977400 
    16977302 
    16971265 
    16970019 
    16959622 
    16956020 
    16953832 
    16953105 
    16939921 
    16937435 
    16933161 
    16932415 
    16931172 
    16929622 
    16919013 
    16911692 
    16908322 
    16903891 
    16900087 
    16885873 
    16883906 
    16882278 
    16877989 
    16875560 
    16871574 
    16871557 
    16865315 
    16864678 
    16864026 
    16863844 
    16859131 
    16858543 
    16844424 
    16843868 
    16842325 
    16837098 
    16830802 
    16825010 
    16818055 
    16803611 
    16802017 
    16801365 
    16799626 
    16793598 
    16792871 
    16785196 
    16783221 
    16782625 
    16778613 
    16771946 
    16771744 
    16767310 
    16762004 
    16755960 
    16734183 
    16732016 
    16729323 
    16729298 
    16720867 
    16719279 
    16716779 
    16713550 
    16705947 
    16704543 
    16699614 
    16698760 
    16698582 
    16698579 
    16696122 
    16686629 
    16677924 
    16673230 
    16647699 
    16640703 
    16637558 
    16635292 
    16634969 
    16633107 
    16632985 
    16632556 
    16630771 
    16629655 
    16628381 
    16627220 
    16620291 
    16614157 
    16611105 
    16610071 
    16610006 
    16608017 
    16607858 
    16599828 
    16572350 
    16570362 
    16570141 
    16568852 
    16568025 
    16556420 
    16556418 
    16554592 
    16550045 
    16549187 
    16544223 
    16542615 
    16540424 
    16534888 
    16534880 
    16534852 
    16530509 
    16516711 
    16510096 
    16506943 
    16506369 
    16502495 
    16501854 
    16493241 
    16466166 
    16447287 
    16440359 
    16440358 
    16439225 
    16431301 
    16428771 
    16412185 
    16407352 
    16404431 
    16398679 
    16394878 
    16393289 
    16359381 
    16357620 
    16356582 
    16343679 
    16340638 
    16333710 
    16333704 
    16271795 
    16216544 
    16166791 
    16091976 
    16055395 
    19810292 
    18637236 
    17977219 
    17063787 
    17063781 
    16739874 
    16688370 
    16686066 
    16614661 
    16610175 
    16518274 
    16493866 
    16468615 
    16438871 
    16437899 
    16437635 
    16435503 
    16432997 
    16430109 
    16419164 
    16416372 
    16416188 
    16408382 
    16400362 
    16400355 
    16397313 
    16386563 
    16385366 
    16381236 
    16373018 
    16364103 
    16343065 
    16342910 
    16334835 
    16334784 
    16334045 
    16324318 
    16319150 
    16315959 
    16314817 
    16305946 
    16299648 
    16294160 
    16292241 
    16291390 
    16286254 
    16281360 
    16270394 
    16270142 
    16269056 
    16268963 
    16267707 
    16265154 
    16265093 
    16258210 
    16252346 
    16252194 
    16252187 
    16249128 
    16247407 
    16245226 
    16240138 
    16237682 
    16235981 
    16234010 
    16231586 
    16228862 
    16225484 
    16224512 
    16220457 
    16219140 
    16216060 
    16208599 
    16201119 
    16201093 
    16201067 
    16194685 
    16194353 
    16192503 
    16188216 
    16181569 
    16181389 
    16177660 
    16177438 
    16177405 
    16176431 
    16175617 
    16174593 
    16172579 
    16170647 
    16164164 
    16162188 
    16162157 
    16154814 
    16153381 
    16151070 
    16145317 
    16143073 
    16141997 
    16123920 
    16121354 
    16113494 
    16110174 
    16105130 
    16103980 
    16100085 
    16091903 
    16085947 
    16052688 
    16037832 
    16037523 
    16035060 
    16029589 
    16027687 
    16027054 
    16025764 
    16024928 
    16022643 
    16014314 
    16006001 
    16002506 
    16001345 
    16000933 
    15998418 
    15995969 
    15993800 
    15990932 
    15990930 
    15990591 
    15989681 
    15986978 
    15986880 
    15986878 
    15986593 
    15968889 
    15966177 
    15965731 
    15955223 
    15955217 
    15954118 
    15948813 
    15948055 
    15942838 
    15942441 
    15934848 
    15925555 
    15920352 
    15918892 
    15918143 
    15915494 
    15915492 
    15913116 
    15910489 
    15908541 
    15908321 
    15902724 
    15901104 
    15900827 
    15899342 
    15887161 
    15871814 
    15871728 
    15868943 
    15868081 
    15864011 
    15862259 
    15861363 
    15858685 
    15856516 
    15855700 
    15855134 
    15854001 
    15848649 
    15848641 
    15831918 
    15831271 
    15830293 
    15829009 
    15827755 
    15825162 
    15818424 
    15816477 
    15816448 
    15814296 
    15805709 
    15793879 
    15793494 
    15791889 
    15788210 
    15785086 
    15783018 
    15780105 
    15780059 
    15780058 
    15780052 
    15780051 
    15774600 
    15772533 
    15771341 
    15770666 
    15756299 
    15754098 
    15746106 
    15745378 
    15743362 
    15741017 
    15740488 
    15737380 
    15734925 
    15730989 
    15730982 
    15730932 
    15727698 
    15726623 
    15723848 
    15723843 
    15717092 
    15710573 
    15701293 
    15692791 
    15692211 
    15682496 
    15682411 
    15682406 
    15681913 
    15671013 
    15670495 
    15665226 
    15658140 
    15657158 
    15655827 
    15645408 
    15637751 
    15633202 
    15629509 
    15615976 
    15612984 
    15607341 
    15591518 
    15583823 
    15564388 
    15007619 
    16734123 
    15785425 
    15754789 
    15744678 
    15720069 
    15700339 
    15700336 
    15700334 
    15696851 
    15657557 
    15642972 
    15641280 
    15628232 
    15627772 
    15618843 
    15609699 
    15605305 
    15605303 
    15598336 
    15587151 
    15585146 
    15582231 
    15582133 
    15582124 
    15580390 
    15576831 
    15571006 
    15570206 
    15567750 
    15562561 
    15561640 
    15561355 
    15549432 
    15546373 
    15545506 
    15544738 
    15529678 
    15529607 
    15529241 
    15523181 
    15517086 
    15508074 
    15508073 
    15506912 
    15505733 
    15505297 
    15502713 
    15501109 
    15497109 
    15486630 
    15484298 
    15481608 
    15471321 
    15470626 
    15463908 
    15460844 
    15457967 
    15457962 
    15457551 
    15455699 
    15455319 
    15454627 
    15449774 
    15383732 
    15375506 
    15373129 
    15372168 
    15371930 
    15362788 
    15362765 
    15362757 
    15362032 
    15361502 
    15359471 
    15354062 
    15353147 
    15350012 
    15344740 
    15344693 
    15340522 
    15339437 
    15334688 
    15334285 
    15334268 
    15332375 
    15330193 
    15329222 
    15324950 
    15318108 
    15318107 
    15318103 
    15316742 
    15311434 
    15307862 
    15306600 
    15306574 
    15293137 
    15287537 
    15280124 
    15259511 
    15259082 
    15257876 
    15256975 
    15247089 
    15243377 
    15243321 
    15242486 
    15239266 
    15238870 
    15238399 
    15235893 
    15232384 
    15227590 
    15224618 
    15221261 
    15220102 
    15213898 
    15213897 
    15207133 
    15201583 
    15194337 
    15192269 
    15186881 
    15183224 
    15181977 
    15180741 
    15178498 
    15177146 
    15161502 
    15155645 
    15153169 
    15138194 
    15133430 
    15129870 
    15127833 
    15127277 
    15120171 
    15119182 
    15116820 
    15108254 
    15103281 
    15100489 
    15099468 
    15098006 
    15094219 
    15086602 
    15078476 
    15078473 
    15078264 
    15075987 
    15069713 
    15065031 
    15062013 
    15057740 
    15054524 
    15052697 
    15049804 
    15043668 
    15040046 
    15028808 
    15026927 
    15013716 
    15013349 
    14997400 
    14992561 
    14992429 
    14990014 
    14971998 
    14969860 
    14962604 
    14765734 
    14762851 
    14762848 
    14762837 
    14762835 
    14762832 
    14762784 
    14752843 
    14752497 
    14740130 
    14735240 
    14716451 
    14710880 
    14707108 
    14695766 
    14692809 
    14675253 
    14625751 
    14625736 
    16767941 
    15859921 
    15776634 
    15770801 
    15768459 
    15339579 
    15339577 
    15315000 
    15137238 
    15094704 
    15039862 
    15017645 
    14997833 
    14988668 
    14963983 
    14756026 
    14754512 
    14708895 
    14708847 
    14708512 
    14698338 
    14697959 
    14696472 
    14696425 
    14696411 
    14696403 
    14676440 
    14675261 
    14673741 
    14665492 
    14665397 
    14662024 
    14661296 
    14647047 
    14638411 
    14636442 
    14636435 
    14633174 
    14627590 
    14627589 
    14625826 
    14614632 
    14607968 
    14607670 
    14606100 
    14606083 
    14606081 
    14603825 
    14599973 
    14599972 
    14599932 
    14598660 
    14593533 
    14582295 
    14572784 
    14571807 
    14571787 
    14571732 
    14568265 
    14567716 
    14562409 
    14562197 
    14560860 
    14556114 
    14553797 
    14535196 
    14532928 
    14530107 
    14528436 
    14520852 
    14517788 
    14517517 
    14516324 
    14515952 
    14511613 
    14510331 
    14506394 
    14506111 
    14502338 
    14502318 
    14501855 
    13678978 
    12973092 
    12973091 
    12971958 
    12970922 
    12970913 
    12970823 
    12970464 
    12962454 
    12960926 
    12945921 
    12943650 
    12939054 
    12932687 
    12929021 
    12927915 
    12923367 
    12912870 
    12908147 
    12907344 
    12905547 
    12899793 
    12891571 
    12889565 
    12881873 
    12877627 
    12876030 
    12873817 
    12870732 
    12870029 
    12869286 
    12867800 
    12867798 
    12865282 
    12865280 
    12854006 
    12854004 
    12853725 
    12845992 
    12843953 
    12843918 
    12839296 
    12838386 
    12837216 
    12835987 
    12832962 
    12828052 
    12826003 
    12826002 
    12823689 
    12822680 
    12821049 
    12820452 
    12802646 
    12800753 
    12793031 
    12790769 
    12783393 
    12781034 
    12764994 
    12760555 
    12757170 
    12754537 
    12754063 
    12753146 
    12749252 
    12749223 
    12747630 
    12746950 
    12745135 
    12741730 
    12735132 
    12728091 
    12727165 
    12717395 
    12716522 
    12702907 
    12694584 
    12693616 
    12693340 
    12685387 
    12682623 
    12673376 
    12659969 
    12658391 
    12658390 
    12654057 
    12653891 
    12650806 
    12648399 
    12645803 
    12640724 
    12640529 
    12632534 
    12630029 
    12628903 
    12622474 
    12621911 
    12603537 
    12603082 
    12601347 
    12601208 
    12601199 
    12595052 
    12588437 
    12585827 
    12581434 
    12564724 
    12560853 
    12556142 
    12546736 
    12544703 
    12540789 
    12533812 
    12532459 
    12526904 
    12525594 
    12510225 
    12499459 
    12488992 
    14607682 
    12942681 
    12712851 
    12666483 
    12647411 
    12602511 
    12601985 
    12593415 
    12590728 
    12569309 
    12566616 
    12546169 
    12523589 
    12522608 
    12515626 
    12515035 
    12515027 
    12512825 
    12512823 
    12510966 
    12501575 
    12501073 
    12499802 
    12499784 
    12499783 
    12497984 
    12484574 
    12484043 
    12472938 
    12469799 
    12468960 
    12467068 
    12466260 
    12456552 
    12452500 
    12447862 
    12447711 
    12435776 
    12432335 
    12429428 
    12427789 
    12424715 
    12424661 
    12420336 
    12420034 
    12416745 
    12414558 
    12408529 
    12407955 
    12407577 
    12404519 
    12399222 
    12397752 
    12397742 
    12394212 
    12394211 
    12385458 
    12381907 
    12376085 
    12375174 
    12360470 
    12360435 
    12358266 
    12355640 
    12354834 
    12353383 
    12352254 
    12324817 
    12324756 
    12297841 
    12242736 
    12239942 
    12236486 
    12233279 
    12229973 
    12221996 
    12221424 
    12216761 
    12216750 
    12216128 
    12210457 
    12210305 
    12201588 
    12200782 
    12200773 
    12198701 
    12198376 
    12195479 
    12193855 
    12192634 
    12174378 
    12174368 
    12172993 
    12172992 
    12172312 
    12170919 
    12170404 
    12166543 
    12164564 
    12164401 
    12150214 
    12149687 
    12145605 
    12143212 
    12143210 
    12143064 
    12136472 
    12132522 
    12127056 
    12117894 
    12117662 
    12109183 
    12108386 
    12099567 
    12097398 
    12095924 
    12095402 
    12094395 
    12089490 
    12088324 
    12085634 
    12077100 
    12076908 
    12076877 
    12063996 
    12063992 
    12063962 
    12063960 
    12063428 
    12063423 
    12061024 
    12055679 
    12053812 
    12049960 
    12048882 
    12039093 
    12038656 
    12037456 
    12036892 
    12036243 
    12029639 
    12029230 
    12023771 
    12020897 
    12018113 
    12014935 
    12014933 
    12012048 
    11999886 
    11999608 
    11995482 
    11995461 
    11995437 
    11985059 
    11983136 
    11983135 
    11981767 
    11981341 
    11978409 
    11974530 
    11972271 
    11963487 
    11961720 
    11961344 
    11960073 
    11959720 
    11957122 
    11945147 
    11944019 
    11943950 
    11941985 
    11941980 
    11941957 
    11941934 
    11941292 
    11938046 
    11937766 
    11934098 
    11923609 
    11922571 
    11920542 
    11906619 
    11905081 
    11895549 
    11884939 
    11873111 
    11871817 
    11871761 
    11870377 
    11870373 
    11867196 
    11866279 
    11866220 
    11866221 
    11862593 
    11861239 
    11857949 
    11857416 
    11847571 
    11843028 
    11836777 
    11833874 
    11832442 
    11826417 
    11819064 
    11808942 
    11808939 
    11803497 
    11796903 
    11792974 
    11786969 
    11756108 
    11750149 
    11734372 
    16201169 
    15637991 
    12583202 
    12575548 
    12536742 
    12201667 
    12197627 
    12166592 
    12113033 
    12092160 
    12057093 
    12052306 
    11899848 
    11888480 
    11868871 
    11830932 
    11828645 
    11811097 
    11805563 
    11803604 
    11798612 
    11795133 
    11791375 
    11775445 
    11775099 
    11768826 
    11763526 
    11759080 
    11758193 
    11757747 
    11745865 
    11745861 
    11742023 
    11731999 
    11730620 
    11730227 
    11715576 
    11715575 
    11715336 
    11712797 
    11709521 
    11704097 
    11702680 
    11693881 
    11693790 
    11692538 
    11685739 
    11685738 
    11682028 
    11677979 
    11677960 
    11676882 
    11676867 
    11675578 
    11672830 
    11641182 
    11589774 
    11586442 
    11586441 
    11555103 
    11555094 
    11535518 
    11526538 
    11525022 
    11522277 
    11521186 
    11519834 
    11519540 
    11513202 
    11513189 
    11511876 
    11511501 
    11505839 
    11496744 
    11490756 
    11490387 
    11477234 
    11476922 
    11476921 
    11475019 
    11474320 
    11458176 
    11454805 
    11450621 
    11443618 
    11442209 
    11436573 
    11435545 
    11427837 
    11426308 
    11424325 
    11424100 
    11422621 
    11422403 
    11414150 
    11413527 
    11412630 
    11407670 
    11397536 
    11395878 
    11395685 
    11392280 
    11382183 
    11379324 
    11376259 
    11375600 
    11369523 
    11360055 
    11354767 
    11351179 
    11349734 
    11345182 
    11340710 
    11328286 
    11324138 
    11316171 
    11316164 
    11316163 
    11299836 
    11292299 
    11291715 
    11287546 
    11285956 
    11276277 
    11276276 
    11275622 
    11268995 
    11268965 
    11268941 
    11261222 
    11258439 
    11253669 
    11253558 
    11252119 
    11246616 
    11244172 
    11242656 
    11237814 
    11232705 
    11232699 
    11218911 
    11211142 
    11206870 
    11206869 
    11204813 
    11201566 
    11197250 
    11181207 
    11180181 
    11180179 
    11180178 
    11172334 
    11169069 
    11161225 
    11156649 
    11153745 
    11152801 
    11152779 
    11146768 
    11115831 
    15324622 
    14768318 
    12845736 
    12567465 
    12197343 
    12089969 
    11938856 
    11832182 
    11589601 
    11515634 
    11512385 
    11468788 
    11464594 
    11452913 
    11436599 
    11367914 
    11357987 
    11310382 
    11294065 
    11263273 
    11229116 
    11215745 
    11215743 
    11209222 
    11200006 
    11197054 
    11195193 
    11179620 
    11169348 
    11155779 
    11153415 
    11149678 
    11149220 
    11149026 
    11149022 
    11139678 
    11132993 
    11126603 
    11121914 
    11118924 
    11118922 
    11118920 
    11118916 
    11117562 
    11107544 
    11105793 
    11105706 
    11100370 
    11100360 
    11100327 
    11100312 
    11097391 
    11095342 
    11095313 
    11090022 
    11089435 
    11079031 
    11072678 
    11072674 
    11059435 
    11059194 
    11056023 
    11053938 
    11052332 
    11051366 
    11050648 
    11044835 
    11039717 
    11026763 
    11026762 
    11023560 
    11022823 
    11022600 
    11020895 
    11020031 
    11019990 
    11019609 
    11016893 
    11016769 
    11008315 
    11004954 
    11002219 
    10999730 
    10999710 
    10998407 
    10996127 
    10990076 
    10989465 
    10988220 
    10982624 
    10978393 
    10973388 
    10966704 
    10962630 
    10960970 
    10959806 
    10955605 
    10952378 
    10950052 
    10934332 
    10929904 
    10919010 
    10910553 
    10909444 
    10907311 
    10902463 
    10897367 
    10894592 
    10887647 
    10884827 
    10882252 
    10880164 
    10877224 
    10877077 
    10876975 
    10874193 
    10867409 
    10861116 
    10847443 
    10835131 
    10833096 
    10832676 
    10824887 
    10824886 
    10813505 
    10813504 
    10813503 
    10813502 
    10813501 
    10813500 
    10813499 
    10813498 
    10813496 
    10811402 
    10811091 
    10804436 
    10803790 
    10795771 
    10791224 
    10791204 
    10784589 
    10781976 
    10776945 
    10763956 
    10763341 
    10759354 
    10759345 
    10755836 
    10751735 
    10749333 
    10748904 
    10744588 
    10741951 
    10741941 
    10735613 
    10724487 
    10722906 
    10715043 
    10710111 
    10710070 
    10707866 
    10707863 
    10705897 
    10705174 
    10689745 
    10685775 
    10685770 
    10682780 
    10671806 
    10671666 
    10659480 
    10659429 
    10657168 
    10656212 
    10655257 
    10649243 
    10648583 
    10638586 
    10638583 
    10631360 
    10630439 
    10596018 
    12583039 
    12552756 
    12080699 
    11938740 
    11776854 
    11721453 
    11601258 
    10999161 
    10999152 
    10754366 
    10695798 
    10695420 
    10695379 
    10684217 
    10668069 
    10666842 
    10649599 
    10643032 
    10636073 
    10634156 
    10628928 
    10626621 
    10626065 
    10622587 
    10612146 
    10609270 
    10606325 
    10604578 
    10604107 
    10603136 
    10602933 
    10601769 
    10587130 
    10580584 
    10576378 
    10574336 
    10571719 
    10566736 
    10566732 
    10560422 
    10556408 
    10554517 
    10551391 
    10548300 
    10546096 
    10535495 
    10535475 
    10530829 
    10530503 
    10522034 
    10522017 
    10520860 
    10520859 
    10520858 
    10520857 
    10506893 
    10505758 
    10504540 
    10504366 
    10500622 
    10499467 
    10497686 
    10493033 
    10491488 
    10490519 
    10489781 
    10488712 
    10488696 
    10487594 
    10485628 
    10482429 
    10479161 
    10478972 
    10477884 
    10470729 
    10465055 
    10461719 
    10460858 
    10457341 
    10453949 
    10447371 
    10446116 
    10445795 
    10445554 
    10441577 
    10440686 
    10434450 
    10433012 
    10429862 
    10426583 
    10425579 
    10425415 
    10424151 
    10415297 
    10415220 
    10413750 
    10407974 
    10406260 
    10406183 
    10403327 
    10403322 
    10400053 
    10399904 
    10397080 
    10392944 
    10390563 
    10390562 
    10389704 
    10385639 
    10385057 
    10376460 
    10370682 
    10370620 
    10365826 
    10365815 
    10364042 
    10364033 
    10363168 
    10355887 
    10353011 
    10350287 
    10349789 
    10348244 
    10347111 
    10343213 
    10341686 
    10334257 
    10333419 
    10326690 
    10325940 
    10323892 
    10231204 
    10227889 
    10226340 
    10223234 
    10219612 
    10219609 
    10213133 
    10207798 
    10205217 
    10205214 
    10204316 
    10203020 
    10202053 
    10201862 
    10197501 
    10193100 
    10193027 
    10190731 
    10190247 
    10189476 
    10189397 
    10092313 
    10086645 
    10086638 
    10082108 
    10080409 
    10075593 
    10070702 
    10064407 
    10063926 
    10051461 
    10049423 
    10049418 
    10036709 
    10029298 
    10024401 
    9952237 
    9934983 
    9933673 
    9933329 
    9929548 
    9927152 
    9921797 
    9917439 
    9892330 
    9873092 
    9873090 
    9862846 
    12078241 
    11825434 
    11247070 
    11247062 
    10347683 
    10326535 
    10326109 
    10216670 
    10077911 
    10067022 
    10048177 
    9974027 
    9971904 
    9951926 
    9951925 
    9951924 
    9951915 
    9951913 
    9951867 
    9927854 
    9922194 
    9884720 
    9881486 
    9881264 
    9880822 
    9874450 
    9869398 
    9866414 
    9866413 
    9866408 
    9863409 
    9860435 
    9857654 
    9852448 
    9850718 
    9850447 
    9850442 
    9850407 
    9847687 
    9847685 
    9845793 
    9845310 
    9842397 
    9840147 
    9840144 
    9840127 
    9831279 
    9830583 
    9828703 
    9828216 
    9824614 
    9824135 
    9824136 
    9821189 
    9820418 
    9817086 
    9817040 
    9810504 
    9809562 
    9809142 
    9805311 
    9799319 
    9796353 
    9794906 
    9794899 
    9794191 
    9794186 
    9788133 
    9773932 
    9773152 
    9772057 
    9767602 
    9766826 
    9766820 
    9764992 
    9762051 
    9759957 
    9757275 
    9755709 
    9755228 
    9754668 
    9752501 
    9752500 
    9743159 
    9732965 
    9732498 
    9727281 
    9727173 
    9717546 
    9717543 
    9713593 
    9712566 
    9709891 
    9707062 
    9706774 
    9703307 
    9699048 
    9695663 
    9695497 
    9695373 
    9694470 
    9684270 
    9682498 
    9679575 
    9678690 
    9676214 
    9675836 
    9675834 
    9673332 
    9663729 
    9663268 
    9657094 
    9655259 
    9649650 
    9649644 
    9649014 
    9649003 
    9644112 
    9642693 
    9641391 
    9641387 
    9639609 
    9637455 
    9635950 
    9627161 
    9625321 
    9623569 
    9623351 
    9621490 
    9616213 
    9614281 
    9614278 
    9611282 
    9607849 
    9605268 
    9595375 
    9593363 
    9586705 
    9584348 
    9581697 
    9566833 
    9566832 
    9566831 
    9563539 
    9563264 
    9563219 
    9551683 
    9550270 
    9544376 
    9529445 
    9528340 
    9522654 
    9519685 
    9518231 
    9517652 
    9516503 
    9512947 
    9512130 
    9509755 
    9502036 
    9502035 
    9500712 
    9500693 
    9500240 
    9497624 
    9496485 
    9496482 
    9494481 
    9494419 
    9468405 
    9464435 
    9462634 
    9458323 
    9457041 
    9456984 
    9454746 
    9448178 
    9437075 
    9437066 
    9437062 
    9425916 
    9423666 
    9423624 
    9421656 
    17214148 
    11367636 
    10920880 
    10436944 
    10423590 
    10322827 
    10179720 
    9868131 
    9868063 
    9642313 
    9612102 
    9566243 
    9512805 
    9496428 
    9491495 
    9491101 
    9486048 
    9483354 
    9476186 
    9471031 
    9455737 
    9453441 
    9453423 
    9453422 
    9446376 
    9444914 
    9433016 
    9431897 
    9427028 
    9413963 
    9412120 
    9411519 
    9404878 
    9382968 
    9379523 
    9378784 
    9378400 
    9378063 
    9372563 
    9362352 
    9362198 
    9361181 
    9360242 
    9352867 
    9352863 
    9339650 
    9339647 
    9339235 
    9332072 
    9328302 
    9328161 
    9324709 
    9314127 
    9314125 
    9312822 
    9306949 
    9300986 
    9300985 
    9298491 
    9290469 
    9287981 
    9282279 
    9278223 
    9262999 
    9262487 
    9261622 
    9259257 
    9257995 
    9255528 
    9253815 
    9252160 
    9252083 
    9248179 
    9247433 
    9246041 
    9242766 
    9240678 
    9236925 
    9235083 
    9231204 
    9221582 
    9221577 
    9214449 
    9211953 
    9210895 
    9210620 
    9197218 
    9196752 
    9195776 
    9195402 
    9195396 
    9190651 
    9184882 
    9182359 
    9181019 
    9178969 
    9177535 
    9177524 
    9177521 
    9170972 
    9169913 
    9169570 
    9167756 
    9164527 
    9164110 
    9160915 
    9153820 
    9138413 
    9138410 
    9136841 
    9135534 
    9118030 
    9102280 
    9099310 
    9091257 
    9078542 
    9075652 
    9073137 
    9073136 
    9072489 
    9070476 
    9068494 
    9066461 
    9059951 
    9059941 
    9059294 
    9058302 
    9057192 
    9049231 
    9049196 
    9046383 
    9044117 
    9030502 
    9000411 
    9000362 
    9000360 
    8988182 
    12463014 
    10967973 
    9387710 
    9282577 
    9272983 
    9264912 
    9239810 
    9206244 
    9182005 
    9137731 
    9131979 
    9121063 
    9110489 
    9102696 
    9072740 
    9064495 
    9055582 
    9053527 
    9026484 
    9021716 
    9019341 
    9014666 
    9014665 
    9011437 
    9007719 
    9005776 
    8999442 
    8996773 
    8986224 
    8984580 
    8984036 
    8982149 
    8975988 
    8965990 
    8965682 
    8957610 
    8949658 
    8946990 
    8946988 
    8944572 
    8944571 
    8940965 
    8939220 
    8938549 
    8938546 
    8938064 
    8934135 
    8933787 
    8928401 
    8924327 
    8912149 
    8912148 
    8912134 
    8912124 
    8911172 
    8908559 
    8899509 
    8897683 
    8895674 
    8886716 
    8885343 
    8884309 
    8883246 
    8882187 
    8878002 
    8877498 
    8874114 
    8873859 
    8873514 
    8872770 
    8864670 
    8855746 
    8855525 
    8853260 
    8842118 
    8840762 
    8839403 
    8836902 
    8835977 
    8835593 
    8833360 
    8833359 
    8829906 
    8803863 
    8801742 
    8797956 
    8792315 
    8792309 
    8792268 
    8783973 
    8783869 
    8781322 
    8781161 
    8780534 
    8767793 
    8764548 
    8764448 
    8757528 
    8756933 
    8752758 
    8750442 
    8742916 
    8740841 
    8740839 
    8734348 
    8731441 
    8727608 
    8727605 
    8726841 
    8726840 
    8724720 
    8720955 
    8713604 
    8708904 
    8707281 
    8707125 
    8706604 
    8705261 
    8704694 
    8701512 
    8701258 
    8698069 
    8697684 
    8687355 
    8685699 
    8682462 
    8680552 
    8678541 
    8675165 
    8674404 
    8672971 
    8672736 
    8664072 
    8661837 
    8660042 
    8657717 
    8653742 
    8653334 
    8651169 
    8643878 
    8643851 
    8642770 
    8634401 
    8633915 
    8633540 
    8633508 
    8630562 
    8622201 
    8621130 
    8610415 
    8607514 
    8607508 
    8605744 
    8591853 
    8565810 
    8565755 
    8546046 
    17214200 
    9263493 
    8963401 
    8963024 
    8881867 
    8875606 
    8857448 
    8850366 
    8847016 
    8775998 
    8775468 
    8749933 
    8746001 
    8706560 
    8680909 
    8672950 
    8668368 
    8640025 
    8611989 
    8585258 
    8583144 
    8580410 
    8578579 
    8577960 
    8577216 
    8577215 
    8574724 
    8574058 
    8574044 
    8566666 
    8566627 
    8563007 
    8559025 
    8558487 
    8552267 
    8551553 
    8545610 
    8544896 
    8541573 
    8536505 
    8534535 
    8531649 
    8530221 
    8523226 
    8522120 
    8521331 
    8521222 
    7895198 
    7875483 
    7863881 
    7862983 
    7861625 
    7851213 
    7850050 
    7843716 
    7806173 
    7806146 
    7791543 
    7790707 
    7790552 
    7789024 
    7787326 
    7787167 
    7784414 
    7781941 
    7772512 
    7771637 
    7771432 
    7767861 
    7758409 
    7756046 
    7751575 
    7731090 
    7729642 
    7729117 
    7727191 
    7726065 
    7720308 
    7718284 
    7707481 
    7700312 
    7699090 
    7698587 
    7698583 
    7677466 
    7676982 
    7671782 
    7668026 
    7665819 
    7663138 
    7661163 
    7657372 
    7657276 
    7656526 
    7650533 
    7650330 
    7650316 
    7645473 
    7644735 
    7642768 
    7620403 
    7618550 
    7612374 
    7608482 
    7604691 
    7602154 
    7593911 
    7590023 
    7583073 
    7581029 
    7577119 
    7575179 
    7572908 
    7571125 
    7570883 
    7569434 
    7560208 
    7557861 
    7557152 
    7557096 
    7538016 
    7533653 
    7500807 
    7499783 
    7496071 
    7489975 
    7489933 
    7485013 
    7485012 
    7484576 
    7480869 
    7480675 
    7474848 
    7474483 
    7473390 
    7473380 
    7472909 
    8311127 
    8304312 
    8304297 
    8299337 
    8293389 
    8282873 
    8276367 
    8273695 
    8264741 
    8209190 
    8209017 
    8208970 
    8201509 
    8201212 
    8201210 
    8200262 
    8198102 
    8197810 
    8196577 
    8191361 
    8188001 
    8187995 
    8187611 
    8187135 
    8175126 
    8171287 
    8168071 
    8164148 
    8141003 
    8141001 
    8134566 
    8132795 
    8131572 
    8128039 
    8120708 
    8114312 
    8113890 
    8091198 
    8087217 
    8082072 
    8079930 
    8078242 
    8074253 
    8074249 
    8069141 
    8055228 
    8054522 
    8052745 
    8052713 
    8051388 
    8046847 
    8045494 
    8041986 
    8041950 
    8033039 
    8020906 
    8014760 
    8008502 
    7998373 
    7996712 
    7996711 
    7994655 
    7993158 
    7989430 
    7986598 
    7986597 
    7983850 
    7982643 
    7982641 
    7980207 
    7979640 
    7979639 
    7974910 
    7959574 
    7959544 
    7959540 
    7958650 
    7958649 
    7956612 
    7955167 
    7953506 
    7952480 
    7944036 
    7942742 
    7942679 
    7938750 
    7936614 
    7935222 
    7930481 
    7927252 
    7927224 
    7925063 
    7924754 
    7922998 
    7922750 
    7922096 
    7886976 
    7885990 
    7877207 
    7877205 
    7877005 
    7871986 
    7871372 
    7844722 
    7825356 
    7824869 
    7820394 
    7818202 
    7810099 
    7807761 
    7805446 
    7787811 
    7774417 
    7774402 
    7768138 
    7761889 
    7738122 
    7732266 
    7716362 
    7705585 
    7700558 
    7699260 
    7658658 
    7535323 
    7530737 
    7524803 
    7524802 
    7522277 
    7517061 
    7515408 
    7509715 
    7508816 
    7506227 
    8516038 
    8514896 
    8514252 
    8506544 
    8500700 
    8491446 
    8491406 
    8485368 
    8480738 
    8479643 
    8475308 
    8475279 
    8470638 
    8466870 
    8463621 
    8461603 
    8451423 
    8450277 
    8445220 
    8442331 
    8431696 
    8429291 
    8428721 
    8428719 
    8428718 
    8428017 
    8427391 
    8425846 
    8416643 
    8411335 
    8409302 
    8406300 
    8406298 
    8404340 
    8397133 
    8396598 
    8395032 
    8394197 
    8392785 
    8392742 
    8392127 
    8388066 
    8387756 
    8387361 
    8384906 
    8381690 
    8380950 
    8379228 
    8378760 
    8377597 
    8376011 
    8369184 
    8369183 
    8362852 
    8357880 
    8353551 
    8339893 
    8339890 
    8338990 
    8337726 
    8337709 
    8334249 
    8333368 
    8332814 
    8330922 
    8330545 
    8325474 
    8325186 
    8323513 
    8321440 
    8318807 
    8315486 
    8315305 
    8309756 
    8303205 
    8301060 
    8295546 
    8288075 
    8280847 
    8280210 
    8275835 
    8275831 
    8275832 
    8274178 
    8273643 
    8273612 
    8270598 
    8270245 
    8269741 
    8269453 
    8266409 
    8262719 
    8261155 
    8258029 
    8257225 
    8255838 
    8253315 
    8252356 
    8252209 
    8249194 
    8249064 
    8246819 
    8245749 
    8245619 
    8243926 
    8241589 
    8239687 
    8236395 
    8234706 
    8233268 
    8224684 
    8223681 
    8220033 
    8220030 
    8211774 
    8210591 
    8171754 
    8141544 
    8129991 
    8125234 
    8107184 
    8102988 
    8096109 
    8051641 
    8004891 
    7904190 
    7687981 
    7687419 
    7686686 
    7686441 
    7684916 
    7684822 
    7684018 
    7512449 
    7505217 
    7504392 
    7504252 
    7483711 
    1296183 
    1739474 
    1733488 
    1645078 
    1628124 
    1622103 
    1620942 
    1615718 
    1608208 
    1594320 
    1592351 
    1589711 
    1588544 
    1578835 
    1578805 
    1575287 
    1575286 
    1568773 
    1567703 
    1566304 
    1556418 
    1551639 
    1544561 
    1536391 
    1536390 
    1533893 
    1529190 
    1523310 
    1523054 
    1520753 
    1515565 
    1515563 
    1512092 
    1511215 
    1509150 
    1509054 
    1506630 
    1505896 
    1503189 
    1503015 
    1502531 
    1501369 
    1498541 
    1493059 
    1484985 
    1483557 
    1483495 
    1481290 
    1479173 
    1478414 
    1478400 
    1475592 
    1475438 
    1473096 
    1473029 
    1468163 
    1465903 
    1464385 
    1455022 
    1450499 
    1449145 
    1447502 
    1444180 
    1440987 
    1440886 
    1440818 
    1439200 
    1438907 
    1433630 
    1425078 
    1419138 
    1417411 
    1417175 
    1404580 
    1398385 
    1392415 
    1391727 
    1385652 
    1385066 
    1383639 
    1381268 
    1380029 
    1376485 
    1374276 
    1371483 
    1369778 
    1353202 
    1351939 
    1351357 
    1351353 
    1351352 
    1343908 
    1343885 
    1343883 
    1343165 
    1342082 
    1338516 
    1337640 
    1337512 
    1337511 
    1335589 
    1335313 
    1333900 
    1332203 
    1331495 
    1331193 
    1329497 
    1329455 
    1326883 
    1326101 
    1324947 
    1323359 
    1321980 
    1320177 
    1320176 
    1320138 
    1319672 
    1316621 
    1315592 
    1315591 
    1314746 
    1314378 
    1313385 
    1310435 
    1309553 
    1309309 
    1294580 
    1293729 
    1289752 
    1289469 
    1284376 
    1282268 
    1281390 
    1281042 
    2070967 
    2068298 
    2066553 
    2060754 
    2060745 
    2059809 
    2057431 
    2055981 
    2051904 
    2051282 
    2050340 
    2048007 
    2044889 
    2039006 
    2033912 
    2029991 
    2025894 
    2025778 
    2024317 
    2016368 
    2010166 
    2000190 
    1999069 
    1987617 
    1987311 
    1985011 
    1960180 
    1959295 
    1958998 
    1955265 
    1949143 
    1947712 
    1944002 
    1943502 
    1942235 
    1937388 
    1929148 
    1928571 
    1928570 
    1928047 
    1925360 
    1924846 
    1924541 
    1921865 
    1918857 
    1918847 
    1916463 
    1914381 
    1912425 
    1904966 
    1904198 
    1903409 
    1896818 
    1891913 
    1889353 
    1884971 
    1883980 
    1875666 
    1875066 
    1870177 
    1868530 
    1867274 
    1864179 
    1863205 
    1859780 
    1851652 
    1849922 
    1848720 
    1846986 
    1846240 
    1844528 
    1844291 
    1844290 
    1843958 
    1843948 
    1839617 
    1835288 
    1834330 
    1824140 
    1822659 
    1817201 
    1816007 
    1808221 
    1800355 
    1800153 
    1788777 
    1784058 
    1783246 
    1782956 
    1774522 
    1764719 
    1763348 
    1761262 
    1743477 
    1743122 
    1741971 
    1717542 
    1715264 
    1714267 
    1713086 
    1709061 
    1668711 
    1667775 
    1664995 
    1662799 
    1661569 
    1661197 
    1659740 
    1658881 
    1658418 
    1658055 
    1653864 
    1653747 
    1652920 
    1652919 
    1651898 
    1651452 
    1651436 
    1650158 
    1650134 
    1649550 
    1648426 
    1647811 
    1646222 
    2406331 
    2405146 
    2404822 
    2404648 
    2404403 
    2399371 
    2394852 
    2365796 
    2359944 
    2354662 
    2336550 
    2333546 
    2292914 
    2289765 
    2289657 
    2287315 
    2283793 
    2277399 
    2269532 
    2268760 
    2267906 
    2263872 
    2261294 
    2260478 
    2255936 
    2255690 
    2252023 
    2247265 
    2246722 
    2240693 
    2239100 
    2238757 
    2238586 
    2232633 
    2229996 
    2227256 
    2226102 
    2221779 
    2219685 
    2218737 
    2214135 
    2204654 
    2204534 
    2202201 
    2198361 
    2197520 
    2195739 
    2195674 
    2193224 
    2193138 
    2192837 
    2192448 
    2190961 
    2190159 
    2187730 
    2186617 
    2186474 
    2186449 
    2184281 
    2182819 
    2182820 
    2180086 
    2179990 
    2179768 
    2179010 
    2178400 
    2175158 
    2174933 
    2171775 
    2171749 
    2167868 
    2166610 
    2166379 
    2165994 
    2165542 
    2164899 
    2163231 
    2157907 
    2156912 
    2155866 
    2155699 
    2155336 
    2152667 
    2152318 
    2146894 
    2139974 
    2134334 
    2130690 
    2130364 
    2129830 
    2128907 
    2121152 
    2120925 
    2115307 
    2113378 
    2111946 
    2103425 
    2092661 
    2083930 
    2080022 
    2079407 
    2078732 
    1982189 
    1966198 
    1966024 
    1965451 
    1964671 
    1964572 
    1964545 
    1720058 
    1713067 
    1702073 
    1701411 
    1700045 
    1698703 
    1698522 
    1698171 
    1698135 
    1696750 
    1693808 
    1693769 
    1690630 
    3334337 
    2925157 
    2814755 
    2810970 
    2810853 
    2809948 
    2806998 
    2805707 
    2800861 
    2791683 
    2790879 
    2779152 
    2773676 
    2754589 
    2743196 
    2726362 
    2714685 
    2702088 
    2699357 
    2698513 
    2697132 
    2695662 
    2692296 
    2688317 
    2687493 
    2682770 
    2681891 
    2680853 
    2677986 
    2676837 
    2674227 
    2673908 
    2671894 
    2671176 
    2668742 
    2668671 
    2667338 
    2666694 
    2666500 
    2666336 
    2666084 
    2665307 
    2664332 
    2662459 
    2661292 
    2660400 
    2658395 
    2658194 
    2658117 
    2655400 
    2653993 
    2652751 
    2652350 
    2652290 
    2651301 
    2650007 
    2649915 
    2648965 
    2643143 
    2643137 
    2642340 
    2640042 
    2634249 
    2624270 
    2620639 
    2599287 
    2574362 
    2568014 
    2559885 
    2558039 
    2556763 
    2556597 
    2556337 
    2554381 
    2550522 
    2549628 
    2549627 
    2549626 
    2549280 
    2546879 
    2546193 
    2545101 
    2545011 
    2544255 
    2543935 
    2541839 
    2541244 
    2540865 
    2540538 
    2538254 
    2537509 
    2536507 
    2535557 
    2531060 
    2530818 
    2526349 
    2519095 
    2519057 
    2516635 
    2506234 
    2505376 
    2504070 
    2494229 
    2493202 
    2492780 
    2482242 
    2480419 
    2479262 
    2475078 
    2469379 
    3415260 
    3402694 
    3391511 
    3381802 
    3377007 
    3371883 
    3344454 
    3343931 
    3341860 
    3337528 
    3337070 
    3288784 
    3288783 
    3287501 
    3287366 
    3286662 
    3286460 
    3286443 
    3282470 
    3281110 
    3280274 
    3279759 
    3279691 
    3278929 
    3276914 
    3276151 
    3211358 
    3185473 
    3152777 
    3152399 
    3151543 
    3142928 
    3142250 
    3136674 
    3130409 
    3124648 
    3078692 
    3077452 
    3072283 
    3071856 
    3070969 
    3070751 
    3068450 
    3065132 
    3063703 
    3062866 
    3061234 
    3057262 
    3056800 
    3055242 
    3054560 
    3053809 
    3052995 
    3051614 
    3047965 
    3046992 
    3046336 
    3046093 
    3045472 
    2971527 
    2966673 
    2965346 
    2900363 
    2856464 
    2852833 
    2852746 
    2850074 
    2849071 
    2848112 
    2847847 
    2847631 
    2845489 
    2843412 
    2840525 
    2839391 
    2839390 
    2838279 
    2836959 
    2832672 
    2832235 
    2832031 
    2827984 
    2470205 
    2468438 
    2464520 
    2461847 
    2460850 
    2456973 
    2453124 
    2451843 
    2448095 
    3808405 
    3799575 
    3673992 
    3673038 
    3628943 
    3612394 
    3607994 
    3557309 
    3555595 
    3554000 
    3551115 
    3548283 
    3547468 
    3545364 
    3542402 
    3540261 
    3539562 
    3538154 
    3538152 
    3498073 
    3436933 
    3433727 
    3330337 
    3330336 
    3330122 
    3329162 
    3328907 
    3326576 
    3326279 
    3324295 
    3322832 
    3322613 
    3320415 
    3316749 
    3316337 
    3314487 
    3313024 
    3311869 
    3311563 
    3310096 
    3309796 
    3307352 
    3306304 
    3305410 
    3303413 
    3303118 
    3300223 
    3299967 
    3297905 
    3296902 
    3296714 
    3296372 
    3296219 
    3295570 
    3295223 
    3149957 
    3130012 
    3038768 
    3038767 
    3038716 
    3034357 
    3034356 
    3031288 
    3029574 
    3027784 
    2967527 
    2959148 
    2958926 
    2958535 
    2957530 
    2955448 
    2954506 
    2954180 
    2953915 
    2953735 
    2953370 
    2953291 
    2953238 
    2845609 
    2833194 
    2830646 
    2827256 
    2825896 
    2823737 
    2819941 
    2450066 
    3956529 
    3952445 
    3950359 
    3820766 
    3775620 
    3749498 
    3548082 
    3548003 
    3544185 
    3544176 
    3543741 
    3540376 
    3532572 
    3532189 
    3532188 
    3531629 
    3530708 
    3530672 
    3529565 
    3529344 
    3528659 
    3528247 
    3526400 
    3525821 
    3523408 
    3523300 
    3522338 
    3521535 
    3520657 
    3520656 
    3518409 
    3518124 
    3518122 
    3516319 
    3515875 
    3514947 
    3513304 
    3513035 
    3511637 
    3511278 
    3510935 
    3485345 
    3299286 
    3098789 
    3091642 
    3080046 
    3079366 
    3039694 
    3035991 
    3027688 
    3024207 
    3020809 
    3019253 
    3018849 
    3015705 
    3015522 
    3013739 
    3010901 
    3010481 
    3003841 
    2946882 
    2941147 
    2940858 
    2934973 
    2878867 
    2428466 
    3979726 
    3965346 
    3935677 
    3935674 
    3923620 
    3920275 
    3915029 
    3914050 
    3912870 
    3912496 
    3909242 
    3908717 
    3906112 
    3905196 
    3901276 
    3901111 
    3894182 
    3893388 
    3891491 
    3890494 
    3890493 
    3890195 
    3890006 
    3890004 
    3886217 
    3874612 
    3012789 
    3003426 
    3000140 
    2998963 
    2998107 
    2997907 
    2997896 
    2997835 
    2997417 
    2997302 
    2989576 
    2988031 
    2987719 
    2984720 
    2984537 
    2983549 
    2981440 
    2937943 
    2860335 
    2418236 
    2409569 
    2408739 
    6737762 
    6710785 
    6707193 
    6704644 
    6698374 
    6689659 
    6610333 
    6539977 
    6539974 
    6539632 
    6500563 
    6486037 
    6475086 
    6474150 
    6472704 
    6468412 
    6419915 
    6399705 
    6396922 
    6396214 
    6396144 
    6395606 
    6395492 
    6395432 
    6391392 
    6390332 
    6388511 
    6388004 
    6387793 
    6387458 
    6387168 
    6384228 
    6380181 
    6377723 
    6375908 
    6331033 
    6329560 
    6328689 
    6321076 
    6241641 
    6240553 
    6236444 
    6209520 
    6208995 
    6208779 
    6203159 
    6198238 
    6100460 
    6098510 
    6098055 
    6095568 
    6094948 
    6093981 
    6083896 
    6083826 
    6884718 
    6873583 
    6867805 
    6826853 
    6685370 
    6673933 
    6671962 
    6669152 
    6665238 
    6658046 
    6657101 
    6649725 
    6648621 
    6644868 
    6637350 
    6618077 
    6418103 
    6411211 
    6400271 
    6400232 
    6400230 
    6400229 
    6400224 
    6351286 
    6342275 
    6328249 
    6328140 
    6324495 
    6314913 
    6312225 
    6300963 
    6242529 
    6220994 
    6220488 
    6187947 
    6100711 
    7202171 
    7186061 
    7184446 
    7182210 
    7182196 
    7176487 
    7169640 
    7155827 
    7153957 
    7134450 
    7124554 
    7106489 
    7092997 
    7090356 
    7087191 
    7084246 
    7083448 
    7083445 
    7079689 
    7071991 
    7054837 
    7054571 
    7053528 
    7051318 
    7040286 
    6891099 
    6805271 
    6758138 
    6750584 
    6287749 
    6217120 
    6213523 
    6213522 
    6213497 
    6213098 
    6211385 
    6181578 
    6174843 
    7319288 
    7315514 
    7314756 
    7313173 
    7303738 
    7302239 
    7281783 
    7276100 
    7240518 
    7236844 
    7215943 
    7197829 
    7196107 
    7035134 
    7017471 
    6974462 
    6970117 
    6787893 
    6782127 
    6781256 
    6777701 
    6453711 
    6452560 
    6270725 
    6261868 
    6112385 
    7467392 
    7410115 
    7398168 
    7394185 
    7392001 
    7388276 
    7384493 
    7384492 
    7382141 
    7375770 
    7367610 
    7362958 
    7360938 
    7203830 
    7006003 
    6967144 
    6773381 
    6768237 
    6451895 
    6450720 
    6447121 
    6447063 
    6445501 
    6258535 
    6247051 
    6243867 
    543176 
    526796 
    526795 
    524946 
    510864 
    506639 
    488757 
    483875 
    444819 
    435696 
    392206 
    263094 
    161256 
    114806 
    110064 
    105578 
    735249 
    705630 
    689819 
    679515 
    349305 
    342361 
    285682 
    222101 
    917817 
    916958 
    878489 
    834442 
    602255 
    580119 
    409167 
    190667 
    1265273 
    1250506 
    949050 
    181781 
    179390 
    1215776 
    1202578 
    1145227 
    1109605 
    1090976 
    1079088 
    175470 
    174470 
    173198 
    168032 
    4836116 
    4820821 
    4613711 
    4612434 
    4421850 
    4410762 
    4368297 
    4140278 
    4802853 
    4790057 
    4741376 
    4718308 
    4682149 
    4583704 
    4366064 
    4365069 
    4268262 
    4203981 
    5072551 
    4640543 
    4640542 
    4553705 
    4336907 
    5577576 
    5123286 
    4930889 
    5534518 
    5507414 
    5501418 
    5468845 
    5444910 
    5437046 
    5424275 
    5423905 
    5792039 
    5787343 
    5377678 
    5368347 
    5358581 
    5732395 
    5671904 
    5662843 
    4966602 
    4893740 
    4888322 
    6080301 
    6077229 
    6025141 
    5613405 
    5610966 
    4165742 
    5973616 
