Topic: CD010542 

Title: Transient elastography for diagnosis of stages of hepatic fibrosis and cirrhosis in people with alcoholic liver disease 

Query: 
exp Elasticity Imaging Techniques/
(transient elastograph* or fibroscan).mp. [mp=title, abstract, original title, name of substance word, subject heading word, keyword heading word, protocol supplementary concept word, rare disease supplementary concept word, unique identifier]
1 or 2
exp liver cirrhosis/
((hepatic or liver) and (fibrosis or cirrhosis)).mp. [mp=title, abstract, original title, name of substance word, subject heading word, keyword heading word, protocol supplementary concept word, rare disease supplementary concept word, unique identifier]
4 or 5
exp Biopsy, Needle/
liver biops*.mp. [mp=title, abstract, original title, name of substance word, subject heading word, keyword heading word, protocol supplementary concept word, rare disease supplementary concept word, unique identifier]
7 or 8
3 and 6 and 9 

Pids: 
    21751289 
    16314817 
    16969327 
    21157581 
    17291712 
    22957328 
    22912545 
    22893866 
    22872942 
    22864589 
    22863270 
    22848675 
    22837289 
    22796373 
    22788929 
    22733889 
    22733854 
    22700624 
    22699260 
    22698510 
    22672642 
    22671952 
    22643348 
    22617153 
    22609320 
    22609297 
    22574212 
    22560536 
    22537436 
    22536445 
    22521355 
    22519948 
    22512436 
    22503893 
    22497527 
    22488634 
    22469726 
    22432836 
    22416182 
    22414330 
    22408151 
    22404722 
    22384189 
    22370225 
    22345333 
    22333291 
    22318821 
    22302243 
    22289876 
    22278746 
    22271046 
    22261353 
    22257449 
    22246952 
    22239521 
    22239518 
    22233410 
    22197275 
    22173167 
    22173152 
    22140010 
    22138553 
    22103765 
    22103568 
    22100369 
    22098684 
    22027584 
    21967341 
    21952989 
    21930442 
    21907650 
    21898504 
    21898479 
    21846782 
    21781944 
    21216123 
    22409854 
    22176964 
    22138940 
    22129438 
    21987625 
    21971536 
    21911887 
    21894287 
    21893271 
    21822591 
    21799814 
    21783442 
    21779759 
    21680667 
    21678114 
    21670074 
    21661428 
    21655540 
    21631559 
    21623677 
    21608066 
    21586228 
    21565752 
    21535322 
    21517974 
    21517924 
    21497746 
    21468012 
    21460032 
    21452541 
    21447865 
    21439919 
    21435119 
    21399926 
    21393486 
    21376047 
    21344353 
    21332545 
    21321842 
    21299910 
    21273523 
    21256907 
    21254180 
    21235598 
    21205132 
    21198828 
    21182552 
    21175811 
    21168459 
    21157442 
    21146892 
    21146243 
    21129129 
    21104600 
    21079513 
    21068129 
    21062388 
    21040236 
    21039302 
    20932598 
    20817625 
    20697747 
    20603783 
    20196798 
    20088890 
    21165451 
    21071307 
    21039833 
    21033238 
    20969464 
    20966469 
    20939112 
    20939109 
    20850886 
    20844365 
    20828377 
    20807336 
    20796156 
    20731129 
    20720270 
    20713037 
    20704691 
    20682514 
    20660455 
    20658587 
    20617863 
    20587855 
    20561029 
    20544947 
    20529989 
    20515796 
    20496758 
    20492510 
    20491742 
    20471892 
    20471720 
    20458851 
    20455345 
    20428950 
    20385422 
    20361076 
    20331759 
    20306380 
    20222092 
    20207872 
    20206870 
    20196962 
    20172290 
    20171943 
    20167986 
    20135110 
    20104185 
    20101745 
    20068346 
    20006397 
    20002560 
    19940782 
    19925459 
    19921111 
    19920809 
    19887952 
    19874490 
    19874477 
    19839063 
    19804501 
    19780940 
    19745758 
    19732322 
    19609218 
    21179914 
    20198894 
    20180445 
    20180444 
    20037265 
    20010062 
    20001156 
    19965159 
    19959511 
    19938190 
    19856447 
    19822238 
    19789246 
    19725892 
    19718953 
    19715940 
    19709363 
    19703889 
    19610141 
    19578234 
    19563503 
    19562623 
    19524169 
    19519733 
    19505671 
    19502649 
    19482565 
    19478678 
    19477552 
    19457152 
    19457153 
    19446446 
    19434742 
    19430093 
    19426398 
    19399815 
    19381121 
    19376422 
    19346784 
    19337635 
    19322509 
    19308312 
    19291784 
    19254351 
    19236541 
    19236273 
    19215579 
    19175875 
    19140221 
    19138576 
    19121647 
    19022517 
    19019481 
    19017551 
    19013661 
    19005758 
    18987556 
    18832522 
    18673426 
    18672413 
    18637064 
    19195629 
    19124923 
    19124915 
    19104699 
    19086958 
    19072402 
    19030204 
    18995217 
    18985805 
    18973849 
    18956295 
    18930329 
    18818788 
    18807134 
    18761707 
    18705692 
    18691352 
    18675186 
    18615357 
    18568136 
    18566553 
    18563842 
    18544945 
    18544943 
    18528937 
    18524692 
    18504591 
    18496894 
    18494155 
    18471441 
    18456573 
    18448567 
    18410556 
    18397389 
    18395077 
    18389904 
    18334275 
    18282151 
    18253138 
    18221303 
    18218676 
    18192914 
    18184025 
    18166342 
    18098325 
    18083083 
    18081731 
    18081722 
    18159150 
    18080057 
    18030211 
    17965633 
    17916549 
    17850410 
    17828808 
    17763808 
    17708599 
    17585186 
    17530363 
    17503318 
    17498249 
    17415348 
    17258346 
    17255218 
    17239163 
    17030451 
    17438875 
    17227522 
    17203518 
    17014063 
    16886917 
    16865773 
    16823833 
    16782627 
    16696812 
    16628644 
    16538113 
    16394849 
    16121354 
    15690481 
    15685546 
    14698338 
