Topic: CD012083 

Title: Ultrasonography for confirmation of gastric tube placement 

Query: 
exp Ultrasonography/
(ultrason* or ultrasound* or echotomograph* or echo tomograph* or echograph* or sonograph* or ultra sound or acoustic).ti,ab,kw.
1 or 2
exp Intubation, Gastrointestinal/
((stomach or gastric or gastro* or nasogastric or feeding or fine bore or Ryles) adj3 (tube* or intubat*)).ti,ab,kw.
4 or 5
3 and 6
animals/ not human/s
7 not 8
limit 9 to ed=19460101-20160228 

Pids: 
    22844766 
    2190330 
    24233318 
    7754961 
    26334607 
    26496563 
    25916056 
    25720367 
    25671476 
    25616518 
    25548345 
    26183741 
    25526418 
    25434390 
    25295635 
    25214038 
    25188737 
    25003677 
    24997185 
    24915936 
    24884619 
    24837648 
    24815704 
    24712043 
    24594366 
    24079990 
    23980565 
    24507394 
    24356764 
    24350525 
    24273804 
    24267579 
    24137037 
    24033591 
    23844672 
    23838494 
    23814219 
    23758299 
    23698854 
    23652910 
    23599811 
    23546303 
    23513323 
    23477975 
    23473529 
    23456644 
    23440988 
    23429943 
    23355320 
    23287876 
    22689226 
    23154229 
    23152182 
    23147359 
    23139988 
    22885942 
    22883650 
    22832999 
    22828845 
    22698507 
    22691418 
    22622722 
    22512878 
    22464161 
    22386350 
    22209831 
    22100480 
    22081053 
    21953368 
    21819484 
    21334155 
    22971943 
    22287420 
    22151245 
    21962989 
    21872717 
    21636874 
    21600640 
    21599942 
    21533937 
    21497055 
    21337653 
    21287147 
    21184903 
    21184103 
    21136033 
    21099683 
    20700608 
    20512321 
    20427207 
    19879574 
    22338429 
    21229692 
    21187673 
    21175504 
    21140106 
    20857371 
    20845274 
    20716048 
    20622259 
    20517261 
    20438946 
    20376493 
    20212295 
    20206342 
    20177861 
    20152318 
    20128180 
    20049578 
    19882195 
    20037452 
    19921615 
    19842192 
    19816035 
    19769822 
    19598308 
    19553500 
    19321900 
    19207781 
    19151273 
    19102815 
    19010056 
    18617229 
    18614327 
    19028225 
    18970921 
    18778981 
    18609146 
    18581892 
    18496115 
    18495838 
    18322883 
    18302317 
    18094979 
    18071718 
    18361224 
    18273765 
    18172346 
    18158671 
    18076838 
    17710454 
    17661242 
    17631478 
    17523294 
    17499696 
    17499695 
    17450494 
    17384478 
    17377135 
    17344006 
    17325919 
    17304415 
    17163329 
    17109264 
    17103307 
    17068896 
    16967678 
    16938715 
    16923942 
    16728304 
    16618618 
    16613047 
    16575129 
    16500474 
    16495415 
    16469568 
    16459234 
    16154594 
    16300708 
    16277722 
    16256911 
    16172849 
    16097014 
    16078722 
    16032455 
    15980899 
    15966940 
    15930991 
    15894446 
    15849845 
    15821936 
    15805710 
    15650958 
    16221350 
    15666270 
    15593456 
    15520484 
    15513355 
    15505316 
    15370684 
    15241242 
    15177672 
    15006581 
    14749955 
    14735013 
    14602266 
    14587946 
    14574283 
    14567739 
    12918205 
    12882064 
    12819458 
    12804934 
    12768799 
    12695864 
    12539253 
    12424581 
    12167786 
    12126245 
    12018723 
    11928051 
    11874558 
    11787282 
    11680941 
    11560751 
    11484448 
    11478827 
    11388396 
    11346210 
    11345182 
    11143516 
    11021010 
    11009299 
    10989996 
    10914772 
    10875005 
    10844847 
    10803831 
    10786985 
    10603138 
    10563067 
    10525782 
    10522616 
    10453304 
    10430378 
    10427462 
    10402823 
    10402774 
    10353929 
    10326887 
    10189386 
    9820378 
    9786133 
    9666685 
    9654567 
    9647024 
    9595928 
    9456966 
    9589929 
    9399769 
    9258738 
    9200092 
    9199922 
    9059189 
    9121086 
    8925754 
    8874307 
    8827577 
    8765184 
    8553927 
    9827083 
    8579676 
    7735539 
    7710796 
    7624559 
    7600826 
    7557188 
    7549736 
    7538880 
    8313842 
    8299328 
    8164143 
    8085760 
    8059157 
    8003865 
    7986551 
    7885776 
    7882772 
    7878238 
    8441097 
    8346962 
    8229535 
    8223812 
    8211045 
    1632272 
    1491921 
    1469564 
    2063677 
    2048700 
    2013991 
    1987582 
    1935382 
    1902957 
    1899988 
    1718503 
    2278230 
    2275157 
    2076720 
    1963933 
    2919963 
    2798830 
    2756278 
    2671171 
    2516531 
    2504909 
    3127572 
    3058407 
    3051967 
    2455407 
    3615851 
    2978282 
    4064538 
    3913653 
    3910955 
    6735059 
    6732609 
    6508257 
    6826724 
    6676962 
    7277768 
    456221 
    261479 
