Topic: CD011431 

Title: Rapid diagnostic tests for diagnosing uncomplicated non-falciparum or Plasmodium vivax malaria in endemic countries 

Query: 
Exp Malaria/
Exp Plasmodium/
Malaria.ti,ab
1 or 2 or 3
Exp Reagent kits, diagnostic/
rapid diagnos* test*.ti,ab
RDT.ti,ab
Dipstick*.ti,ab
Rapid diagnos* device*.ti,ab
MRDD.ti,ab
OptiMal.ti,ab
Binax NOW.ti,ab
ParaSight.ti,ab
Immunochromatograph*.ti,ab
Antigen detection method*.ti,ab
Rapid malaria antigen test*.ti,ab
Combo card test*.ti,ab
Immunoassay/
Chromatography/
Enzyme-linked immunosorbent assay/
Rapid test*.ti,ab
Card test*.ti,ab
Rapid AND (detection* or diagnos*).ti,ab
5 or 6 or 7 or 8 or 9 or 10 or 11 or 12 or 13 or 14 or 15 or 16 or 17 or 18 or 19 or 20 or 21 or 22 or 23 16 or 17 or 18 or 19 or 20 or 21 or 22 or 23
4 and 23
Limit 25 to Human
limit 26 to ed=19400101-20131231 

Pids: 
    21771419 
    18784230 
    21910780 
    12062556 
    1405824 
    1405822 
    22943054 
    16235185 
    15672556 
    7709870 
    22128640 
    16001597 
    24172939 
    24065517 
    24062484 
    24048274 
    23980131 
    23937722 
    23876112 
    23866258 
    23863769 
    23849053 
    23836567 
    23834997 
    23822515 
    23815862 
    23815811 
    23805822 
    23782675 
    23773317 
    23758950 
    23742633 
    23734797 
    23732448 
    23728693 
    23724638 
    23721276 
    23703348 
    23687694 
    23683333 
    23672079 
    23667710 
    23667337 
    23663437 
    23638201 
    23637865 
    23634654 
    23633405 
    23633403 
    23617722 
    23607504 
    23593309 
    23587697 
    23587371 
    23587179 
    23575041 
    23562879 
    23510231 
    23509434 
    23497188 
    23493003 
    23477559 
    23472135 
    23472129 
    23465532 
    23442748 
    23438048 
    23433302 
    23433252 
    23433230 
    23426929 
    23423341 
    23413992 
    23409963 
    23408691 
    23403171 
    23391603 
    23389615 
    23383869 
    23382275 
    23373854 
    23372839 
    23363768 
    23356837 
    23349994 
    23349786 
    23347727 
    23345297 
    23339668 
    23339016 
    23311646 
    23301027 
    23294844 
    23294729 
    23258268 
    23249688 
    23239093 
    23222949 
    23208885 
    23136222 
    23135948 
    23107370 
    23102548 
    23100347 
    23085326 
    23055384 
    23041541 
    22806325 
    22589226 
    23777023 
    23455781 
    23276228 
    23272998 
    23256803 
    23249201 
    23234579 
    23226937 
    23217163 
    23217104 
    23199403 
    23183485 
    23176717 
    23174525 
    23173765 
    23164062 
    23158019 
    23152766 
    23148864 
    23144935 
    23133635 
    23107665 
    23107162 
    23106909 
    23101225 
    23095668 
    23091194 
    23056014 
    23049917 
    23043557 
    23035191 
    23029094 
    23028559 
    23022040 
    23012953 
    23011504 
    23009244 
    23000865 
    22997080 
    22993409 
    22985344 
    22974115 
    22958321 
    22958259 
    22952703 
    22952633 
    22947418 
    22946985 
    22938625 
    22929630 
    22929537 
    22927801 
    22920654 
    22916256 
    22915610 
    22900750 
    22898068 
    22859362 
    22848096 
    22835018 
    22833603 
    22823999 
    22818754 
    22818744 
    22818643 
    22804625 
    22782471 
    22770511 
    22770130 
    22765160 
    22764292 
    22761296 
    22747655 
    22740294 
    22734602 
    22734432 
    22720788 
    22704733 
    22702318 
    22691364 
    22682276 
    22675573 
    22662630 
    22647557 
    22631858 
    22610927 
    22596243 
    22595272 
    22573596 
    22569198 
    22564504 
    22554149 
    22550113 
    22545931 
    22536317 
    22521034 
    22519958 
    22514617 
    22513192 
    22488304 
    22474362 
    22469496 
    22460007 
    22453027 
    22451729 
    22447794 
    22443344 
    22430000 
    22423618 
    22396014 
    22386676 
    22377962 
    22369777 
    22363640 
    22337855 
    22330227 
    22327435 
    22311085 
    22302848 
    22302847 
    22269037 
    22259210 
    22238621 
    22232456 
    22232446 
    22225699 
    22221821 
    22205350 
    22200962 
    22198787 
    22160444 
    22142790 
    22099005 
    22098135 
    22093812 
    22089818 
    22074115 
    22032415 
    21995286 
    21968908 
    21922236 
    21908138 
    21700669 
    21360085 
    23785886 
    23785883 
    23785872 
    23785869 
    23781643 
    23016476 
    22688483 
    22384292 
    22284402 
    22216359 
    22187611 
    22185638 
    22183039 
    22182758 
    22182735 
    22177014 
    22171950 
    22166001 
    22164279 
    22144432 
    22114867 
    22074250 
    22054069 
    22050832 
    22049032 
    22047131 
    22047089 
    22041470 
    22039780 
    22039751 
    22035466 
    22035448 
    22034851 
    22029477 
    22027922 
    22021279 
    22019287 
    22004666 
    21999570 
    21986614 
    21978238 
    21957869 
    21951996 
    21943212 
    21933376 
    21909781 
    21901735 
    21880972 
    21870168 
    21860139 
    21851625 
    21834995 
    21816087 
    21811643 
    21806821 
    21801345 
    21799910 
    21796913 
    21787108 
    21781291 
    21774805 
    21767366 
    21752945 
    21752163 
    21750697 
    21749585 
    21743244 
    21735422 
    21734138 
    21734120 
    21730769 
    21727668 
    21703016 
    21703009 
    21696587 
    21692310 
    21676264 
    21664340 
    21663878 
    21663661 
    21651828 
    21651827 
    21639926 
    21619038 
    21608501 
    21605401 
    21599931 
    21599880 
    21592332 
    21575152 
    21569328 
    21554712 
    21543573 
    21533048 
    21529365 
    21525225 
    21514747 
    21508921 
    21505300 
    21503496 
    21499691 
    21496333 
    21494674 
    21481643 
    21467015 
    21461266 
    21457570 
    21453521 
    21444988 
    21444989 
    21435256 
    21426579 
    21412577 
    21410954 
    21398075 
    21390277 
    21376357 
    21373650 
    21350795 
    21349623 
    21342729 
    21320243 
    21314992 
    21311583 
    21308578 
    21303528 
    21297938 
    21292291 
    21270224 
    21226920 
    21226910 
    21226795 
    21221645 
    21219614 
    21208275 
    21207062 
    21161559 
    21088023 
    21087378 
    20735767 
    20718798 
    20298268 
    22768476 
    21520652 
    21495589 
    21491742 
    21203389 
    21176228 
    21176131 
    21144034 
    21143962 
    21126328 
    21122128 
    21118927 
    21092394 
    21092176 
    21076168 
    21059211 
    21050324 
    21050055 
    21040254 
    21036824 
    21034492 
    21030942 
    20979601 
    20974009 
    20973878 
    20967248 
    20937094 
    20932605 
    20930074 
    20920328 
    20920216 
    20877714 
    20858230 
    20849590 
    20840738 
    20834082 
    20822506 
    20810809 
    20799940 
    20712876 
    20691048 
    20684792 
    20670289 
    20670288 
    20670287 
    20665965 
    20663184 
    20659316 
    20650003 
    20646312 
    20642834 
    20642355 
    20642354 
    20641142 
    20626863 
    20625548 
    20624312 
    20618990 
    20609211 
    20602766 
    20595503 
    20595479 
    20577158 
    20565816 
    20554824 
    20554822 
    20553598 
    20529273 
    20525322 
    20487570 
    20486352 
    20470441 
    20459613 
    20421630 
    20412600 
    20409349 
    20406492 
    20398428 
    20398318 
    20398262 
    20378137 
    20356369 
    20337134 
    20232100 
    20226032 
    20207689 
    20178654 
    20100352 
    20096111 
    20093160 
    20092624 
    20092620 
    20090933 
    20089781 
    20089158 
    20075115 
    20074487 
    20074372 
    20065013 
    20065011 
    20046181 
    20046179 
    20038084 
    20019574 
    20005196 
    19961564 
    19954755 
    19846265 
    19840032 
    19778519 
    19765788 
    20578447 
    20509472 
    20345005 
    20302829 
    20218482 
    20218479 
    20028563 
    20025183 
    20003378 
    20003328 
    20003199 
    20000028 
    19996417 
    19995437 
    19959854 
    19954537 
    19954532 
    19948018 
    19939271 
    19930666 
    19930609 
    19863789 
    19860920 
    19836683 
    19797946 
    19795757 
    19788819 
    19772628 
    19751654 
    19735557 
    19728882 
    19724695 
    19707580 
    19695126 
    19686072 
    19682968 
    19653914 
    19640282 
    19635896 
    19624812 
    19604369 
    19597194 
    19595360 
    19583909 
    19562032 
    19561430 
    19530624 
    19527797 
    19519915 
    19502694 
    19499726 
    19479634 
    19478250 
    19478249 
    19477476 
    19475137 
    19465064 
    19461094 
    19439097 
    19419588 
    19416545 
    19416497 
    19407111 
    19402959 
    19401314 
    19399160 
    19399156 
    19386395 
    19384681 
    19376669 
    19371426 
    19371415 
    19362256 
    19356235 
    19346368 
    19332912 
    19292919 
    19272157 
    19270300 
    19263088 
    19222821 
    19190212 
    19187517 
    19185326 
    19177169 
    19173772 
    19168954 
    19166574 
    19156192 
    19147417 
    19147413 
    19146706 
    19127977 
    19127974 
    19123932 
    19121281 
    19111872 
    19019399 
    18951743 
    18786847 
    19413207 
    19359236 
    19271402 
    19123315 
    19091039 
    19038063 
    19019233 
    18983278 
    18981501 
    18976561 
    18959777 
    18957099 
    18853608 
    18834523 
    18817574 
    18814727 
    18807374 
    18803880 
    18800620 
    18793416 
    18793410 
    18760252 
    18719728 
    18718028 
    18717998 
    18711803 
    18707548 
    18703302 
    18680960 
    18631377 
    18620610 
    18620560 
    18603111 
    18598344 
    18593340 
    18589463 
    18586290 
    18569149 
    18549480 
    18541764 
    18524335 
    18513771 
    18510724 
    18498626 
    18492245 
    18458305 
    18442362 
    18390603 
    18375970 
    18343736 
    18342279 
    18337332 
    18332766 
    18316995 
    18302850 
    18302186 
    18298604 
    18297164 
    18256418 
    18240951 
    18234078 
    18228564 
    18228555 
    18226243 
    18226224 
    18211951 
    18202438 
    18199700 
    18171245 
    18166801 
    18160449 
    18065455 
    18038150 
    18031779 
    17919672 
    17906843 
    18441999 
    18383801 
    18320124 
    18250936 
    18165484 
    18165483 
    18163135 
    18092531 
    18053347 
    18001481 
    17984362 
    17984357 
    17962153 
    17961215 
    17940319 
    17916421 
    17888737 
    17822533 
    17785155 
    17713633 
    17609321 
    17594284 
    17568930 
    17556616 
    17547098 
    17543127 
    17524244 
    17519412 
    17519013 
    17516404 
    17511424 
    17506881 
    17493270 
    17486264 
    17445146 
    17434795 
    17428334 
    17407555 
    17370518 
    17362594 
    17360871 
    17335694 
    17332658 
    17300631 
    17279569 
    17259188 
    17257891 
    17244413 
    17215045 
    17206274 
    17150235 
    17135432 
    17049572 
    17340848 
    17201301 
    17175704 
    17172395 
    17172391 
    17153692 
    17148078 
    17113917 
    17060870 
    17050066 
    17034070 
    17021060 
    17018138 
    17003770 
    17002725 
    16954261 
    16943212 
    16938421 
    16937184 
    16912713 
    16891491 
    16887738 
    16878344 
    16859089 
    16843832 
    16837729 
    16813240 
    16778310 
    16760500 
    16749927 
    16719547 
    16715782 
    16711337 
    16687674 
    16672421 
    16603648 
    16584575 
    16573843 
    16553923 
    16530797 
    16525099 
    16505556 
    16501726 
    16492359 
    16455928 
    16451345 
    16447106 
    16913523 
    16548497 
    16517998 
    16410895 
    16333084 
    16297303 
    16282293 
    16282292 
    16259289 
    16256049 
    16216106 
    16193981 
    16192446 
    16191509 
    16174539 
    16172468 
    16156968 
    16153298 
    16138310 
    16124417 
    16124416 
    16100424 
    16088837 
    16046285 
    16027061 
    16014858 
    15969747 
    15964951 
    15964950 
    15962627 
    15960708 
    15904775 
    15897534 
    15872277 
    15869776 
    15857551 
    15838784 
    15807800 
    15784446 
    15772315 
    15767635 
    15728862 
    15701550 
    15655012 
    15635037 
    15584018 
    15550304 
    17304748 
    17298125 
    16862709 
    16859025 
    15586903 
    15555670 
    15549388 
    15525224 
    15461206 
    15452770 
    15373667 
    15361993 
    15331827 
    15272742 
    15255320 
    15238168 
    15232515 
    15228812 
    15217738 
    15159369 
    15155979 
    15152184 
    15135115 
    15117307 
    15107507 
    15022615 
    15007639 
    15000726 
    15000725 
    14996360 
    14993620 
    14974756 
    14766829 
    14742196 
    16117960 
    15270541 
    15259463 
    14740873 
    14688565 
    14655635 
    14642205 
    14629768 
    14605156 
    14573641 
    14550478 
    14516298 
    14511563 
    12971513 
    12950138 
    12932092 
    12930096 
    12916786 
    12848724 
    12791849 
    12766332 
    12741891 
    12731420 
    12665429 
    12641610 
    12632149 
    12632146 
    12587607 
    12572958 
    12530504 
    12518844 
    12461593 
    12454171 
    12454146 
    12436172 
    12409392 
    12387772 
    12364379 
    12358891 
    12355993 
    12219143 
    12214515 
    12206972 
    12201580 
    12174773 
    12174772 
    12167093 
    12164291 
    12139227 
    12123407 
    12121957 
    12096003 
    12082710 
    12080971 
    12057020 
    12031069 
    11989528 
    11952945 
    11937424 
    11925996 
    11904103 
    11854085 
    11848616 
    11826014 
    11797176 
    11781267 
    11755428 
    16894760 
    14513934 
    14510166 
    11802273 
    11784420 
    11738704 
    11728042 
    11719111 
    11718543 
    11716121 
    11716120 
    11693975 
    11591804 
    11584652 
    11548315 
    11548313 
    11548307 
    11532200 
    11517439 
    11513554 
    11512657 
    11500771 
    11490988 
    11487366 
    11474008 
    11460936 
    11441695 
    11427610 
    11425156 
    11411942 
    11293505 
    11280055 
    11251904 
    11230422 
    11225143 
    11205592 
    11181156 
    11305248 
    11289012 
    11262857 
    11258491 
    11191436 
    11125340 
    11123823 
    11109942 
    11021063 
    11003728 
    10991837 
    10983554 
    10948029 
    10929245 
    10900922 
    10900908 
    10846235 
    10816152 
    10774631 
    10763185 
    10750873 
    10699018 
    10675153 
    10675152 
    12563794 
    12563774 
    11593576 
    11398664 
    10928351 
    10862317 
    10810581 
    10774675 
    10734522 
    10715695 
    10701207 
    10697886 
    10696409 
    10696410 
    10696408 
    10610376 
    10561760 
    10560678 
    10546844 
    10511977 
    10492788 
    10492756 
    10489737 
    10463010 
    10449488 
    10444878 
    10444320 
    10431424 
    10414147 
    10405377 
    10399441 
    10357861 
    10232784 
    10215455 
    10203469 
    10194746 
    10072131 
    9988333 
    9986839 
    9889214 
    12078230 
    10493050 
    9815250 
    9803816 
    9773192 
    9764322 
    9754317 
    9740265 
    9698249 
    9683894 
    9676712 
    9658245 
    9646004 
    9594675 
    9582585 
    9546420 
    9492776 
    9431947 
    9656392 
    9561595 
    9513149 
    9509627 
    9509174 
    9463665 
    9444000 
    9425385 
    9373633 
    9373634 
    9373631 
    9264740 
    9236821 
    9196768 
    9146847 
    9091864 
    9080879 
    9063360 
    9056573 
    10163571 
    9279979 
    9125830 
    9070390 
    9060222 
    9060220 
    9015508 
    8987409 
    8980591 
    8952670 
    8944275 
    8940977 
    8862600 
    8763589 
    8758063 
    8730315 
    8704940 
    8665389 
    8653815 
    8846490 
    8784548 
    8649265 
    8556790 
    7856824 
    7778193 
    7729483 
    8153990 
    7984918 
    7943697 
    7943549 
    7937947 
    7906328 
    7570824 
    8488374 
    8454019 
    8376875 
    8296363 
    8266400 
    8253995 
    8233599 
    8214811 
    8129478 
    8112044 
    7688429 
    1566308 
    1566302 
    1566295 
    1566015 
    1537547 
    1491313 
    1455266 
    1443341 
    1422273 
    1406728 
    1298067 
    2068755 
    2057994 
    2050510 
    2011638 
    2003927 
    1996554 
    1926283 
    1842063 
    1819395 
    1802530 
    1741811 
    1723723 
    1705646 
    1670842 
    2283387 
    2233540 
    2195288 
    2190592 
    2119482 
    1690798 
    2680936 
    2567370 
    2566817 
    2564537 
    2468981 
    2465466 
    2462660 
    3281491 
    3208546 
    3059666 
    3057927 
    3045377 
    3042448 
    3548451 
    3445339 
    3319260 
    3129797 
    2882132 
    2446789 
    3532848 
    3513640 
    2946496 
    3931592 
    3898482 
    3895998 
    6437727 
    6431657 
    6874816 
    6863496 
    6549606 
    6359901 
    6354641 
    6340848 
    7090371 
    6280318 
    117056 
    1037089 
    4097397 
    4183281 
