Topic: CD011420 

Title: Lateral flow urine lipoarabinomannan assay for detecting active tuberculosis in HIV-positive adults 

Query: 
(test[tiab] OR assay[tiab] OR antigen[tiab] OR Ag[tiab] OR lateral flow assay*[tiab] OR urine antigen[tiab] OR point of care[tiab])
AND	(LAM[tiab] OR "lipoarabinomannan"[Supplementary Concept] OR lipoarabinomannan[tiab])
AND (Tuberculosis[Mesh] OR Mycobacterium tuberculosis[Mesh] OR tuberculosis[tiab] Or TB[tiab]) AND 1940/01/01:2015/02/28[crdt] 

Pids: 
    25674511 
    25588651 
    25471640 
    25415288 
    25176311 
    25075867 
    25006829 
    25005431 
    25000489 
    24968240 
    24874401 
    24859782 
    24818083 
    24684481 
    24681334 
    24675585 
    24637544 
    24614769 
    24572295 
    24571362 
    24448419 
    24429376 
    24429314 
    24384074 
    24346639 
    24274710 
    24168211 
    24004840 
    23945374 
    23826637 
    23825194 
    23672167 
    23562367 
    23528956 
    23485389 
    23390504 
    23196205 
    23190246 
    23175600 
    23147148 
    23102462 
    23038254 
    22971064 
    22880012 
    22845473 
    22815718 
    22720192 
    22710609 
    22710249 
    22709935 
    22568711 
    22555166 
    22536883 
    22531759 
    22507872 
    22412939 
    22369353 
    22363820 
    22362849 
    22318975 
    22169090 
    22145504 
    22103621 
    22033469 
    21996698 
    21996695 
    22015305 
    22015304 
    21963941 
    21832100 
    21765364 
    21742243 
    21700601 
    21678282 
    21383969 
    21283655 
    21247063 
    21203513 
    21045009 
    20875492 
    20599865 
    20579382 
    20550766 
    20534796 
    20375787 
    20352098 
    20223296 
    20212340 
    20108382 
    19892432 
    19890824 
    19878608 
    19876393 
    19793430 
    19723379 
    19715562 
    19692904 
    19654261 
    19651855 
    19651854 
    19577573 
    19559650 
    19277111 
    19230183 
    19129468 
    19108722 
    19049470 
    18595132 
    18452585 
    18204122 
    18207158 
    18085168 
    18080533 
    18056384 
    17714444 
    17709420 
    17660426 
    17460055 
    17446277 
    17269370 
    17253979 
    17252234 
    17176104 
    17158455 
    17152015 
    17085575 
    17072031 
    16817794 
    16760317 
    16569358 
    16540297 
    16238626 
    16229223 
    16210860 
    16183426 
    16139316 
    16092920 
    16034117 
    16011144 
    15920982 
    15757272 
    23105508 
    15611594 
    15560754 
    15373902 
    15358657 
    15358642 
    15102070 
    14715547 
    12925680 
    12922145 
    12758196 
    12654790 
    12595462 
    12552438 
    12522045 
    12471129 
    12368438 
    12228272 
    12160321 
    12071842 
    11964144 
    11931640 
    11928861 
    11920324 
    11812361 
    11778183 
    11776552 
    11677227 
    11552951 
    11489920 
    11456399 
    11402004 
    11345220 
    11295196 
    11292429 
    11263389 
    11238218 
    10834989 
    10806179 
    10603406 
    10520182 
    10499822 
    10459843 
    10337017 
    10094325 
    9883609 
    9780265 
    9562127 
    9553708 
    9545696 
    9472660 
    9417127 
    9423870 
    9423298 
    9357487 
    9316929 
    9233632 
    9432374 
    9009287 
    9008794 
    9008280 
    8910503 
    8897185 
    8936990 
    8816382 
    8808639 
    8787690 
    8784611 
    9275388 
    8808264 
    8866984 
    7635156 
    7664183 
    7863264 
    7979173 
    7767101 
    7910594 
    8134378 
    7496934 
    8132212 
    8406806 
    8260665 
    8254001 
    8369515 
    7684503 
    7683696 
    1462120 
    1308483 
    1287946 
    1401008 
    1624801 
    1376756 
    1583106 
    1585290 
    1371954 
    2127645 
    2126265 
    2205685 
    2128836 
    2116239 
    2501348 
    2647572 
    2469120 
    2467001 
    2674558 
    3147152 
    3312018 
    3116103 
    3106496 
    3091602 
