Topic: CD012233 

Title: Transabdominal ultrasound and endoscopic ultrasound for diagnosis of gallbladder polyps 

Query: 
exp Gallbladder/ OR exp Gallbladder Neoplasm/ OR exp Gallbladder Diseases/
Gallbladder*.tw
Biliary.tw
Billiary.tw
Gall-bladder*.tw
1 OR 2 OR 3 OR 4 OR 5
exp Polyps/ OR exp Adenomatous Polyps/
Polyps.tw or Polyp.tw
Polypos*.tw
polypoid*.tw
Polypectom*.tw
7 OR 8 OR 9 OR 10 OR 11
Ultrasonography/ OR ultrasonography.fs
Ultrasound*.tw OR Ultra-sound*.tw
Ultrasonogra*.tw OR Ultra-sonogra*.tw
Ultrasonic.tw OR Ultra-sonic.tw
Echo*.tw OR Doppler*.tw OR Sonogra*.tw
EUS.tw
13 OR 14 OR 15 OR 16 OR 17 OR 18
6 AND 12 AND 19
limit 20 to ED=19460101-20180709 

Pids: 
    15449990 
    7627396 
    26617893 
    15963227 
    15168995 
    16534690 
    25051838 
    22842744 
    20423788 
    17548945 
    25376159 
    18972168 
    21940376 
    9773949 
    2069394 
    26185884 
    6217118 
    3047862 
    14719768 
    10584433 
    9362194 
    11382326 
    18437113 
    18954953 
    4037551 
    21628925 
    8370219 
    1351717 
    15160761 
    8759667 
    6429757 
    10064408 
    7956618 
    3152410 
    21492053 
    11327363 
    24798355 
    15249249 
    8889963 
    8680633 
    18326230 
    23571143 
    26537391 
    8959366 
    17724896 
    19110676 
    2266568 
    23158888 
    15318978 
    16035679 
    2683741 
    15115967 
    11573372 
    10394874 
    493532 
    9038670 
    11218631 
    8464175 
    8071517 
    17280766 
    1853610 
    9693896 
    8727419 
    1555088 
    7652693 
    2174923 
    9136581 
    16481968 
    26385236 
    16146095 
    10203082 
    25763724 
    1859800 
    12459122 
    21316049 
    18508979 
    26878036 
    22880184 
    23574862 
    20586628 
    10394872 
    23859714 
    27089633 
    8130168 
    10864356 
    9244116 
    11180869 
    25054905 
    9515526 
    19452579 
    11825544 
    15567752 
    3075235 
    24988239 
    16925307 
    22535453 
    17619386 
    16447086 
    10430304 
    9544602 
    1340940 
    3523045 
    8725334 
    21631981 
    10855556 
    18491679 
    23283444 
    20236597 
    1787565 
    27832311 
    17925730 
    25308012 
    25865694 
    1397847 
    16737054 
    2962604 
    24941718 
    9250910 
    8128179 
    17589936 
    28669133 
    11461886 
    6669742 
    10840356 
    20478487 
    20676540 
    27345650 
    17552411 
    7946686 
    25720303 
    21633532 
    2406119 
    21271483 
    3291337 
    21150413 
    21544154 
    8995169 
    24817291 
    1993501 
    3290037 
    3520208 
    7037306 
    9853568 
    8495571 
    22736927 
    7617866 
    7780237 
    23052730 
    11222229 
    9536902 
    27261095 
    3556974 
    1330226 
    1562922 
    22786549 
    1984629 
    19058309 
    17886428 
    4050754 
    8244108 
    20939951 
    3537364 
    26782105 
    9876680 
    3276295 
    8847027 
    24623297 
    19215328 
    10533146 
    6713788 
    14990127 
    8359119 
    14573431 
    11578066 
    3301215 
    17323018 
    2683151 
    2695314 
    1427587 
    23642490 
    19209165 
    7169641 
    26260756 
    26155240 
    16355853 
    14725227 
    20690575 
    12562463 
    12108680 
    24290941 
    10221821 
    3109702 
    12546270 
    8781795 
    2320947 
    1544352 
    8402085 
    11930198 
    12685388 
    17552418 
    24405991 
    6737799 
    21498329 
    1874105 
    15810087 
    11388996 
    11265063 
    1683393 
    21543430 
    27277884 
    1935430 
    19054258 
    8877649 
    22234759 
    19770330 
    22519188 
    25040406 
    10968853 
    10022644 
    19281703 
    9841062 
    7403554 
    28185005 
    23749271 
    19556839 
    3537331 
    12082886 
    11248179 
    8544354 
    20966480 
    26082060 
    25615775 
    26622929 
    8319717 
    11525368 
    16014220 
    23885152 
    29407312 
    7550870 
    1957150 
    27461907 
    23716999 
    9530297 
    6703727 
    16410082 
    9765103 
    8192507 
    1889997 
    16724357 
    2190021 
    16831286 
    1709553 
    2873506 
    7575125 
    28991561 
    9183089 
    9013532 
    12677266 
    12828046 
    14714313 
    25622583 
    20485630 
    17970176 
    24413200 
    23632349 
    9857770 
    16035249 
    2822196 
    19789879 
    3330709 
    16915759 
    23011998 
    14692147 
    23614129 
    19732538 
    14614612 
    22911224 
    12573783 
    21544162 
    20469685 
    10052214 
    19398929 
    18288531 
    9102370 
    18333181 
    18339513 
    29517663 
    27063855 
    6745105 
    21103287 
    11427869 
    23251896 
    9121250 
    3321219 
    10521965 
    25892875 
    22493764 
    17442625 
    8041936 
    17520421 
    17186092 
    1595653 
    8024414 
    6141345 
    8008896 
    11681180 
    18698689 
    16724342 
    27277593 
    24105295 
    7740417 
    26339169 
    3534298 
    9786115 
    14614726 
    17725602 
    21959074 
    19476792 
    25345408 
    9732500 
    27056746 
    17476106 
    2669394 
    15258822 
    8766605 
    3513545 
    8519545 
    28695432 
    20697115 
    8928401 
    21796594 
    26188659 
    2172311 
    16583844 
    6387869 
    22672544 
    18839847 
    2954678 
    8569609 
    3357136 
    24502936 
    22570746 
    24011211 
    17902364 
    3531502 
    23901228 
    9124155 
    11330390 
    3376922 
    8947856 
    16105130 
    23877518 
    7659905 
    10966024 
    12515035 
    11679226 
    18836629 
    18022445 
    7842974 
    24918133 
    7079533 
    1918909 
    18177564 
    9731681 
    19249773 
    2218737 
    24160788 
    21160719 
    16108742 
    8472147 
    2016028 
    25969675 
    23233003 
    15382514 
    12471539 
    11404773 
    27465099 
    114549 
    482621 
    15509055 
    3540290 
    16358628 
    19294871 
    15633239 
    22900213 
    27619811 
    14748869 
    27593864 
    8001488 
    2203169 
    22108768 
    19321683 
    26614062 
    14502326 
    18202526 
    1756150 
    11839709 
    20408262 
    17526608 
    29212476 
    27232657 
    10675467 
    16484961 
    26602932 
    20594225 
    20534137 
    26876392 
    26014326 
    28321707 
    20676865 
    18481437 
    15776094 
    9265676 
    20818117 
    3316769 
    11247292 
    18560972 
    12883614 
    8153864 
    22538700 
    15533231 
    10894571 
    7551277 
    11956904 
    19855259 
    12562123 
    8192415 
    7791953 
    7308700 
    17132923 
    1643988 
    10770409 
    18156119 
    10832674 
    26882481 
    9880780 
    15603310 
    7965466 
    15069726 
    15703653 
    3899247 
    3908718 
    25349563 
    12813604 
    6983266 
    27821035 
    16493367 
    11330391 
    1460825 
    11685029 
    10644321 
    23094182 
    23245932 
    9303638 
    7639236 
    12783356 
    17403356 
    8726845 
    27652569 
    15959715 
    26173984 
    11355916 
    15249245 
    3323881 
    20414857 
    9410537 
    10759734 
    9883999 
    18793401 
    14753603 
    26189633 
    24501957 
