Topic: CD010705 

Title: The diagnostic accuracy of the GenoType® MTBDRsl assay for the detection of resistance to second-line anti-tuberculosis drugs 

Query: 
MTBDR*.ti,ab.
Genotype MTBDR*.ti,ab
or/1-2
exp Tuberculosis, Pulmonary/
exp Tuberculosis, Multidrug-Resistant/
MDR-TB.ti,ab
XDR-TB.ti,ab
Mycobacterium tuberculosis/
TB.ti,ab
tuberculosis.ti,ab
or/4-10
3 and 11 

Pids: 
    24429319 
    24197880 
    24172155 
    24098523 
    24056651 
    24046537 
    24039735 
    24029194 
    23895665 
    23883707 
    23808160 
    23782980 
    23689727 
    23658272 
    23633684 
    23467605 
    23392466 
    23383320 
    23317962 
    23232012 
    23159109 
    23152552 
    23146620 
    23090928 
    21653771 
    23862246 
    23638265 
    23267627 
    23226229 
    23214120 
    23166667 
    23087027 
    22972826 
    22829789 
    22790204 
    22740709 
    22698869 
    22569696 
    22515295 
    22510913 
    22442316 
    22390880 
    22378910 
    22361762 
    22347495 
    22325147 
    22325117 
    22301019 
    22267773 
    22260344 
    22238443 
    22236921 
    22236854 
    22075597 
    22037774 
    22808802 
    22086621 
    22021920 
    21955640 
    21922778 
    21832013 
    21814495 
    21813715 
    21682972 
    21632897 
    21602133 
    21575302 
    21562102 
    21449845 
    21333101 
    21276306 
    21050678 
    20852939 
    20937190 
    20881173 
    20573868 
    20554815 
    20550774 
    20525271 
    20504986 
    20487620 
    20487550 
    20368024 
    20335420 
    20187922 
    19715569 
    19634711 
    19621606 
    19553580 
    19520715 
    19494067 
    19457256 
    19409848 
    19401789 
    19386845 
    19146757 
    18940875 
    18829680 
    19017457 
    18926042 
    18784319 
    18701663 
    18614561 
    18500189 
    17977988 
    17537937 
    17035488 
    17021094 
    16964801 
    16825393 
    16825369 
    16825346 
    16455882 
    16081898 
