Topic: CD010438 

Title: Thromboelastography (TEG) and rotational thromboelastometry (ROTEM) for trauma-induced coagulopathy in adult trauma patients with bleeding 

Query: 
(Thrombelastogra$ or Thromboelastogra$ or (thromb$ adj2 elastogra$) or TEG or haemoscope or haemonetics).mp
Thrombelastography/
(thromboelasto$ or thrombelasto$ or (thromb$ adj2 elastom$) or (rotational adj2 thrombelast) or ROTEM or "tem international").mp.
1 or 2 or 3
exp animals/ not humans.sh.
4 not 5
limit 6 to yr="1970 -Current" 

Pids: 
    23446185 
    23425732 
    23410777 
    23407150 
    23385320 
    23354242 
    23354228 
    23354227 
    23351534 
    23321555 
    23316863 
    23313481 
    23302970 
    23302040 
    23301972 
    23301969 
    23301966 
    23301961 
    23287906 
    23287086 
    23279140 
    23278445 
    23271081 
    23271077 
    23263339 
    23258612 
    23256818 
    23249930 
    23249928 
    23249534 
    23247121 
    23236113 
    23236112 
    23232448 
    23231699 
    23205847 
    23184484 
    23182609 
    23178924 
    23176206 
    23159521 
    23151086 
    23118068 
    23112213 
    23061471 
    22995455 
    22968255 
    22890586 
    22851059 
    22843202 
    22646305 
    22475689 
    22328635 
    22204772 
    18523449 
    22867727 
    22805300 
    22540524 
    22776724 
    18286925 
    20348140 
    23362779 
    23300803 
    23290978 
    23233628 
    23232787 
    23227505 
    23222929 
    23194210 
    23192064 
    23184724 
    23153876 
    23140969 
    23138460 
    23130550 
    23128358 
    23123135 
    23104836 
    23090161 
    23076727 
    23075633 
    23053307 
    23052380 
    23044742 
    23041738 
    23041210 
    23039961 
    23032067 
    22993925 
    22990100 
    22983449 
    22971905 
    22964769 
    22958005 
    22951415 
    22950390 
    22926249 
    22925531 
    22918041 
    22914710 
    22910635 
    22910089 
    22901719 
    22900053 
    22897591 
    22876309 
    22874740 
    22868797 
    22868371 
    22863406 
    22858878 
    22846944 
    22846941 
    22840932 
    22835059 
    22834286 
    22822194 
    22816291 
    22809250 
    22805201 
    22791802 
    22788854 
    22782135 
    22771782 
    22767647 
    22767493 
    22766227 
    22763273 
    22743377 
    22743373 
    22739764 
    22735856 
    22735303 
    22733150 
    22730210 
    22726088 
    22724625 
    22719014 
    22715457 
    22713683 
    22696065 
    22695409 
    22688554 
    22677700 
    22666779 
    22660203 
    22654514 
    22644881 
    22641771 
    22639879 
    22634432 
    22633532 
    22632032 
    22626992 
    22584549 
    22578369 
    22577913 
    22576961 
    22566265 
    22562643 
    22561563 
    22552295 
    22547997 
    22547643 
    22546684 
    22528182 
    22527290 
    22524128 
    22523283 
    22523055 
    22523052 
    22520693 
    22519961 
    22519866 
    22510861 
    22508200 
    22498982 
    22491940 
    22490713 
    22490487 
    22486761 
    22483776 
    22482831 
    22473821 
    22473047 
    22471611 
    22467887 
    22463102 
    22452804 
    22448846 
    22437051 
    22433215 
    22431377 
    22429367 
    22425448 
    22396581 
    22395372 
    22395185 
    22386721 
    22375889 
    22364525 
    22356838 
    22348384 
    22342507 
    22339139 
    22338860 
    22327040 
    22321860 
    22314689 
    22310191 
    22309145 
    22304718 
    22304465 
    22297558 
    22293628 
    22275078 
    22273511 
    22273510 
    22270921 
    22266209 
    22257224 
    22234684 
    22234563 
    22233480 
    22225856 
    22221936 
    22221222 
    22211833 
    22193152 
    22185951 
    22176523 
    22174347 
    22153690 
    22113102 
    22104068 
    22102528 
    22098495 
    22098131 
    22086509 
    22079443 
    22044540 
    22014086 
    22011771 
    21955829 
    21933302 
    21924639 
    21924638 
    21913899 
    21899867 
    21873363 
    21872428 
    21872302 
    21790635 
    21756263 
    21745216 
    21703173 
    21611876 
    20950825 
    22435277 
    22379760 
    22343443 
    22226090 
    22221846 
    22183067 
    22182886 
    22177437 
    22164456 
    22161443 
    22160030 
    22146167 
    22111735 
    22099212 
    22097979 
    22096425 
    22093028 
    22092306 
    22092122 
    22078266 
    22071999 
    22068755 
    22057685 
    22050819 
    22049808 
    22029598 
    22024795 
    22024794 
    22020385 
    22017416 
    22008904 
    21995153 
    21989733 
    21986393 
    21970887 
    21970128 
    21970124 
    21962085 
    21961488 
    21961337 
    21959490 
    21957617 
    21955460 
    21947241 
    21942848 
    21918164 
    21907567 
    21901227 
    21893014 
    21890888 
    21883380 
    21848180 
    21848174 
    21840203 
    21839631 
    21835606 
    21833443 
    21825945 
    21823408 
    21822127 
    21822126 
    21822125 
    21817820 
    21814115 
    21801953 
    21795297 
    21765358 
    21755833 
    21742756 
    21737102 
    21732671 
    21729518 
    21718668 
    21705350 
    21691196 
    21681082 
    21675080 
    21672316 
    21672283 
    21668862 
    21667202 
    21663556 
    21655681 
    21655674 
    21642611 
    21641791 
    21641410 
    21641201 
    21614414 
    21613681 
    21610535 
    21610449 
    21610182 
    21609551 
    21594225 
    21574963 
    21570625 
    21565974 
    21560095 
    21560094 
    21557684 
    21549397 
    21545904 
    21543108 
    21543036 
    21540658 
    21537071 
    21536113 
    21535979 
    21535978 
    21518592 
    21515652 
    21509986 
    21509749 
    21505720 
    21492909 
    21490079 
    21483397 
    21475775 
    21474664 
    21474661 
    21472635 
    21467918 
    21453422 
    21453421 
    21451399 
    21451072 
    21449231 
    21446994 
    21441889 
    21440202 
    21433147 
    21429567 
    21427234 
    21421614 
    21421259 
    21414427 
    21412912 
    21403095 
    21389323 
    21382181 
    21375741 
    21370413 
    21369792 
    21366858 
    21362113 
    21352237 
    21346555 
    21330915 
    21330914 
    21323795 
    21320286 
    21320282 
    21318436 
    21315618 
    21312255 
    21311320 
    21310047 
    21308350 
    21296250 
    21277261 
    21255454 
    21252577 
    21251146 
    21245747 
    21242833 
    21241416 
    21231856 
    21227981 
    21223296 
    21219320 
    21217486 
    21217484 
    21193107 
    21183368 
    21177722 
    21168326 
    21157300 
    21157299 
    21155966 
    21152677 
    21152676 
    21150581 
    21150227 
    21138266 
    21130474 
    21121898 
    21111429 
    21093284 
    21091865 
    21068699 
    21048096 
    20976666 
    20961395 
    20958275 
    20927618 
    20922353 
    20880114 
    20858853 
    20807229 
    20723169 
    20693919 
    20663116 
    20530059 
    20530054 
    22471194 
    21598443 
    21391830 
    21180269 
    21176363 
    21168653 
    21150521 
    21141445 
    21138569 
    21128767 
    21126640 
    21123867 
    21120773 
    21109919 
    21106098 
    21092037 
    21048101 
    21038666 
    20978996 
    20978994 
    20978993 
    20978992 
    20978991 
    20978990 
    20978989 
    20978988 
    20973236 
    20970652 
    20970586 
    20964858 
    20951650 
    20951260 
    20943250 
    20929576 
    20922848 
    20922735 
    20885299 
    20884636 
    20877262 
    20860791 
    20840513 
    20840338 
    20838747 
    20832550 
    20813396 
    20807172 
    20798588 
    20739876 
    20739843 
    20735145 
    20731638 
    20729723 
    20719351 
    20708846 
    20707315 
    20705332 
    20693180 
    20691842 
    20689697 
    20686004 
    20683324 
    20673744 
    20670312 
    20667439 
    20666954 
    20664906 
    20661198 
    20659913 
    20657517 
    20649930 
    20642175 
    20641167 
    20637496 
    20634491 
    20626354 
    20625277 
    20624109 
    20622618 
    20618862 
    20618331 
    20618163 
    20617413 
    20614571 
    20610554 
    20605586 
    20596697 
    20594086 
    20590862 
    20586076 
    20584738 
    20583088 
    20581663 
    20576008 
    20566899 
    20551273 
    20550726 
    20548824 
    20546206 
    20546031 
    20542542 
    20539913 
    20530518 
    20529981 
    20529334 
    20528259 
    20519417 
    20514421 
    20510247 
    20491957 
    20485179 
    20480163 
    20466110 
    20465281 
    20456723 
    20456686 
    20455183 
    20454754 
    20453765 
    20452885 
    20449889 
    20435346 
    20431856 
    20413127 
    20410815 
    20406708 
    20406238 
    20402168 
    20401285 
    20400895 
    20400026 
    20389262 
    20389236 
    20388624 
    20385794 
    20377327 
    20374650 
    20361791 
    20357143 
    20345422 
    20331467 
    20305541 
    20230412 
    20229685 
    20229682 
    20224372 
    20224050 
    20222835 
    20214450 
    20209597 
    20201376 
    20196517 
    20185519 
    20184500 
    20181490 
    20174751 
    20158685 
    20154572 
    20153216 
    20150854 
    20148980 
    20142345 
    20140242 
    20135059 
    20133450 
    20131826 
    20121512 
    20104173 
    20100756 
    20096680 
    20092278 
    20087172 
    20083998 
    20080378 
    20076842 
    20065662 
    20056447 
    20056441 
    20051844 
    20050927 
    20050846 
    20040855 
    20035517 
    20030789 
    20028419 
    20024495 
    20024491 
    20023190 
    20007735 
    20005132 
    19995396 
    19995349 
    19962724 
    19929864 
    19923981 
    19918181 
    19912209 
    19905844 
    19896171 
    19889111 
    19878097 
    19860752 
    19851087 
    19839992 
    19825916 
    19819728 
    19819727 
    19817997 
    19816205 
    19815816 
    19804574 
    19788509 
    19747838 
    19719819 
    19696040 
    19674773 
    19604542 
    19549209 
    19482315 
    19450990 
    19418569 
    19302233 
    20523162 
    20339323 
    20169510 
    20151531 
    20109654 
    20099710 
    20042049 
    20028511 
    20021469 
    20020412 
    20017439 
    20017430 
    20009132 
    19967151 
    19958060 
    19957915 
    19938713 
    19938712 
    19923501 
    19903188 
    19882085 
    19856870 
    19825074 
    19824410 
    19822378 
    19816662 
    19815949 
    19811222 
    19806801 
    19804533 
    19800846 
    19789037 
    19775458 
    19767408 
    19762725 
    19762300 
    19762299 
    19760384 
    19755462 
    19733387 
    19718472 
    19701086 
    19699685 
    19698858 
    19695750 
    19691590 
    19691584 
    19690725 
    19681851 
    19667905 
    19667878 
    19665684 
    19663218 
    19657320 
    19657316 
    19656278 
    19652893 
    19648162 
    19646016 
    19631364 
    19620551 
    19606044 
    19604207 
    19596760 
    19590321 
    19583608 
    19581801 
    19581800 
    19577246 
    19572078 
    19572069 
    19567543 
    19548973 
    19539532 
    19534766 
    19528806 
    19527478 
    19524872 
    19520424 
    19509608 
    19507243 
    19499855 
    19492711 
    19491662 
    19489008 
    19486172 
    19477486 
    19476923 
    19467888 
    19459866 
    19453986 
    19451364 
    19444979 
    19439685 
    19422451 
    19420005 
    19417630 
    19413726 
    19411671 
    19410018 
    19408191 
    19406552 
    19405329 
    19404534 
    19401660 
    19392784 
    19390256 
    19390255 
    19376522 
    19372316 
    19372315 
    19364021 
    19361030 
    19361027 
    19359946 
    19359945 
    19359396 
    19357907 
    19350122 
    19347258 
    19331653 
    19326038 
    19320829 
    19318931 
    19308889 
    19300245 
    19299818 
    19295225 
    19286767 
    19266421 
    19265371 
    19265363 
    19261288 
    19253712 
    19249246 
    19246310 
    19243319 
    19239406 
    19235055 
    19235051 
    19232896 
    19225670 
    19224779 
    19224778 
    19224777 
    19224768 
    19220741 
    19220674 
    19194150 
    19187954 
    19175547 
    19174824 
    19173690 
    19173686 
    19171115 
    19170989 
    19166709 
    19152788 
    19152603 
    19150309 
    19150308 
    19146374 
    19143701 
    19135704 
    19135193 
    19132185 
    19117801 
    19109232 
    19104179 
    19101285 
    19095827 
    19092656 
    19077136 
    19074154 
    19021004 
    19016728 
    19012951 
    19012950 
    18993055 
    18990441 
    18977029 
    18948035 
    18930953 
    18834828 
    18797172 
    18777584 
    18773874 
    18696068 
    18608742 
    18497710 
    18314895 
    19845078 
    19378528 
    19241825 
    19192757 
    19192750 
    19132237 
    19121184 
    19095614 
    19085759 
    19032319 
    19002046 
    19002044 
    18983514 
    18957002 
    18956284 
    18950467 
    18931200 
    18929289 
    18922422 
    18922420 
    18922419 
    18922418 
    18844500 
    18844273 
    18840579 
    18823464 
    18821761 
    18807895 
    18795093 
    18784499 
    18766254 
    18718092 
    18707921 
    18701053 
    18685432 
    18682908 
    18675136 
    18673348 
    18670387 
    18665922 
    18657078 
    18653912 
    18645351 
    18635585 
    18633015 
    18633014 
    18633013 
    18613942 
    18612778 
    18600098 
    18600085 
    18600084 
    18600082 
    18583193 
    18581079 
    18580197 
    18579398 
    18565966 
    18555151 
    18550478 
    18544683 
    18534666 
    18534067 
    18524134 
    18515082 
    18510529 
    18510527 
    18508379 
    18502361 
    18501915 
    18500941 
    18499605 
    18499589 
    18496260 
    18494689 
    18492116 
    18486204 
    18482390 
    18469549 
    18469548 
    18469547 
    18451116 
    18449815 
    18445011 
    18440953 
    18440798 
    18437714 
    18435639 
    18420889 
    18420846 
    18420845 
    18400638 
    18400144 
    18393980 
    18393146 
    18392323 
    18388502 
    18388501 
    18384352 
    18376283 
    18376174 
    18376164 
    18375137 
    18360062 
    18358383 
    18355556 
    18346016 
    18339213 
    18338137 
    18334781 
    18328667 
    18322882 
    18319729 
    18292410 
    18292409 
    18292408 
    18289301 
    18289228 
    18277134 
    18266780 
    18249330 
    18249329 
    18249328 
    18247491 
    18241127 
    18205897 
    18201612 
    18180627 
    18165611 
    18160593 
    18158312 
    18070065 
    18069872 
    18067490 
    18059338 
    18056152 
    18021304 
    18005235 
    17978172 
    17935760 
    17900965 
    17894787 
    17692903 
    18405087 
    18264612 
    18068065 
    18047095 
    18047094 
    18042858 
    18034766 
    18020066 
    18001200 
    17998793 
    17993954 
    17990776 
    17982319 
    17982317 
    17976458 
    17975713 
    17973850 
    17968522 
    17959943 
    17958535 
    17958534 
    17957565 
    17945536 
    17944649 
    17934348 
    17924901 
    17898368 
    17898365 
    17898364 
    17897274 
    17890960 
    17890952 
    17886449 
    17885339 
    17883701 
    17852794 
    17852789 
    17850565 
    17845651 
    17763150 
    17762538 
    17762530 
    17717268 
    17714415 
    17709365 
    17704742 
    17688941 
    17680178 
    17663740 
    17653302 
    17651347 
    17646507 
    17645719 
    17633882 
    17632008 
    17604485 
    17599496 
    17599487 
    17581317 
    17571601 
    17568492 
    17563672 
    17562955 
    17562614 
    17561860 
    17516038 
    17513645 
    17508711 
    17498072 
    17491250 
    17483700 
    17483274 
    17473575 
    17466081 
    17459320 
    17457867 
    17432889 
    17430464 
    17430330 
    17427058 
    17427056 
    17426904 
    17413761 
    17413758 
    17398108 
    17393033 
    17393017 
    17391496 
    17381628 
    17381627 
    17380100 
    17379979 
    17376744 
    17334509 
    17331930 
    17331267 
    17299811 
    17291930 
    17287631 
    17287627 
    17287624 
    17277998 
    17265055 
    17264960 
    17258118 
    17242103 
    17242101 
    17240196 
    17215700 
    17200777 
    17181588 
    17179828 
    17179827 
    17179826 
    17179824 
    17179823 
    17179819 
    17179243 
    17150243 
    17137616 
    17119964 
    17111420 
    17109736 
    17096671 
    17087845 
    17061082 
    17059431 
    17054812 
    17038662 
    17010149 
    17001651 
    16806409 
    16630648 
    17299655 
    17225328 
    17138085 
    17127479 
    17123394 
    17122253 
    17122237 
    17117062 
    17107615 
    17102653 
    17102650 
    17097924 
    17097499 
    17097417 
    17097350 
    17089513 
    17089510 
    17083509 
    17061631 
    17059810 
    17059800 
    17059771 
    17045938 
    17035090 
    17013513 
    17010048 
    17006064 
    17003921 
    17002633 
    17000790 
    16988549 
    16973498 
    16973499 
    16966998 
    16965590 
    16961583 
    16958838 
    16958595 
    16953313 
    16953295 
    16953289 
    16953288 
    16953287 
    16945586 
    16935126 
    16931713 
    16921692 
    16909941 
    16907879 
    16899915 
    16886976 
    16884987 
    16884984 
    16873390 
    16862976 
    16836565 
    16816975 
    16810462 
    16802788 
    16799348 
    16790652 
    16788320 
    16787830 
    16777761 
    16757291 
    16756607 
    16756601 
    16730571 
    16715418 
    16689763 
    16684000 
    16676074 
    16647483 
    16647482 
    16647480 
    16637031 
    16636044 
    16632802 
    16631662 
    16614469 
    16607085 
    16607076 
    16584210 
    16581348 
    16572074 
    16556896 
    16551936 
    16551923 
    16551888 
    16548870 
    16529435 
    16525587 
    16507197 
    16498193 
    16498155 
    16488131 
    16480437 
    16479191 
    16476097 
    16469128 
    16464978 
    16439128 
    16430671 
    16430537 
    16428520 
    16427376 
    16420574 
    16413239 
    16398518 
    16395725 
    16390565 
    16368864 
    16368345 
    16359354 
    16270349 
    16256341 
    15880369 
    17469409 
    16707925 
    16387122 
    16374273 
    16350383 
    16301227 
    16286165 
    16270265 
    16269937 
    16256872 
    16250863 
    16241949 
    16229690 
    16221315 
    16220719 
    16219042 
    16209984 
    16194210 
    16183679 
    16181213 
    16171667 
    16166907 
    16154736 
    16154347 
    16149021 
    16146462 
    16146184 
    16134089 
    16130064 
    16122555 
    16117453 
    16102110 
    16095459 
    16078928 
    16038171 
    16037156 
    16025089 
    16024582 
    15999036 
    15998538 
    15981443 
    15976759 
    15976201 
    15970714 
    15933879 
    15922540 
    15921879 
    15920213 
    15920177 
    15919298 
    15918449 
    15916786 
    15913424 
    15892080 
    15888356 
    15879994 
    15877645 
    15870552 
    15847668 
    15839219 
    15804156 
    15795533 
    15792676 
    15784355 
    15784122 
    15765989 
    15761339 
    15752404 
    15747263 
    15735843 
    15715625 
    15703777 
    15684255 
    15608046 
    15601279 
    15567466 
    15516349 
    20527429 
    15799917 
    15782557 
    15704256 
    15675222 
    15650472 
    15636037 
    15605300 
    15605299 
    15605298 
    15588086 
    15584621 
    15583737 
    15578468 
    15572250 
    15567653 
    15562073 
    15562038 
    15562037 
    15513380 
    15506032 
    15502066 
    15502045 
    15502028 
    15502019 
    15497380 
    15493055 
    15493051 
    15481628 
    15461627 
    15385042 
    15370104 
    15353134 
    15334755 
    15321411 
    15296091 
    15284525 
    15283824 
    15281530 
    15281516 
    15281495 
    15280746 
    15272413 
    15271723 
    15271704 
    15260819 
    15244445 
    15233820 
    15233811 
    15230956 
    15225238 
    15216770 
    15205591 
    15203716 
    15183046 
    15183043 
    15179795 
    15175117 
    15166952 
    15166942 
    15157260 
    15155319 
    15144531 
    15142727 
    15141797 
    15122174 
    15116259 
    15111857 
    15111142 
    15105207 
    15095839 
    15060415 
    15000000 
    14987789 
    14985175 
    14984856 
    14980916 
    14971899 
    14969622 
    14968394 
    14872435 
    14872433 
    14872422 
    14762872 
    14762869 
    14750239 
    14744480 
    14742357 
    14733324 
    14722166 
    14717978 
    14717973 
    15013052 
    15008334 
    14979421 
    14721820 
    14697147 
    14692073 
    14686601 
    14661565 
    14645169 
    14633255 
    14620309 
    14617309 
    14602292 
    14577027 
    14570639 
    14564249 
    14525829 
    14525812 
    14524031 
    14507564 
    14507267 
    12964741 
    12958612 
    12921116 
    12919424 
    12884845 
    12873917 
    12871465 
    12861136 
    12851533 
    12850830 
    12846638 
    12831971 
    12828667 
    12818228 
    12818190 
    12812383 
    12761010 
    12757498 
    12735570 
    12729278 
    12718774 
    12717223 
    12716588 
    12709915 
    12701115 
    12698142 
    12680495 
    12680493 
    12675727 
    12651640 
    12643318 
    12635393 
    12632617 
    12632034 
    12576335 
    12545024 
    12542291 
    12538178 
    12505923 
    12505922 
    12492800 
    19705690 
    12590956 
    12586127 
    12561411 
    12529747 
    12522924 
    12509219 
    12494413 
    12487778 
    12487293 
    12454546 
    12453943 
    12451789 
    12434608 
    12428635 
    12428092 
    12415456 
    12407604 
    12407603 
    12407601 
    12399218 
    12395966 
    12395965 
    12393770 
    12393117 
    12393106 
    12378675 
    12378657 
    12361636 
    12358952 
    12351295 
    12243441 
    12219830 
    12218558 
    12217599 
    12201842 
    12193852 
    12192311 
    12181832 
    12174620 
    12166815 
    12164793 
    12162230 
    12154422 
    12138371 
    12126199 
    12108924 
    12107562 
    12094933 
    12071875 
    12067020 
    12066721 
    12062831 
    12059821 
    12032396 
    12015682 
    11980635 
    11979750 
    11973205 
    11967602 
    11961245 
    11930561 
    11918831 
    11911518 
    11897001 
    11814086 
    11812703 
    12396088 
    12022205 
    11791769 
    11791764 
    11778073 
    11761274 
    11759889 
    11758183 
    11755957 
    11754883 
    11748531 
    11746529 
    11734662 
    11726426 
    11724980 
    11703860 
    11702330 
    11685044 
    11684993 
    11684986 
    11680729 
    11680728 
    11679989 
    11669429 
    11606349 
    11583738 
    11579893 
    11575418 
    11574351 
    11574349 
    11573637 
    11573588 
    11552215 
    11544618 
    11515618 
    11515616 
    11515614 
    11505075 
    11493497 
    11490184 
    11487382 
    11473892 
    11473843 
    11467444 
    11467435 
    11454258 
    11452163 
    11452162 
    11452161 
    11447514 
    11431897 
    11429335 
    11426361 
    11413430 
    11391364 
    11382826 
    11375811 
    11369429 
    11323357 
    11314811 
    11302471 
    11292193 
    11292191 
    11285943 
    11283475 
    11259890 
    11256126 
    11233222 
    11226080 
    11226079 
    11226077 
    11220255 
    11176088 
    11794132 
    11341213 
    11194058 
    11134740 
    11124689 
    11103204 
    11099891 
    11099662 
    11049922 
    11049889 
    11046211 
    11030529 
    11028733 
    11022243 
    11020881 
    11011805 
    11004032 
    10988316 
    10928437 
    10928014 
    10885039 
    10866882 
    10850560 
    10844845 
    10843240 
    10838518 
    10831919 
    10825314 
    10800406 
    10793606 
    10789572 
    10784307 
    10781457 
    10781268 
    10781265 
    10764688 
    10758466 
    10735778 
    10704661 
    10701043 
    10674526 
    10648317 
    10639080 
    10844384 
    10754382 
    10732304 
    10725985 
    10724781 
    10711779 
    10711770 
    10621555 
    10618952 
    10613656 
    10608724 
    10589626 
    10551401 
    10549713 
    10545849 
    10544364 
    10540068 
    10520855 
    10517085 
    10515036 
    10481860 
    10475284 
    10468251 
    10468250 
    10465049 
    10460568 
    10458035 
    10450445 
    10445771 
    10443606 
    10439733 
    10421115 
    10414779 
    10413281 
    10396719 
    10392682 
    10365689 
    10364989 
    10353455 
    10325846 
    10321849 
    10320157 
    10228839 
    10220271 
    10215215 
    10204988 
    10199038 
    10198764 
    10194608 
    10094951 
    10069286 
    10027032 
    9972747 
    9952141 
    9933854 
    10399512 
    10327795 
    10189856 
    10185696 
    10182118 
    10048893 
    9973811 
    9919464 
    9874863 
    9873262 
    9869162 
    9863403 
    9854677 
    9854659 
    9852409 
    9836037 
    9809097 
    9807604 
    9806670 
    9801973 
    9784670 
    9771171 
    9748754 
    9725399 
    9714995 
    9702614 
    9702004 
    9691864 
    9688200 
    9676926 
    9670675 
    9659071 
    9651146 
    9650544 
    9640150 
    9636913 
    9623430 
    9621258 
    9620500 
    9614577 
    9607115 
    9603087 
    9602586 
    9584913 
    9584902 
    9565148 
    9563429 
    9560544 
    9544137 
    9539584 
    9527279 
    9495439 
    9495387 
    9482397 
    10225766 
    10174687 
    10174299 
    10174276 
    10168534 
    9556230 
    9553238 
    9493891 
    9490343 
    9483409 
    9483178 
    9460300 
    9421018 
    9412878 
    9412876 
    9407676 
    9404974 
    9404972 
    9404167 
    9390579 
    9382230 
    9365861 
    9358079 
    9356085 
    9336445 
    9328250 
    9327128 
    9322464 
    9305557 
    9288373 
    9280322 
    9278828 
    9268178 
    9263112 
    9249100 
    9249097 
    9215020 
    9212129 
    9212127 
    9207422 
    9201158 
    9193279 
    9191824 
    9173831 
    9172035 
    9160366 
    9140170 
    9137263 
    9133170 
    9128188 
    9127666 
    9101644 
    9100583 
    9099648 
    9089981 
    9085950 
    9078593 
    9075662 
    9070175 
    9068337 
    9058215 
    9042823 
    9024484 
    9004463 
    8988995 
    8985070 
    10168554 
    10168551 
    9636788 
    9084536 
    9045120 
    9038728 
    9014644 
    8997057 
    8976770 
    8974687 
    8958389 
    8956388 
    8942349 
    8909664 
    8904330 
    8904189 
    8901955 
    8896022 
    8895307 
    8894755 
    8889419 
    8889418 
    8881617 
    8865938 
    8847781 
    8785143 
    8783998 
    8739928 
    8703460 
    8680768 
    8679357 
    8669648 
    8653018 
    8638787 
    8638778 
    8624026 
    8624019 
    8622348 
    8615495 
    8593155 
    10155358 
    9019821 
    8924744 
    8825223 
    8753201 
    8747696 
    8747695 
    8747694 
    8747693 
    8747692 
    8747691 
    8747690 
    8747689 
    8747688 
    8747687 
    8747686 
    8747685 
    8747684 
    8747683 
    8747682 
    8747681 
    8617530 
    8608071 
    8599189 
    8590850 
    8589293 
    8584147 
    8564676 
    8547869 
    8529371 
    8523015 
    7880715 
    7832189 
    7818319 
    7793222 
    7785150 
    7780073 
    7774832 
    7742784 
    7730835 
    7717548 
    7676776 
    7674412 
    7669463 
    7660162 
    7653831 
    7640422 
    7633845 
    7618714 
    7618707 
    7598280 
    7598278 
    7598238 
    7597604 
    7579101 
    7576709 
    7572010 
    7537514 
    7535282 
    7529819 
    7496124 
    7474753 
    9480150 
    9480119 
    9422102 
    9422101 
    8204807 
    8204806 
    8180336 
    8167299 
    8165628 
    8149040 
    8111053 
    8085235 
    8063448 
    8060637 
    8044318 
    8044317 
    8012494 
    7994381 
    7985946 
    7978409 
    7949107 
    7921860 
    7894902 
    7892969 
    7892968 
    7880678 
    7861453 
    7857071 
    7831946 
    7826793 
    7818056 
    7813842 
    7759464 
    7741499 
    7725330 
    7706202 
    7528584 
    7512376 
    10171977 
    10171655 
    10148614 
    10148570 
    10146646 
    8501929 
    8499562 
    8495670 
    8472137 
    8470257 
    8470190 
    8470179 
    8466003 
    8463805 
    8442038 
    8433529 
    8425253 
    8415537 
    8400798 
    8400097 
    8400095 
    8364489 
    8364426 
    8362255 
    8362254 
    8362252 
    8350435 
    8343335 
    8329269 
    8323235 
    8318240 
    8301833 
    8249363 
    8231315 
    8217180 
    8123614 
    8013973 
    7905723 
    7886594 
    7690649 
    7689759 
    7689752 
    7689751 
    7517108 
    7510427 
    7504387 
    10148073 
    1630020 
    1613964 
    1610009 
    1606290 
    1595003 
    1571944 
    1567284 
    1567055 
    1545559 
    1545507 
    1540061 
    1523742 
    1495183 
    1490198 
    1485466 
    1477749 
    1477269 
    1474970 
    1465885 
    1450184 
    1417257 
    1417256 
    1417255 
    1413659 
    1389849 
    1389819 
    1384840 
    1383589 
    1377580 
    1370735 
    1345677 
    1319640 
    1308266 
    1304841 
    1301848 
    1289367 
    1288771 
    1288770 
    1285505 
    1285042 
    1284693 
    10149065 
    2063437 
    2015038 
    2007109 
    1984383 
    1952169 
    1931061 
    1904629 
    1894197 
    1874368 
    1862638 
    1852761 
    1833172 
    1813694 
    1813361 
    1808765 
    1788810 
    1785706 
    1779181 
    1773329 
    1772995 
    1771408 
    1758860 
    1725662 
    1725652 
    1725651 
    1725646 
    1725638 
    1725630 
    1725629 
    1725614 
    1723874 
    1722053 
    1720262 
    1712136 
    1682674 
    1679906 
    1678210 
    10149526 
    2401414 
    2391175 
    2385125 
    2383328 
    2371016 
    2363083 
    2360006 
    2353008 
    2352966 
    2351341 
    2334557 
    2308991 
    2298715 
    2287155 
    2285713 
    2282869 
    2267740 
    2261255 
    2240696 
    2237008 
    2226884 
    2209247 
    2185479 
    2177970 
    2175076 
    2151779 
    2138182 
    2132349 
    2115010 
    2102438 
    2097752 
    2094568 
    2093400 
    2085237 
    2084957 
    2078718 
    2073680 
    1976380 
    1971763 
    1963973 
    1703832 
    1703829 
    1703825 
    1703812 
    1695616 
    1695271 
    1695166 
    2818773 
    2817543 
    2815074 
    2796695 
    2787951 
    2776172 
    2773029 
    2768161 
    2765034 
    2749798 
    2742171 
    2736598 
    2715990 
    2711748 
    2697951 
    2678662 
    2665575 
    2662519 
    2659117 
    2646481 
    2622028 
    2621742 
    2615877 
    2609747 
    2608366 
    2600721 
    2598360 
    2598358 
    2597614 
    2559131 
    2554502 
    2525934 
    2525287 
    2524627 
    2524360 
    2521029 
    2521014 
    2514639 
    2504556 
    2501890 
    2499962 
    2499120 
    2483715 
    2475417 
    2470189 
    17171959 
    3397375 
    3394905 
    3385834 
    3361827 
    3354830 
    3354042 
    3348019 
    3250634 
    3247983 
    3239672 
    3218723 
    3214771 
    3196810 
    3187934 
    3176024 
    3175989 
    3172700 
    3126342 
    3056085 
    3054284 
    3044206 
    3041874 
    2901880 
    2851965 
    2836259 
    2463006 
    17165316 
    3828152 
    3819793 
    3679528 
    3679527 
    3662735 
    3631642 
    3619091 
    3604178 
    3603398 
    3599664 
    3596794 
    3590103 
    3586487 
    3573531 
    3570544 
    3570543 
    3500032 
    3495194 
    3447197 
    3440010 
    3433205 
    3316024 
    3296855 
    3151765 
    3116098 
    3114572 
    3106697 
    3104693 
    3103556 
    2891592 
    2888172 
    2822317 
    2448527 
    2440758 
    2437374 
    2436343 
    2435965 
    3946010 
    3807263 
    3805895 
    3781704 
    3778206 
    3776414 
    3765416 
    3753416 
    3750270 
    3739331 
    3739330 
    3727715 
    3726631 
    3717700 
    3715155 
    3702304 
    3700355 
    3700354 
    3606276 
    3521079 
    3516980 
    3461716 
    2946093 
    2908802 
    2869599 
    2438639 
    2431976 
    2431970 
    2431969 
    4090829 
    4090411 
    4079228 
    4076678 
    4075737 
    4072529 
    4060692 
    4058912 
    4055112 
    4044231 
    4035364 
    4030709 
    4024233 
    4002308 
    3996457 
    3994847 
    3989338 
    3982692 
    3982691 
    3969704 
    3938858 
    3929386 
    3927636 
    3919530 
    3917130 
    3913559 
    3896028 
    3890249 
    3006606 
    2581864 
    2416995 
    6734457 
    6710437 
    6706205 
    6589122 
    6536656 
    6527859 
    6525160 
    6506834 
    6500033 
    6479561 
    6474360 
    6466788 
    6464614 
    6443085 
    6207362 
    6207361 
    6204110 
    6887843 
    6879795 
    6867586 
    6865293 
    6840829 
    6821712 
    6684936 
    6680179 
    6678359 
    6667245 
    6660398 
    6655007 
    6645327 
    6636675 
    6635451 
    6614559 
    6613270 
    6612944 
    6601877 
    6601741 
    6578747 
    6405702 
    6402000 
    6359571 
    6344348 
    6336417 
    6305083 
    6220520 
    6196275 
    6192058 
    6192049 
    6191115 
    7181148 
    7180355 
    7176386 
    7173257 
    7164678 
    7157687 
    7147855 
    7147159 
    7146584 
    7137542 
    7135352 
    7135350 
    7135339 
    7125286 
    7113133 
    7101835 
    7099757 
    7091514 
    7085748 
    7078794 
    7072194 
    7072079 
    7071169 
    7065387 
    7064601 
    7064457 
    6984982 
    6981035 
    6803690 
    6762457 
    6757561 
    6755331 
    6291889 
    6125343 
    6122751 
    7466909 
    7349759 
    7347399 
    7339763 
    7336674 
    7330829 
    7326404 
    7314224 
    7314222 
    7292581 
    7292224 
    7283060 
    7276077 
    7269873 
    7257238 
    7250434 
    7235167 
    7233509 
    7233508 
    7223223 
    7222198 
    7221909 
    7215935 
    7211759 
    7199294 
    7039989 
    7027996 
    7025290 
    7022292 
    7015242 
    6970434 
    6944514 
    6781890 
    6454998 
    6453415 
    7466305 
    7462735 
    7443456 
    7428360 
    7424983 
    7415185 
    7413365 
    7413237 
    7412103 
    7411873 
    7411861 
    7407667 
    7406158 
    7405631 
    7404637 
    7402733 
    7384963 
    7384893 
    7378313 
    7374326 
    7373993 
    7368162 
    7367401 
    7357249 
    7355459 
    7337684 
    7282101 
    7256100 
    7233362 
    7192139 
    6995774 
    6992362 
    6989011 
    6943876 
    6780779 
    6779435 
    6778488 
    6765663 
    6254544 
    6252623 
    6246607 
    6162759 
    6107836 
    6107827 
    573024 
    553580 
    538673 
    525571 
    524435 
    524317 
    519354 
    509912 
    509788 
    508118 
    505531 
    505259 
    502262 
    500298 
    494931 
    494571 
    494153 
    493425 
    477560 
    467878 
    462919 
    460222 
    454499 
    450894 
    449668 
    442992 
    432933 
    432930 
    427604 
    424970 
    423372 
    397710 
    373167 
    293959 
    290194 
    218295 
    160158 
    155020 
    120322 
    119399 
    94122 
    92537 
    92443 
    85502 
    757571 
    756796 
    755480 
    742271 
    739608 
    727079 
    727075 
    723146 
    717923 
    716336 
    712133 
    691955 
    686472 
    685207 
    676538 
    674151 
    673297 
    660699 
    646355 
    644950 
    644911 
    643843 
    639488 
    638058 
    631414 
    581544 
    580996 
    566507 
    565730 
    308920 
    308244 
    308020 
    276560 
    276558 
    276127 
    208137 
    153245 
    116351 
    107082 
    107077 
    105174 
    929400 
    926713 
    919922 
    913118 
    907841 
    896441 
    889130 
    886741 
    883862 
    883246 
    882719 
    882699 
    882311 
    877633 
    877632 
    873434 
    869704 
    866920 
    857203 
    854890 
    850933 
    847518 
    842811 
    842497 
    841991 
    841667 
    611167 
    606557 
    605981 
    603216 
    602993 
    595465 
    594029 
    579268 
    578482 
    578480 
    571134 
    558156 
    557525 
    413223 
    402555 
    327128 
    300933 
    198084 
    194314 
    192405 
    145536 
    142259 
    138455 
    75144 
    72848 
    70746 
    66780 
    24383 
    18968 
    16812 
    16106894 
    1275477 
    1275219 
    1266511 
    1265611 
    1088300 
    1085694 
    1065973 
    1034387 
    1032427 
    1031058 
    1030884 
    1028984 
    1028982 
    1027924 
    1024254 
    1014721 
    1011478 
    1011472 
    1008223 
    1005094 
    1000261 
    998877 
    997672 
    996921 
    990180 
    989642 
    983926 
    982295 
    981166 
    972844 
    968111 
    961206 
    961045 
    960475 
    958100 
    951726 
    948258 
    943685 
    935639 
    819778 
    788222 
    786932 
    776354 
    767089 
    138962 
    138961 
    135167 
    128903 
    66369 
    64604 
    63640 
    61669 
    59435 
    11577 
    11575 
    11006 
    1224599 
    1224353 
    1223354 
    1222712 
    1221601 
    1217694 
    1217407 
    1211572 
    1210939 
    1208124 
    1206970 
    1206944 
    1205824 
    1202173 
    1200737 
    1198682 
    1198546 
    1198434 
    1191556 
    1188710 
    1188450 
    1186463 
    1179944 
    1172471 
    1171400 
    1170359 
    1165884 
    1163557 
    1154988 
    1152408 
    1151154 
    1146795 
    1143230 
    1142637 
    1138236 
    1132786 
    1129830 
    1125399 
    1124296 
    1122803 
    1122339 
    1120283 
    1116466 
    1115115 
    1114441 
    1113909 
    1111655 
    1104822 
    1091430 
    1080970 
    1080460 
    811926 
    806790 
    804794 
    804632 
    168774 
    165737 
    136626 
    57295 
    57293 
    56146 
    54484 
    53922 
    50984 
    4849473 
    4842771 
    4839299 
    4839134 
    4838736 
    4837120 
    4836791 
    4836538 
    4836072 
    4832855 
    4831874 
    4831873 
    4831872 
    4831850 
    4831844 
    4829841 
    4825114 
    4825007 
    4810903 
    4810902 
    4810901 
    4618058 
    4611136 
    4606102 
    4603406 
    4601840 
    4593107 
    4527804 
    4478925 
    4473624 
    4471939 
    4468654 
    4468231 
    4467463 
    4466273 
    4466108 
    4466088 
    4462001 
    4461416 
    4461103 
    4460739 
    4458319 
    4453312 
    4450561 
    4450184 
    4448152 
    4440001 
    4439077 
    4437958 
    4433914 
    4433029 
    4432481 
    4431131 
    4428712 
    4428710 
    4428416 
    4425325 
    4424222 
    4422448 
    4422340 
    4415909 
    4411275 
    4409361 
    4409212 
    4409155 
    4408956 
    4408957 
    4408116 
    4408115 
    4373871 
    4373869 
    4369583 
    4360448 
    4277144 
    4275415 
    4275088 
    4272950 
    4217955 
    4217894 
    4217477 
    4212668 
    4212608 
    4152694 
    4140971 
    4140823 
    4140819 
    4139366 
    4139365 
    4139360 
    4139062 
    4136473 
    4135641 
    4807850 
    4805495 
    4804076 
    4803222 
    4801300 
    4800430 
    4794105 
    4788201 
    4787670 
    4787667 
    4786597 
    4783258 
    4783234 
    4777491 
    4775160 
    4774963 
    4773766 
    4772876 
    4771689 
    4771267 
    4771228 
    4770089 
    4769869 
    4769868 
    4769867 
    4768482 
    4767208 
    4766042 
    4761900 
    4760218 
    4760206 
    4756044 
    4756043 
    4755511 
    4753978 
    4749857 
    4744340 
    4731168 
    4730893 
    4726411 
    4724373 
    4723563 
    4722817 
    4721149 
    4720553 
    4718764 
    4718614 
    4714597 
    4710728 
    4709389 
    4709317 
    4709136 
    4708550 
    4704724 
    4701331 
    4699770 
    4699488 
    4696271 
    4695846 
    4695383 
    4688958 
    4688780 
    4687577 
    4684650 
    4633780 
    4632546 
    4580395 
    4577209 
    4576350 
    4575852 
    4575777 
    4575752 
    4567798 
    4543972 
    4512142 
    4376277 
    4273926 
    4272653 
    4269162 
    4268851 
    4216115 
    4210088 
    4207087 
    4196477 
    4132567 
    4130628 
    4129392 
    4128714 
    4128355 
    5085148 
    5084745 
    5080399 
    5077085 
    5074966 
    5072962 
    5071959 
    5071321 
    5070001 
    5065502 
    5065397 
    5064404 
    5064234 
    5063775 
    5063364 
    5062606 
    5061187 
    5060308 
    5058707 
    5055503 
    5052675 
    5052663 
    5051391 
    5051080 
    5049614 
    5048692 
    5048540 
    5046687 
    5043884 
    5040626 
    5033674 
    5030873 
    5030154 
    5026136 
    5024380 
    5024007 
    5022304 
    5018430 
    5016792 
    5016722 
    5015643 
    5012417 
    5010878 
    4680410 
    4680013 
    4678730 
    4678729 
    4677657 
    4673725 
    4669821 
    4669398 
    4668381 
    4668372 
    4668314 
    4667526 
    4666740 
    4664989 
    4664869 
    4661843 
    4658395 
    4655879 
    4655614 
    4652965 
    4652138 
    4651466 
    4650539 
    4649667 
    4649529 
    4649310 
    4647882 
    4645484 
    4644685 
    4641513 
    4639655 
    4637913 
    4637359 
    4635741 
    4635548 
    4634365 
    4630884 
    4629937 
    4629555 
    4629226 
    4627565 
    4625101 
    4623838 
    4568055 
    4555360 
    4552826 
    4551597 
    4540090 
    4538757 
    4537883 
    4402359 
    4340341 
    4268053 
    4265106 
    4262660 
    4261023 
    4124724 
    4123094 
    4122874 
    4118674 
    4117904 
    4116122 
    4114581 
    4112059 
    5578033 
    5577071 
    5575089 
    5574220 
    5570283 
    5564395 
    5563153 
    5563018 
    5561958 
    5561196 
    5560119 
    5555227 
    5554308 
    5551400 
    5548382 
    5548147 
    5543546 
    5317354 
    5292077 
    5285402 
    5284414 
    5211691 
    5170484 
    5170334 
    5169396 
    5168177 
    5168176 
    5168175 
    5168174 
    5168173 
    5168161 
    5167952 
    5165796 
    5165168 
    5161839 
    5161502 
    5160867 
    5158045 
    5157734 
    5153951 
    5153638 
    5149915 
    5149227 
    5148891 
    5147886 
    5147374 
    5146455 
    5144656 
    5142241 
    5141881 
    5140761 
    5140488 
    5140487 
    5140392 
    5140154 
    5134560 
    5133684 
    5130674 
    5129130 
    5126856 
    5125123 
    5122425 
    5121126 
    5120936 
    5117325 
    5113932 
    5113164 
    5109595 
    5107018 
    5103087 
    5093462 
    5091780 
    5091601 
    5004542 
    5004446 
    5004181 
    5003942 
    5001413 
    4998529 
    4950463 
    4945040 
    4940408 
    4403933 
    4400909 
    4261342 
    4255792 
    4252260 
    4114125 
    4111764 
    4110775 
    4110736 
    4108748 
    4107578 
    4106011 
    4104083 
    4101481 
    4099550 
    5538289 
    5537738 
    5535826 
    5534090 
    5532428 
    5531515 
    5527448 
    5525591 
    5524840 
    5523262 
    5522910 
    5521008 
    5520492 
    5519345 
    5517653 
    5517107 
    5516767 
    5513444 
    5511555 
    5509674 
    5504112 
    5504111 
    5504043 
    5503760 
    5502121 
    5501508 
    5499569 
    5496036 
    5493869 
    5491671 
    5490512 
    5488288 
    5488079 
    5487375 
    5486566 
    5483958 
    5483957 
    5481889 
    5481476 
    5481303 
    5479911 
    5477397 
    5476519 
    5474823 
    5473222 
    5473220 
    5472873 
    5468381 
    5466548 
    5462401 
    5461812 
    5457186 
    5454511 
    5453989 
    5453598 
    5452572 
    5446851 
    5445548 
    5437501 
    5436355 
    5427929 
    5426603 
    5426214 
    5426213 
    5424430 
    5423160 
    5420849 
    5419827 
    5413925 
    5312220 
    5310216 
    5288356 
    5269686 
    4996530 
    4991915 
    4991914 
    4923160 
    4922361 
    4319635 
    4256239 
    4252164 
    4251295 
    4249037 
    4247396 
    4195282 
    4195274 
    4194099 
    4100006 
    4098771 
    4098770 
