Topic: CD010023 

Title: Computed tomography versus magnetic resonance imaging versus bone scintigraphy for clinically suspected scaphoid fractures in patients with negative plain radiographs 

Query: 
exp Magnetic Resonance Imaging/
((magnetic resonance or MR or NMR) adj2 (imag* or tomograph* or scan*)).tw.
(MRI or MRIs or NMRI).tw.
(diffusion weighted imag* or DWI or T2-weighted imag*).tw.
or/1-4
exp Tomography, X-Ray Computed/
(comput* adj3 tomograph*).tw.
(CT or CAT).tw.
micro-computed tomog*.tw.
or/6-9
Radionuclide Imaging/
(scintigra* or radioscintigra*).tw.
(bone adj3 scan).tw.
scintiscan*.tw.
or/11-14
or/5,10,15
Scaphoid bone/ or Wrist injuries/ or Wrist Joint/
exp Fractures, Bone/
and/17-18
((Scaphoid* or wrist or navicular) adj3 (fracture* or injur* or trauma)).tw.
or/19-20
and/16,21
Diagnostic Imaging/ or Diagnosis, Differential/ or exp "Sensitivity and Specificity"/ or "Predictive Value of Tests"/
scaphoid.mp.
and/23-24
Fractures, Bone/di, ra, ri [Diagnosis, Radiography, Radionuclide Imaging]
and/24,26
or/22,25,27 

Pids: 
    15621921 
    16365499 
    15029036 
    22745092 
    22745091 
    22733954 
    22653998 
    22648431 
    22648427 
    22633223 
    22624786 
    22624783 
    22607839 
    22582365 
    22551952 
    22541157 
    22510119 
    22496184 
    22480506 
    22480499 
    22448553 
    22441500 
    22388362 
    22386473 
    22381947 
    22321439 
    22284748 
    22281168 
    22194495 
    22179982 
    22176881 
    22086787 
    22072191 
    21940274 
    21918482 
    21903213 
    21898036 
    21869681 
    21848532 
    21823992 
    21708842 
    21706154 
    21547958 
    20924551 
    22707598 
    22165536 
    22116544 
    22097142 
    22094152 
    22093123 
    22072473 
    22067958 
    22058291 
    22054984 
    22041144 
    22008676 
    21981830 
    21975097 
    21960154 
    21957277 
    21927984 
    21920472 
    21888527 
    21885701 
    21885208 
    21849237 
    21803508 
    21791133 
    21786564 
    21780848 
    21733185 
    21712471 
    21705566 
    21676555 
    21612996 
    21586789 
    21586765 
    21548951 
    21548157 
    21544680 
    21534184 
    21528434 
    21527146 
    21515805 
    21514744 
    21497809 
    21489719 
    21467089 
    21455837 
    21449158 
    21448737 
    21446799 
    21445650 
    21436323 
    21414729 
    21411241 
    21359934 
    21349656 
    21348035 
    21276891 
    21246476 
    21234740 
    21209265 
    21209260 
    21197533 
    21136059 
    21112713 
    21071031 
    21057785 
    20965679 
    20838220 
    20725880 
    20621936 
    20554419 
    21289857 
    21206223 
    21094401 
    21087881 
    21075667 
    21057290 
    21048172 
    21048065 
    20961709 
    20935524 
    20879420 
    20858790 
    20827544 
    20825734 
    20824422 
    20728395 
    20699752 
    20698466 
    20694752 
    20684923 
    20672395 
    20621938 
    20608626 
    20606515 
    20575885 
    20510414 
    20488154 
    20488138 
    20452146 
    20437238 
    20418927 
    20385675 
    20299263 
    20205070 
    20200081 
    20193857 
    20192143 
    20185138 
    20162385 
    20135602 
    20135600 
    20130313 
    20106703 
    20060233 
    20032769 
    20032000 
    19911892 
    19894054 
    19826314 
    19756904 
    19662447 
    19471945 
    18989609 
    20084936 
    20058123 
    20058116 
    20048493 
    19969191 
    19959447 
    19952615 
    19887294 
    19847413 
    19806529 
    19805581 
    19794180 
    19790024 
    19766410 
    19766034 
    19708624 
    19695798 
    19687072 
    19675028 
    19668095 
    19662404 
    19643337 
    19643336 
    19639802 
    19638854 
    19627884 
    19603596 
    19585088 
    19524914 
    19522693 
    19501802 
    19495720 
    19446965 
    19410996 
    19369308 
    19356346 
    19345870 
    19337804 
    19337343 
    19322751 
    19322749 
    19258134 
    19235672 
    19226035 
    19194702 
    19180162 
    19180160 
    19180159 
    19152051 
    19129358 
    19101889 
    19085822 
    19052930 
    19042145 
    19496371 
    19219219 
    19211381 
    19162696 
    19059985 
    19054836 
    19047706 
    19043131 
    19016398 
    18984328 
    18984324 
    18936035 
    18929188 
    18806577 
    18762479 
    18762105 
    18757961 
    18756333 
    18753897 
    18753895 
    18753892 
    18753891 
    18665795 
    18656779 
    18656775 
    18656772 
    18622846 
    18598597 
    18590847 
    18590846 
    18586545 
    18562365 
    18543166 
    18541245 
    18541243 
    18528238 
    18525472 
    18447291 
    18443060 
    18420064 
    18345477 
    18314126 
    18294538 
    18283425 
    18219475 
    18201921 
    18164402 
    18094287 
    18087747 
    17951122 
    17950656 
    18217397 
    18166960 
    18098361 
    18092740 
    18075414 
    18023237 
    17996771 
    17993436 
    17993420 
    17966737 
    17950226 
    17950221 
    17941586 
    17898580 
    17886133 
    17870425 
    17729005 
    17666445 
    17663310 
    17610183 
    17564689 
    17560407 
    17560406 
    17560405 
    17556000 
    17546435 
    17541372 
    17533093 
    17478754 
    17472294 
    17471775 
    17415246 
    17402142 
    17384376 
    17350200 
    17343073 
    17335946 
    17328995 
    17325931 
    17307177 
    17299354 
    17299353 
    17289531 
    17262830 
    17224223 
    17218177 
    17196311 
    17177044 
    17945644 
    17414993 
    17387642 
    17354814 
    17219705 
    17144953 
    17142420 
    17114536 
    17099528 
    17097470 
    17080532 
    17049527 
    17009820 
    17009819 
    17002863 
    16998425 
    16979801 
    16954942 
    16948584 
    16934205 
    16903156 
    16897211 
    16865353 
    16843167 
    16843146 
    16841767 
    16798142 
    16798139 
    16798135 
    16793977 
    16761890 
    16716469 
    16709680 
    16647649 
    16628118 
    16611725 
    16570175 
    16547997 
    16547750 
    16516733 
    16506027 
    16504776 
    16487784 
    16404125 
    16355281 
    16328449 
    16324982 
    16270189 
    16361912 
    16344175 
    16344168 
    16320659 
    16318067 
    16256995 
    16237135 
    16203878 
    16187728 
    16179171 
    16176695 
    16171639 
    16157855 
    16149035 
    16133477 
    16121617 
    16118171 
    16110099 
    16075778 
    16075273 
    16046094 
    16019741 
    16006021 
    15979624 
    15948438 
    15925164 
    15925163 
    15923890 
    15911954 
    15877267 
    15864044 
    15855098 
    15800530 
    15781361 
    15781360 
    15757776 
    15756078 
    15751361 
    15738806 
    15712982 
    15711629 
    15695009 
    15673532 
    15666131 
    15665691 
    15665201 
    15620498 
    15618379 
    15577307 
    15810106 
    15672921 
    15669563 
    15625519 
    15587040 
    15580844 
    15577596 
    15576228 
    15515749 
    15514541 
    15513602 
    15510095 
    15476009 
    15368727 
    15354754 
    15346064 
    15336746 
    15307302 
    15293923 
    15291195 
    15290486 
    15274268 
    15232430 
    15230772 
    15217588 
    15192475 
    15172387 
    15151098 
    15145480 
    15142688 
    15140480 
    15119251 
    15100130 
    15085478 
    15081854 
    15062216 
    15062213 
    15060773 
    14751113 
    14600775 
    14750060 
    14727035 
    14711785 
    14686823 
    14668518 
    14652390 
    14642507 
    14612641 
    14599826 
    14577721 
    14577051 
    14577050 
    14569481 
    14534010 
    14521890 
    14518627 
    14507506 
    12964093 
    12954266 
    12945637 
    12904981 
    12875574 
    12859103 
    12832176 
    12818859 
    12813867 
    12813349 
    12782882 
    12772060 
    12763944 
    12752005 
    12730737 
    12690849 
    12678369 
    12666296 
    12665700 
    12624687 
    12594566 
    12591669 
    12582792 
    12537171 
    12467720 
    12621838 
    12601604 
    12494385 
    12479336 
    12446162 
    12427003 
    12421772 
    12371028 
    12228796 
    12206941 
    12203148 
    12141705 
    12111052 
    12077673 
    12074611 
    12063324 
    12027494 
    12027487 
    12015717 
    12015713 
    11959740 
    11901399 
    11901382 
    11898079 
    11885387 
    11810621 
    11810614 
    11795748 
    12132820 
    11974963 
    11903171 
    11884109 
    11855765 
    11824286 
    11775481 
    11775472 
    11775468 
    11775467 
    11775466 
    11775464 
    11762244 
    11717059 
    11697692 
    11692122 
    11595966 
    11572544 
    11572125 
    11572122 
    11561242 
    11521919 
    11518983 
    11518981 
    11514777 
    11482474 
    11469846 
    11469834 
    11468480 
    11433158 
    11426003 
    11402464 
    11402461 
    11374049 
    11372305 
    11347841 
    11310205 
    11287864 
    11286584 
    11279570 
    11279566 
    11275875 
    11265911 
    11245543 
    11165838 
    11162008 
    11147694 
    11147693 
    19839159 
    11450129 
    11337918 
    11331161 
    11305572 
    11179626 
    11171509 
    11117050 
    11098739 
    11089185 
    11089184 
    11075601 
    11058006 
    11043139 
    11040298 
    11036545 
    11013801 
    11000188 
    10989763 
    10968525 
    10955218 
    10951111 
    10866091 
    10857066 
    10835123 
    10811757 
    10804418 
    10795699 
    10789100 
    10763131 
    10719103 
    10669828 
    10656983 
    10628470 
    11206349 
    10847513 
    10664998 
    10622486 
    10613233 
    10612202 
    10598849 
    10597938 
    10588471 
    10584943 
    10584942 
    10584941 
    10550438 
    10550430 
    10535591 
    10507113 
    10476265 
    10457271 
    10454896 
    10447631 
    10447624 
    10433464 
    10433424 
    10420293 
    10420289 
    10404922 
    10399213 
    10367531 
    10357531 
    10337550 
    10212614 
    10098077 
    10071639 
    10068010 
    10048530 
    9925104 
    10855293 
    10193493 
    10101444 
    9921930 
    9889659 
    9888678 
    9820289 
    9798450 
    9715052 
    9700423 
    9699835 
    9665518 
    9661853 
    9646707 
    9607678 
    9607660 
    9556261 
    9556260 
    9523959 
    9522669 
    9509598 
    9509596 
    9467190 
    9456991 
    9423687 
    10023165 
    9518213 
    9494249 
    9481587 
    9480593 
    9457595 
    9454275 
    9379200 
    9369511 
    9330136 
    9330135 
    9322203 
    9314391 
    9283841 
    9283837 
    9259534 
    9232498 
    9231180 
    9222933 
    9216753 
    9196618 
    9181223 
    9171786 
    9167668 
    9149977 
    9143996 
    9131939 
    9129428 
    9122402 
    9117529 
    9075627 
    9057534 
    9055127 
    9042876 
    10832481 
    9129279 
    9026486 
    8982925 
    8970137 
    8950387 
    8924448 
    8885535 
    8860699 
    8856542 
    8850152 
    8785636 
    8778828 
    8772662 
    8771471 
    8757898 
    8753688 
    8733668 
    8724473 
    8724472 
    8711552 
    8688242 
    8682815 
    8676426 
    8673573 
    8641054 
    8623636 
    8617043 
    8553959 
    10163473 
    8770730 
    8583059 
    7799081 
    7799080 
    7775760 
    7754021 
    7747190 
    7742888 
    7741471 
    7740296 
    7717945 
    7676826 
    7672732 
    7658240 
    7644940 
    7632501 
    7624564 
    7595007 
    7595002 
    7594282 
    7574124 
    7566919 
    7553023 
    7553020 
    7493788 
    8203322 
    8188775 
    8173057 
    8169465 
    8164094 
    8153501 
    8134866 
    8077822 
    8009467 
    8000403 
    7989702 
    7973285 
    7964103 
    7939837 
    7936737 
    7855505 
    7854839 
    7810012 
    7799763 
    7706881 
    7706880 
    7706879 
    7706878 
    7531477 
    8517289 
    8515021 
    8501378 
    8493728 
    8480035 
    8479720 
    8466435 
    8452713 
    8451651 
    8451410 
    8451048 
    8451046 
    8443554 
    8440272 
    8423315 
    8422558 
    8421037 
    8416606 
    8345279 
    8345266 
    8333377 
    8326437 
    8325685 
    8300730 
    8230827 
    8219128 
    8144066 
    8142965 
    8142179 
    8142175 
    1729671 
    1640140 
    1631335 
    1629558 
    1618419 
    1617837 
    1613212 
    1609073 
    1582612 
    1572718 
    1549659 
    1508768 
    1469345 
    1460062 
    1460060 
    1456374 
    1456359 
    1451699 
    1437251 
    1400550 
    1389664 
    1380276 
    1340937 
    1288404 
    1288402 
    1280963 
    2061670 
    2055574 
    2055572 
    2037637 
    2011836 
    1940172 
    1936051 
    1916662 
    1913380 
    1868390 
    1861032 
    1808682 
    1806504 
    1787907 
    1784503 
    1757132 
    1757005 
    1747314 
    1745909 
    1718357 
    1712170 
    1682353 
    2405337 
    2392023 
    2380517 
    2367667 
    2367104 
    2366025 
    2354388 
    2348928 
    2315496 
    2269775 
    2268762 
    2228362 
    2217754 
    2211858 
    2105027 
    1983635 
    2780330 
    2777848 
    2767538 
    2763950 
    2717769 
    2712988 
    2707656 
    2701880 
    2688677 
    2687282 
    2672081 
    2600698 
    2584501 
    3390770 
    3383159 
    3354113 
    3260727 
    3257298 
    3253834 
    3189662 
    3169970 
    3133034 
    3132266 
    3044380 
    2964829 
    2832895 
    3823428 
    3818807 
    3694674 
    3693834 
    3671709 
    3623270 
    3620053 
    3603778 
    3600866 
    3553387 
    3498327 
    3495968 
    3423837 
    2891450 
    3960756 
    3955937 
    3801112 
    3768974 
    3764432 
    3751832 
    3737140 
    3734063 
    3726128 
    3714271 
    3714269 
    3502957 
    3085566 
    2423943 
    4091605 
    4090953 
    4075727 
    4012718 
    3998606 
    3833952 
    6747427 
    6747238 
    6744737 
    6544813 
    6516816 
    6879077 
    6858656 
    6844833 
    6668167 
    6612886 
    6576759 
    6300958 
    6224230 
    6221504 
    9382634 
    7182293 
    7141682 
    7129827 
    7085706 
    7067295 
    7061014 
    6123618 
    7296203 
    7258472 
    7205032 
    7044578 
    6779572 
    6265653 
    6115987 
    7448487 
    7211295 
    7209415 
    532594 
    512312 
    457743 
    152945 
    1132172 
    4822277 
    5806818 
    5392051 
    5374338 
    5660652 
    5967084 
    14837318 
