Topic: CD011912 

Title: Pulse oximetry screening for critical congenital heart defects 

Query: 
(Infant, Newborn[MeSH] OR neonate* OR infant* OR newborn)* AND (Heart Defects, Congenital[MeSH] OR Heart Valve Diseases[MeSH] OR tetralogy fallot* OR cyanotic heart OR congenital heart OR congenital cardiac OR aortic coarctation OR valve diseases OR hypoplastic syndrome OR pulmonary atresia OR interruption of the aortic arch OR valve stenosis OR pulmonary atresia) AND (oximetry[MeSH] OR oximetry OR pulse oximetr* OR oxygen saturation OR O2 saturation) AND 1966/01/01:2017/03/30[crdt] 

Pids: 
    28329450 
    28302079 
    28285866 
    28282821 
    28281093 
    28267944 
    28264208 
    28250095 
    28247848 
    28181351 
    28153478 
    28149925 
    28132535 
    28121832 
    28121380 
    28099422 
    28081558 
    28072745 
    28043739 
    28033078 
    28012642 
    27994302 
    27940777 
    27939107 
    27928258 
    27904846 
    27852228 
    27831548 
    27756065 
    27746039 
    27741476 
    27687447 
    27684424 
    27648568 
    27628651 
    27603538 
    27603536 
    27587645 
    27583398 
    27575509 
    27571121 
    27540721 
    27530240 
    27511447 
    27509000 
    27500612 
    27499412 
    27491102 
    27468253 
    27396065 
    27390667 
    27385407 
    27352321 
    27307481 
    27279759 
    27277201 
    27256792 
    27244826 
    27185674 
    27168772 
    27166202 
    27160097 
    27129499 
    27107409 
    27090652 
    27088709 
    27073996 
    27052068 
    27030421 
    27003898 
    26982280 
    26979919 
    26966242 
    26939749 
    26927939 
    26915671 
    26905447 
    26887835 
    26876122 
    26868838 
    26860898 
    26830180 
    26823361 
    26815797 
    26802391 
    26800085 
    26794884 
    26765454 
    26760414 
    26746119 
    26734736 
    26714814 
    26713191 
    26687150 
    26665231 
    26655534 
    26626640 
    26619804 
    26617785 
    26616644 
    26611664 
    26561661 
    26559982 
    26548105 
    26542436 
    26540249 
    26519711 
    26514398 
    26481223 
    26471067 
    26465983 
    26430211 
    26424473 
    26385453 
    26377257 
    26370364 
    26369369 
    26360420 
    26343176 
    26339370 
    26310782 
    26273804 
    26264796 
    26260497 
    26215888 
    26205429 
    26205115 
    26175649 
    26169432 
    26152515 
    26142765 
    26134158 
    26130379 
    26118439 
    26112530 
    26107681 
    26071298 
    26071122 
    26038347 
    26035358 
    26006161 
    25991570 
    25990981 
    25967245 
    25963011 
    25938847 
    25902399 
    25900899 
    25846812 
    25836709 
    25832974 
    25831027 
    25816952 
    25807889 
    25782853 
    25764508 
    25754164 
    25704605 
    25641083 
    25639268 
    25631390 
    25601984 
    27735810 
    25543957 
    25521992 
    25484461 
    25475943 
    25458107 
    25454920 
    25440622 
    25440597 
    25425545 
    25398625 
    25376347 
    25344148 
    25325374 
    25311762 
    25304248 
    25288247 
    25287457 
    25263829 
    25259474 
    25241768 
    25233325 
    25220120 
    25184296 
    25167364 
    25164862 
    25162512 
    25157008 
    25156919 
    25109755 
    25083905 
    25070301 
    25060211 
    25058746 
    25047065 
    25033075 
    25005313 
    24990493 
    24982105 
    24980275 
    24965584 
    24948344 
    24936003 
    24932094 
    24923996 
    24898292 
    24894893 
    24892695 
    24887876 
    24877491 
    24875236 
    24859128 
    24787474 
    24773256 
    24768155 
    24750477 
    24750206 
    24750107 
    24726627 
    24705968 
    24682563 
    24675632 
    24667026 
    24646619 
    24643154 
    24640808 
    24639451 
    24637029 
    24607664 
    24588079 
    24567022 
    24529731 
    24521519 
    24521195 
    24502102 
    24493342 
    24480822 
    24477157 
    24473957 
    24418160 
    24381364 
    24370799 
    24366505 
    24356407 
    24344663 
    24344108 
    24335550 
    24326385 
    24321991 
    24315501 
    24308092 
    24296395 
    24267637 
    24259011 
    24193163 
    24190047 
    24165823 
    24120017 
    24111376 
    24101702 
    24097418 
    24083317 
    24081196 
    26236364 
    24063063 
    24044550 
    24037922 
    24031043 
    24029476 
    24026810 
    24012266 
    23986282 
    23980718 
    23958775 
    23947635 
    23940249 
    23934364 
    23918890 
    23897309 
    23876906 
    23858425 
    23852460 
    23823194 
    23816200 
    23809350 
    23786935 
    23776113 
    23771484 
    23753242 
    23735121 
    23734582 
    23714046 
    23698373 
    23691783 
    23690522 
    23688937 
    23677390 
    23663957 
    23652050 
    23642507 
    23618521 
    23610203 
    23606206 
    23595939 
    23594686 
    23594685 
    23591081 
    23534437 
    23532467 
    23527977 
    23506634 
    23503930 
    23499473 
    23493169 
    23460588 
    23460569 
    23453748 
    23438620 
    23435950 
    23431573 
    23404713 
    23402359 
    23381095 
    23362766 
    23356687 
    23341250 
    23330870 
    23317941 
    23305575 
    23298328 
    23286888 
    23266220 
    23239311 
    23237812 
    23219333 
    23210461 
    23196891 
    23164583 
    23148397 
    23140883 
    23137064 
    23129357 
    23124388 
    23095977 
    23095953 
    23095347 
    23089530 
    23089260 
    23086223 
    23080524 
    23064839 
    22968001 
    22984710 
    22959574 
    22936600 
    22935755 
    22923204 
    22919860 
    22915141 
    22858270 
    22805480 
    22791093 
    22790314 
    22748448 
    22716028 
    22704907 
    22685026 
    22673966 
    22668685 
    22653513 
    22626901 
    22615171 
    22611113 
    22605877 
    22596064 
    22587774 
    22577631 
    22554861 
    22554860 
    22548982 
    22530413 
    22528711 
    22526219 
    22502974 
    22494499 
    22475178 
    22466710 
    22464211 
    22455636 
    22447384 
    22431164 
    22419139 
    22413982 
    22371462 
    22334634 
    22285126 
    22284744 
    22284650 
    22284649 
    22284648 
    22282131 
    22247242 
    22219467 
    23960668 
    22201143 
    22127340 
    22123474 
    22105000 
    22088241 
    22036260 
    22035778 
    22028345 
    22011773 
    21987707 
    21963327 
    21962447 
    21920058 
    21911785 
    21862975 
    21820732 
    21820731 
    21774842 
    21768801 
    21743269 
    21733393 
    21703635 
    21701212 
    21646245 
    21617322 
    21593087 
    21570096 
    21544006 
    21524459 
    21524455 
    21508828 
    21507059 
    21487669 
    21477821 
    21470870 
    21459597 
    21456365 
    21450312 
    21444044 
    21430421 
    21426523 
    21422511 
    21414077 
    21397265 
    21397261 
    21392789 
    21375545 
    21371168 
    21339245 
    21336978 
    21335618 
    21335613 
    21331517 
    21323727 
    21317466 
    21305492 
    21303587 
    21268951 
    21252960 
    21224970 
    21194000 
    23804939 
    21172537 
    21166863 
    21149407 
    21145251 
    21114707 
    21108550 
    21106013 
    21085945 
    21078768 
    21029625 
    20972295 
    20964771 
    20939243 
    20877406 
    20889350 
    20886209 
    20869263 
    20850143 
    20736506 
    20719789 
    20718164 
    20667356 
    20665219 
    20651273 
    20643561 
    20626583 
    20621312 
    20619423 
    20606124 
    20593347 
    20584797 
    20563515 
    20546797 
    20523077 
    20508595 
    20492689 
    20472248 
    20460571 
    20458668 
    20453698 
    20435942 
    20434951 
    20434174 
    20421789 
    20412455 
    20389128 
    20203549 
    20195633 
    20179917 
    20178069 
    20138532 
    20136857 
    20103228 
    20079136 
    20078800 
    20058613 
    20056439 
    20054528 
    20051696 
    20047132 
    20037709 
    20021804 
    20021787 
    20019198 
    19909996 
    19894404 
    19849936 
    19811716 
    19776650 
    19776649 
    19770095 
    19766503 
    19740187 
    19713119 
    19699907 
    19666460 
    19660343 
    19650844 
    19642190 
    19638991 
    19632422 
    19632416 
    19615189 
    19608817 
    19581492 
    19581259 
    19542258 
    19535259 
    19489941 
    19475883 
    19461594 
    19444132 
    19379891 
    19379890 
    19351688 
    19299774 
    19291557 
    19282752 
    19282750 
    19254989 
    19241309 
    19219105 
    19184175 
    19180922 
    19171858 
    19171590 
    19161781 
    19161777 
    19154918 
    19154627 
    19154526 
    19143963 
    19136756 
    19136750 
    19134249 
    19131865 
    19131383 
    19083139 
    19026805 
    19021943 
    19014829 
    19002753 
    18954637 
    18928485 
    18925607 
    18923862 
    18835683 
    18813947 
    18812346 
    18805181 
    18793291 
    18792622 
    18787816 
    18778300 
    18762508 
    18762486 
    18758814 
    18726645 
    18715457 
    18701527 
    18683680 
    18679141 
    18671689 
    18654813 
    18619872 
    18605972 
    18602270 
    18599894 
    18573421 
    18544145 
    18534863 
    18515672 
    18495914 
    18492511 
    18492505 
    18485723 
    18477915 
    18463120 
    18380766 
    18377559 
    18377497 
    18355533 
    18355532 
    18353234 
    18347842 
    18334901 
    18332061 
    18304952 
    18270142 
    18252029 
    18246735 
    18242267 
    18239863 
    18223350 
    18184248 
    18179923 
    18172526 
    18166568 
    20300231 
    18156450 
    18096256 
    18093356 
    18045293 
    18043147 
    18036941 
    18025538 
    17992303 
    17986039 
    17954072 
    17937693 
    17932712 
    17906480 
    17888987 
    17874218 
    17869533 
    17786375 
    17727691 
    17720395 
    17674081 
    17669774 
    17664187 
    17663858 
    17662763 
    17621660 
    17609848 
    17590190 
    17556383 
    17513120 
    17498027 
    17493305 
    17466533 
    17462361 
    17456731 
    17452153 
    17449857 
    17421018 
    17383352 
    17353763 
    17344664 
    17344253 
    17322018 
    17320560 
    17300770 
    17273125 
    17261728 
    17258581 
    17227265 
    17203337 
    17200993 
    22368668 
    17184437 
    17184432 
    17140681 
    17126928 
    17126140 
    17121557 
    17115134 
    17062214 
    17062213 
    17047990 
    17043618 
    17015513 
    16996921 
    16996918 
    16966856 
    16954130 
    16940973 
    16933075 
    16923459 
    16879523 
    16840499 
    16830267 
    16830075 
    16820644 
    16820602 
    16819774 
    16802735 
    16798245 
    16784670 
    16777821 
    16732800 
    16682763 
    16680285 
    16678596 
    16677500 
    16635702 
    16616659 
    16613696 
    16569750 
    16509060 
    16506004 
    16500550 
    16492990 
    16488704 
    16483788 
    16479042 
    16415626 
    16399311 
    16381094 
    16322135 
    16307993 
    16304221 
    16299456 
    16297355 
    16291164 
    16278274 
    16254424 
    16242423 
    16238542 
    16216026 
    16214525 
    16214520 
    16214519 
    16211399 
    16192508 
    16187596 
    16148067 
    16145219 
    16132313 
    16132276 
    16130083 
    16088415 
    16082571 
    16039229 
    16023442 
    15975333 
    15940492 
    15937823 
    15919314 
    15896603 
    15896602 
    15896601 
    15892408 
    15868000 
    15867997 
    15850307 
    15818354 
    15803294 
    15794112 
    15773271 
    15771597 
    15769700 
    15767823 
    15747271 
    15646089 
    15619280 
    15571908 
    15520110 
    15519844 
    15511455 
    15502032 
    15490150 
    15474777 
    15470609 
    15364856 
    15342857 
    15337023 
    15298425 
    15296623 
    15283350 
    15213073 
    15208780 
    15184955 
    15153209 
    15136961 
    15101864 
    15073715 
    15073703 
    15063264 
    15052194 
    15052189 
    15046289 
    15033888 
    15001902 
    14992897 
    14971791 
    14762357 
    14759418 
    14752434 
    14728223 
    14722637 
    14694949 
    14670278 
    14667612 
    14666008 
    14630989 
    14617591 
    14535902 
    14514553 
    12909468 
    12902107 
    12878954 
    12813284 
    12762237 
    12756480 
    12754025 
    12753453 
    12735573 
    12691288 
    12667267 
    12645737 
    12640374 
    12640366 
    12640285 
    12612252 
    12612220 
    12543576 
    12536267 
    12514668 
    12514629 
    12500624 
    12467847 
    12463838 
    12439890 
    12360391 
    12354714 
    12296564 
    12238884 
    12233102 
    12209286 
    12204736 
    12193511 
    12172825 
    12170356 
    12139125 
    12117847 
    12107586 
    12100647 
    11996270 
    11994879 
    11981706 
    11932174 
    11877362 
    11845881 
    11838928 
    11818757 
    11809429 
    11805748 
    11790702 
    11789799 
    11748522 
    11745059 
    11744036 
    11703965 
    11692591 
    11573538 
    11573523 
    11568049 
    11526410 
    11523223 
    11515875 
    11501491 
    11465176 
    11456144 
    11399341 
    11390340 
    11370437 
    11323338 
    11299209 
    11273826 
    11268583 
    11240878 
    11219904 
    11192514 
    10751768 
    11155754 
    11155535 
    11152839 
    11123138 
    11113676 
    11107205 
    11106047 
    11093480 
    11061102 
    11054898 
    11052438 
    11020744 
    11016304 
    11016298 
    10982708 
    10973368 
    10966558 
    10925734 
    10914972 
    10892944 
    10892943 
    10890476 
    10886693 
    10884659 
    10884658 
    10870004 
    10838526 
    10816060 
    10776998 
    10771985 
    10763532 
    10754092 
    10745585 
    10731869 
    10722910 
    10712965 
    10709385 
    10667726 
    10649209 
    10648310 
    10618880 
    10618336 
    10611805 
    10579744 
    10569663 
    10564307 
    10564300 
    10563161 
    10559816 
    10549227 
    10497674 
    10490569 
    10485405 
    10409597 
    10391289 
    10391288 
    10362213 
    10339934 
    10325781 
    10323535 
    10323534 
    10323533 
    10215289 
    10215220 
    10086542 
    10086544 
    10067267 
    10037842 
    10037829 
    9916392 
    9856595 
    9835430 
    9824084 
    9763910 
    9761151 
    9760295 
    9749204 
    9720379 
    9713736 
    9680274 
    9663530 
    9655657 
    9636259 
    9597408 
    9594874 
    9576224 
    9537540 
    9527086 
    9347001 
    9505914 
    9486276 
    9470877 
    9462547 
    9423944 
    9422910 
    9375600 
    9386120 
    9404105 
    9386657 
    9363654 
    9382008 
    9283546 
    9226283 
    9279186 
    9411285 
    9266554 
    9205174 
    9124971 
    9104981 
    9099772 
    9093038 
    9066413 
    9615000 
    9030798 
    9002304 
    8922775 
    8901719 
    8901718 
    8901711 
    8893564 
    8781088 
    9091831 
    8983686 
    8804328 
    8800151 
    8709687 
    8765629 
    8751511 
    8908825 
    8678690 
    8967817 
    8758561 
    8758560 
    8857262 
    8619704 
    8691678 
    8572781 
    8557923 
    8787480 
    8604943 
    8604935 
    8604933 
    8578785 
    8551084 
    8544112 
    8526599 
    7586429 
    7586414 
    7494553 
    7645383 
    7640133 
    10707705 
    7785753 
    7700741 
    7595845 
    7887388 
    8578670 
    7864415 
    7532554 
    7878410 
    7847962 
    8652042 
    8534778 
    8521306 
    7863717 
    7728847 
    7585739 
    7880995 
    7880992 
    7855377 
    7936901 
    7881366 
    7868290 
    7523473 
    9205448 
    7967251 
    7942530 
    7814159 
    7995867 
    7978174 
    7948797 
    7960265 
    7957368 
    7941651 
    7875704 
    8205680 
    8195530 
    8091980 
    8072144 
    8069991 
    8049980 
    7515213 
    8176972 
    8172042 
    8051907 
    8159035 
    8023126 
    8004529 
    8276013 
    8134673 
    7693365 
    8222032 
    8215659 
    8249850 
    8226004 
    7508001 
    8366562 
    8239209 
    8415214 
    8240229 
    8501565 
    8378128 
    8322297 
    8217307 
    8480939 
    8466011 
    8456674 
    8487476 
    8445919 
    8465565 
    8431577 
    8490745 
    8064584 
    1451247 
    1466480 
    1330359 
    1476572 
    1460757 
    1417234 
    1470571 
    1444550 
    1416162 
    1517907 
    1513163 
    1402184 
    1341174 
    1640288 
    1632410 
    1445144 
    1379034 
    1617773 
    1530440 
    1586172 
    1533168 
    1372914 
    1561008 
    1593163 
    1728440 
    1731571 
    1581087 
    1555222 
    1285969 
    1284712 
    1816444 
    1802672 
    1802671 
    1768826 
    1953128 
    1760182 
    1782030 
    1747277 
    1722813 
    1933572 
    1907112 
    1889079 
    1865701 
    1713240 
    1915237 
    1914983 
    1800329 
    1711062 
    2053785 
    2038202 
    1852523 
    1710812 
    2068356 
    2030922 
    1986076 
    1785701 
    1772678 
    2231215 
    2146866 
    1699686 
    2229683 
    2132337 
    2132336 
    2395739 
    1694938 
    1972434 
    2396778 
    2163597 
    1692680 
    2341010 
    2353187 
    2351864 
    2153153 
    2151973 
    1693595 
    2613373 
    2513900 
    2614871 
    2527902 
    2624556 
    2528925 
    2475072 
    2764270 
    2735550 
    2742686 
    2923754 
    2716179 
    2520636 
    2504023 
    2910034 
    2909981 
    2741470 
    2631813 
    2624783 
    2483978 
    2477828 
    3154641 
    3168134 
    3394615 
    2456089 
    3411763 
    2452561 
    3351150 
    3344685 
    3134868 
    3367912 
    3341568 
    3364808 
    3349662 
    3677750 
    3501227 
    3684368 
    3631582 
    17165310 
    17165309 
    3573778 
    3559801 
    3829108 
    2955762 
    3813710 
    3802439 
    3673762 
    3438716 
    3432024 
    2483339 
    3789442 
    3789440 
    3095025 
    3783194 
    3760365 
    3759271 
    3728314 
    3706165 
    3741354 
    3774577 
    3588451 
    4094309 
    4068741 
    4079651 
    2413096 
    4035572 
    3847415 
    3994867 
    3977100 
    3161467 
    3968910 
    3968319 
    3863568 
    4080576 
    3905015 
    6499476 
    6498034 
    6496424 
    6548430 
    6700216 
    6419575 
    6645588 
    6858898 
    6862701 
    6867981 
    6830668 
    6827844 
    7124637 
    7094234 
    7097973 
    7089266 
    6176816 
    7059393 
    6760141 
    6459278 
    7295420 
    7278334 
    6266692 
    6267232 
    7265800 
    7247545 
    7234702 
    6167010 
    7296584 
    7236462 
    7223657 
    6794479 
    7460252 
    7453232 
    7286508 
    6161280 
    6116180 
    7212468 
    6107846 
    7406557 
    7371127 
    7362323 
    7362322 
    7357986 
    518185 
    572632 
    88172 
    447189 
    87361 
    431122 
    688569 
    369510 
    81528 
    568198 
    736728 
    695809 
    671169 
    677561 
    353242 
    647513 
    646909 
    352532 
    332408 
    884012 
    866697 
    854032 
    849386 
    842463 
    835481 
    64317 
    870364 
    835321 
    830212 
    1008246 
    991426 
    963845 
    64373 
    973766 
    951140 
    937204 
    1269115 
    145637 
    1266719 
    56243 
    769525 
    1248087 
    55525 
    1022607 
    1163084 
    1132408 
    1095712 
    1093759 
    240235 
    48359 
    234927 
    46053 
    1241441 
    1101642 
    4605905 
    4600513 
    4210652 
    4773668 
    4706730 
    4705571 
    4686657 
    4645657 
    5015882 
    5015881 
    5120230 
    4254740 
    5093935 
    4934360 
    5439021 
    5420633 
    4919677 
    4890069 
    5642414 
    6030859 
    5933598 
    25823097 
