Topic: CD012080 

Title: Non‐invasive diagnostic tests for Helicobacter pylori infection 

Query: 
exp Helicobacter pylori/ or Helicobacter/
 (pylori or pyloridis).mp.
 Helicobacter.mp.
 HP.mp.
 Campylobacter.mp.
 1 or 2 or 3 or 4 or 5
 exp Breath Tests/
 (breath adj3 test).mp.
 exp Enzyme-Linked Immunosorbent Assay/
 (Enzyme-Linked Immunosorbent Assay or ELISA).mp.
 exp Blotting, Western/
 (Western adj1 (blot or blotting or immunoblot or immunoblotting)).mp.
 Latex Fixation Tests/
 ("latex agglutination test" or "latex fixation test" or LAT).mp.
 ((stool or "stool antigen" or feces or faeces or fecal or faecal) adj3 test).mp.
 7 or 8 or 9 or 10 or 11 or 12 or 13 or 14 or 15
 6 and 16
 exp animals/ not humans.sh.
 17 not 18
limit 19 to ED=19460101-20160304 

Pids: 
    12640701 
    18385937 
    19630462 
    9687380 
    11431188 
    10650669 
    15910453 
    7600935 
    19884816 
    15085986 
    8677930 
    12849867 
    10488200 
    15045642 
    20400786 
    18205667 
    17195990 
    11012479 
    8515115 
    12969090 
    19463740 
    19117203 
    11495077 
    8017093 
    24046521 
    24890952 
    11294099 
    25068041 
    26925118 
    15298622 
    7899353 
    23756667 
    14769746 
    12165033 
    25658601 
    23954956 
    16393310 
    12537325 
    17454893 
    21120564 
    12379809 
    12592812 
    6396337 
    10678961 
    17372412 
    10923454 
    22427118 
    9570243 
    14632749 
    11979800 
    19404195 
    23967672 
    11031786 
    7623259 
    16038443 
    21050118 
    7696403 
    15492914 
    1734072 
    21826138 
    21272639 
    2332476 
    19012696 
    22901189 
    25737718 
    8777311 
    18322956 
    8840243 
    2152642 
    15225177 
    17523338 
    11454909 
    8426729 
    11895937 
    12654495 
    16081890 
    15849808 
    7942723 
    1551356 
    9690730 
    18830786 
    23679276 
    11511553 
    2721923 
    20625512 
    12574961 
    12491600 
    10611151 
    3309141 
    17617883 
    9529506 
    7572962 
    19839006 
    14532714 
    12474574 
    15028418 
    10658056 
    24103649 
    12641523 
    14571746 
    8616412 
    25842656 
    19581020 
    19606674 
    20405713 
    11915493 
    11190073 
    11050483 
    22221619 
    15387326 
    16451410 
    10479860 
    16875147 
    15085021 
    8754656 
    3554501 
    9568442 
    11136281 
    10809801 
    12662379 
    9855080 
    17028126 
    20602450 
    20852374 
    11262917 
    16246181 
    11001497 
    8852547 
    16351775 
    8083789 
    2401792 
    23056683 
    21543834 
    23158273 
    20943062 
    19025304 
    9398883 
    12915920 
    18837678 
    7871374 
    19233700 
    9889235 
    10573378 
    17629092 
    14664190 
    11379334 
    8625766 
    3417085 
    11339415 
    18722071 
    9058633 
    23577140 
    9301493 
    12485124 
    10971231 
    21923688 
    10150401 
    15925556 
    8651154 
    8551919 
    1455198 
    10703052 
    12702040 
    20347814 
    12823158 
    16423087 
    23730004 
    12562456 
    10774297 
    25939315 
    12843086 
    9880693 
    16882328 
    15074390 
    10791697 
    9454363 
    17106939 
    14971703 
    25579756 
    14984382 
    15319645 
    12609106 
    7855648 
    23206871 
    9882038 
    15884132 
    12973388 
    12621086 
    15046195 
    10406242 
    19701601 
    12760710 
    17183194 
    19472102 
    12379730 
    2666433 
    1371809 
    7639230 
    8707109 
    18205668 
    16088959 
    21245834 
    25552160 
    11422473 
    18665931 
    11060970 
    1308296 
    16149628 
    8795447 
    10214075 
    21452122 
    16004527 
    7630671 
    12014715 
    17568058 
    15678917 
    12741450 
    9844071 
    23025059 
    9202810 
    12144576 
    10360768 
    23022373 
    25349682 
    15610080 
    16363535 
    11083450 
    21220698 
    11860411 
    17613922 
    21213594 
    1403580 
    23382639 
    12143188 
    1793785 
    16008035 
    12204971 
    14532184 
    16010307 
    17918261 
    22433535 
    10669769 
    9474027 
    10188724 
    10235194 
    11735301 
    11926553 
    21253294 
    2380033 
    9512367 
    17032283 
    2383976 
    11397854 
    12740334 
    3288028 
    2714840 
    3393098 
    23021657 
    10831257 
    15643676 
    10994036 
    14599063 
    10669990 
    8748281 
    17334489 
    20050183 
    19879118 
    10818120 
    11246348 
    12485120 
    25384804 
    24340314 
    22759331 
    17660905 
    15906754 
    21866663 
    25368747 
    15711664 
    23529524 
    10219820 
    8853768 
    25510669 
    12454831 
    12508365 
    8072313 
    17688884 
    17006982 
    23155357 
    14632672 
    17106182 
    2044930 
    7748702 
    11728547 
    8280944 
    10333196 
    8561159 
    23908455 
    11280533 
    21779758 
    19485816 
    12888582 
    9166476 
    11558321 
    25495272 
    12662375 
    19603010 
    16115169 
    19086246 
    18288454 
    24993887 
    10693597 
    22949854 
    20729762 
    22735872 
    10573377 
    2884468 
    21762272 
    22771606 
    12014996 
    16412039 
    20959488 
    10960431 
    9833044 
    22722747 
    24100704 
    22865848 
    24992088 
    16412040 
    12376512 
    22867947 
    25593496 
    11813591 
    8027593 
    20478402 
    20850379 
    18400542 
    11283108 
    19362745 
    8934156 
    15112347 
    16280963 
    22045063 
    11389285 
    10753728 
    15621527 
    20492005 
    10848657 
    15385721 
    24462875 
    12468950 
    10503826 
    8633589 
    9844069 
    16128936 
    1641843 
    11599002 
    17628869 
    1537513 
    7519881 
    17169268 
    16706809 
    16140226 
    11953695 
    19173902 
    1612735 
    3292401 
    8881801 
    12519401 
    2118567 
    16179120 
    16024932 
    12643609 
    15361119 
    10783998 
    25531993 
    2066732 
    10063308 
    16679349 
    10535650 
    10483993 
    10863855 
    17617430 
    15306577 
    22563200 
    10592795 
    24452175 
    12562457 
    10811323 
    15947547 
    10102232 
    17296235 
    8722410 
    8633585 
    22486882 
    21910723 
    12352217 
    23173315 
    8642764 
    2873408 
    20974019 
    11891472 
    2044906 
    22698649 
    16137055 
    8478718 
    12142808 
    9286230 
    1411403 
    19543687 
    8645510 
    21860221 
    16928256 
    9821089 
    10726384 
    11874887 
    18365589 
    19889072 
    11700453 
    20195509 
    8617115 
    15668640 
    19450936 
    11008915 
    21830402 
    18770033 
    12950598 
    9301494 
    10343133 
    15982214 
    10206529 
    16450838 
    12477244 
    10914776 
    23583190 
    18019737 
    24747984 
    20878120 
    17392440 
    21241411 
    19191899 
    16295734 
    11369014 
    17134689 
    8791954 
    7594325 
    11321509 
    19149222 
    15319630 
    16756928 
    8283615 
    17886199 
    11949720 
    1677739 
    25617764 
    23167259 
    18202015 
    11270793 
    22951408 
    19621632 
    16758659 
    10758416 
    11283050 
    8245544 
    10382123 
    19427781 
    25859277 
    21083753 
    12441037 
    9376974 
    23060297 
    7594328 
    10383502 
    11427417 
    12073574 
    9102850 
    9376622 
    21346040 
    17727459 
    17360487 
    16091125 
    12031222 
    24040632 
    16128934 
    20715995 
    22558796 
    25219836 
    9605978 
    7773244 
    10693997 
    12468949 
    19751433 
    18566138 
    17487928 
    20123162 
    23083221 
    15067830 
    25120979 
    7660079 
    22311514 
    12895340 
    17460504 
    7640761 
    22114831 
    18763287 
    19671561 
    19433553 
    22720300 
    9659153 
    12911657 
    21957281 
    16907896 
    20371431 
    18380556 
    10722611 
    16306089 
    23067102 
    8762953 
    10518060 
    22722905 
    21396358 
    18609709 
    10849058 
    11108068 
    11354275 
    8163693 
    9153979 
    9432333 
    19606686 
    19505396 
    16024925 
    21336156 
    21951097 
    16706820 
    9103062 
    16119720 
    11381356 
    11045091 
    11929396 
    18624791 
    11978690 
    11421883 
    15618837 
    10611126 
    22550478 
    22773062 
    2917777 
    19917709 
    19218674 
    21537122 
    20356488 
    2744322 
    20030729 
    12747632 
    9128302 
    8222981 
    10792126 
    21431835 
    9116633 
    1587837 
    8667417 
    9131396 
    23108080 
    22973500 
    10722567 
    19813676 
    23573105 
    10457032 
    8578163 
    8051244 
    25547786 
    22286731 
    12519218 
    7595678 
    25229649 
    1355229 
    24698653 
    17695792 
    10606303 
    10549246 
    12942033 
    11438188 
    8575478 
    24224808 
    9360204 
    18579667 
    8841044 
    10829591 
    10445535 
    12650090 
    11990490 
    18600386 
    15298611 
    20145403 
    11447186 
    10068759 
    14686717 
    20082477 
    25341349 
    10894615 
    16127019 
    23901182 
    10036946 
    15026962 
    24151394 
    26528337 
    24167136 
    12702910 
    8937937 
    17293982 
    24834295 
    1882814 
    12502662 
    9431986 
    24549629 
    25833378 
    23665990 
    10568603 
    9096426 
    25068917 
    10885836 
    7615270 
    24248378 
    20451655 
    12213186 
    9187876 
    20627443 
    12899747 
    17914918 
    23671731 
    9932919 
    11168097 
    10450182 
    22359318 
    17402699 
    10616758 
    11445510 
    23459153 
    11876706 
    21829051 
    11330406 
    8237933 
    26933482 
    9698887 
    21441768 
    8261831 
    22546352 
    21520489 
    10635800 
    21466771 
    11413105 
    8959519 
    14671424 
    9513152 
    16610017 
    17669110 
    10522617 
    20137267 
    9488823 
    2813224 
    19405262 
    10795730 
    10623364 
    6198286 
    14696128 
    9260782 
    23183616 
    10615847 
    18487688 
    9366179 
    9657655 
    23787767 
    11995500 
    16434866 
    25226740 
    12749604 
    8269756 
    12402555 
    19030199 
    10833482 
    10764025 
    15533899 
    8307442 
    9679031 
    19115612 
    9097927 
    9544410 
    8959509 
    1543820 
    21386199 
    23015507 
    15596779 
    19347242 
    8074872 
    24762684 
    14605132 
    18046060 
    15598083 
    24592369 
    16501463 
    17589930 
    17140429 
    24040227 
    11926569 
    16788304 
    2311511 
    14510746 
    15138184 
    26855566 
    21502453 
    11938482 
    15156114 
    16493368 
    15259072 
    12652867 
    12542601 
    25404713 
    1635774 
    11423595 
    20074147 
    20603042 
    9772056 
    12414744 
    10514122 
    9772054 
    12592813 
    10976194 
    9207257 
    25324874 
    15855306 
    7701899 
    15125464 
    23646208 
    9068206 
    8589162 
    10331931 
    11929385 
    19494919 
    24295850 
    26659608 
    15165261 
    7589391 
    12673444 
    9483957 
    20495657 
    18328851 
    15733502 
    16302988 
    12117924 
    10425573 
    9604447 
    11136773 
    7506798 
    15052678 
    10077764 
    9042979 
    24521888 
    15165263 
    16835334 
    22204240 
    16545139 
    8792699 
    16482238 
    21294447 
    10695554 
    16982805 
    2402249 
    24998026 
    12873755 
    22372560 
    21267690 
    12055660 
    9786234 
    8733530 
    24946087 
    22662230 
    3453900 
    23620967 
    12269965 
    17583688 
    12918114 
    12067831 
    10382127 
    21348300 
    14679322 
    8280936 
    11444468 
    18030208 
    17297281 
    15020076 
    23862170 
    11077925 
    16534683 
    15361080 
    22004957 
    22184920 
    10585630 
    12868990 
    16140220 
    12671115 
    12895220 
    16246231 
    10880321 
    11524480 
    8601663 
    19556840 
    16706819 
    20559522 
    7743510 
    8821400 
    22973378 
    25256639 
    14766306 
    11472323 
    12069699 
    20078554 
    22018600 
    8642243 
    19864726 
    17621410 
    15122529 
    24127267 
    15736655 
    17589941 
    16299027 
    23679279 
    23424650 
    22160312 
    12925140 
    3734423 
    9102286 
    14981449 
    10383503 
    8644783 
    22346248 
    11025355 
    15362040 
    11713443 
    23316886 
    10229548 
    11831005 
    15637756 
    25703120 
    18176181 
    16212535 
    17078005 
    14567461 
    8264442 
    17760728 
    20017308 
    22899260 
    18797112 
    17416755 
    24695914 
    21481240 
    8758417 
    18573283 
    24273182 
    23311026 
    23866448 
    22072854 
    16143884 
    18367952 
    8917208 
    10597392 
    2406850 
    16938804 
    9279151 
    2013418 
    17640324 
    8439632 
    17003940 
    18371310 
    16882326 
    21748228 
    15347442 
    20141577 
    16097066 
    8191264 
    8855734 
    11555613 
    8421157 
    19796124 
    9061702 
    9605943 
    16120761 
    19145733 
    12394221 
    11478509 
    10961711 
    16051567 
    23714296 
    22699836 
    9177601 
    9762269 
    23698802 
    19702850 
    18564109 
    1500074 
    20457439 
    10405232 
    16183830 
    22059392 
    10049431 
    17261130 
    24939135 
    10087249 
    9459883 
    9740196 
    15165264 
    9354201 
    10949144 
    10689743 
    21908868 
    21258193 
    8633494 
    15799844 
    19798427 
    26448865 
    9616004 
    9394768 
    15948813 
    23500882 
    3551584 
    15165255 
    23567104 
    2612831 
    11596697 
    14689831 
    19169650 
    25409451 
    8174954 
    18001406 
    15300584 
    9872519 
    21790255 
    23661025 
    15644048 
    9701524 
    16181353 
    9745160 
    17537603 
    23067317 
    10790098 
    22759325 
    15710001 
    24645615 
    15361082 
    11344531 
    1464085 
    9658310 
    19567202 
    18774949 
    25916130 
    11809180 
    17140888 
    9558164 
    15506903 
    10705045 
    11236059 
    9199901 
    24714675 
    11472324 
    9932847 
    8701259 
    12201246 
    9181650 
    12546094 
    9844453 
    23244107 
    7679264 
    7552635 
    9302201 
    25892981 
    18609127 
    25201937 
    22040743 
    9393383 
    16283940 
    10378426 
    9248285 
    11692707 
    9566697 
    10571612 
    20163453 
    7515043 
    26464765 
    9764039 
    14670236 
    20503072 
    11869384 
    12224687 
    9351031 
    21647655 
    18096609 
    22781295 
    23831213 
    15321816 
    16460479 
    2261066 
    23682441 
    10215734 
    20132430 
    8689734 
    26223722 
    15637759 
    21407111 
    20831531 
    20515875 
    17489510 
    18497859 
    11244602 
    9462204 
    8941293 
    15505431 
    19786938 
    11966546 
    25687912 
    12795457 
    18840390 
    23737311 
    15473165 
    10993429 
    12441136 
    15180740 
    10817312 
    10735540 
    2322277 
    11247862 
    23632355 
    12407643 
    20868568 
    16117866 
    15813833 
    21600165 
    9376676 
    10566709 
    9729526 
    24587624 
    20622725 
    11421874 
    2547021 
    8189941 
    23467184 
    21890457 
    24773566 
    24387083 
    15717805 
    19889077 
    9813386 
    12747623 
    2681390 
    10849061 
    10404531 
    11404721 
    19533762 
    7594667 
    7539545 
    9149544 
    25236423 
    2779586 
    19646018 
    24600559 
    15691315 
    1759135 
    12845945 
    23165228 
    15225176 
    10893012 
    11305502 
    11819770 
    10466873 
    23067136 
    11068086 
    23718061 
    21856287 
    15722982 
    23561799 
    21261618 
    2038996 
    24167371 
    9485003 
    8246250 
    25894610 
    1462293 
    1727779 
    15001309 
    19136056 
    9641649 
    9289804 
    16837896 
    15866215 
    22113134 
    10454640 
    25653855 
    12362798 
    18753358 
    23957150 
    10083867 
    16913839 
    9245926 
    12678330 
    2279995 
    15570869 
    19349290 
    10683960 
    24122836 
    14742285 
    9684130 
    25804073 
    15703601 
    24895807 
    10738209 
    9484674 
    10886048 
    12526935 
    11199362 
    2327381 
    23279313 
    12694090 
    21630553 
    9785445 
    9561415 
    9497214 
    13129708 
    3141175 
    9536392 
    11559648 
    20009392 
    22678734 
    8980935 
    15211602 
    19399945 
    10632645 
    16497639 
    17694791 
    15562747 
    2040481 
    23704827 
    15479977 
    9432324 
    21093822 
    22346140 
    9390058 
    17710984 
    12190090 
    10766318 
    17360147 
    17204803 
    19917092 
    7821096 
    21150780 
    20064169 
    11834643 
    21443136 
    9675647 
    17488595 
    24511419 
    7750708 
    10322798 
    3343315 
    16428249 
    14966904 
    17218760 
    12645343 
    19307253 
    10338193 
    17031211 
    18385441 
    10536315 
    11121910 
    18787366 
    25808243 
    17393314 
    17114467 
    10587336 
    22188957 
    15771765 
    11218874 
    11374675 
    16405230 
    18691841 
    18343637 
    11595472 
    9190436 
    16544903 
    16331452 
    9432342 
    18600454 
    10705910 
    12389948 
    15156907 
    19879082 
    21931799 
    9604441 
    18156708 
    12144578 
    1359233 
    7773245 
    11015236 
    9200849 
    19668851 
    25301002 
    2351302 
    25279005 
    9635612 
    16101328 
    8598258 
    11231924 
    2045496 
    10519934 
    9692693 
    11064329 
    9779970 
    1549070 
    24349355 
    15921373 
    9780563 
    15949618 
    8570265 
    11552919 
    15285521 
    9453484 
    20822092 
    8304304 
    2827459 
    11478748 
    24970974 
    2430943 
    19788600 
    22795964 
    16494583 
    22339708 
    16611283 
    12140860 
    12894391 
    10875038 
    20037501 
    18535491 
    21833666 
    19298341 
    15641151 
    15557054 
    16865050 
    11497171 
    19805919 
    15777846 
    8175114 
    8580271 
    20018440 
    24146329 
    16855407 
    12165034 
    10973467 
    24583194 
    12738390 
    10912479 
    10479971 
    7715299 
    20382399 
    11307326 
    25876903 
    24739825 
    25322577 
    24944485 
    19568571 
    15259501 
    15931850 
    24047023 
    17405913 
    16771938 
    15932172 
    8540509 
    11241789 
    8621951 
    25101293 
    2807533 
    20181960 
    10890227 
    11336134 
    22802273 
    22416184 
    18927498 
    15293131 
    20711119 
    20572982 
    9691913 
    12527825 
    25501820 
    9096429 
    17276512 
    22679686 
    14612214 
    23528908 
    21496341 
    11283042 
    23573488 
    25520857 
    15372235 
    10735921 
    16579179 
    10201462 
    8126203 
    25454706 
    16368998 
    10956584 
    22131241 
    26142579 
    3284896 
    12452389 
    10897624 
    14536001 
    10563534 
    21585609 
    8331178 
    12487922 
    15696001 
    18184461 
    12379526 
    19485826 
    24720760 
    22743737 
    23820501 
    19787204 
    1320607 
    10579481 
    11571826 
    20584780 
    11207990 
    18708138 
    21198868 
    21512660 
    17712395 
    1955843 
    1606220 
    19263014 
    10225839 
    8338704 
    7475538 
    17469733 
    16425378 
    2253905 
    17200016 
    14532713 
    7735942 
    19416457 
    16082421 
    15223400 
    20977582 
    16363568 
    25337542 
    3348562 
    20159678 
    17333352 
    23544831 
    16706821 
    17669099 
    15758899 
    17321643 
    10462899 
    3190047 
    15610082 
    20860223 
    23129507 
    8565623 
    9840015 
    15270743 
    1520486 
    9672333 
    22215941 
    21116603 
    11117583 
    7632295 
    11424316 
    11418369 
    12642739 
    22515358 
    15161075 
    11895427 
    14708861 
    24652210 
    17766620 
    21853260 
    24732377 
    9402341 
    8853771 
    19941660 
    25003266 
    9160199 
    7692894 
    10791209 
    19468187 
    25157583 
    16048576 
    10597396 
    16932999 
    17877513 
    17764496 
    21351017 
    18654664 
    16819003 
    10436663 
    21762268 
    25212506 
    19384244 
    7940447 
    11686212 
    16920757 
    17205769 
    15184532 
    24521887 
    10645106 
    18563455 
    9038594 
    1430237 
    23437263 
    20008044 
    15068409 
    17577619 
    21842116 
    8491390 
    11303969 
    16206698 
    9438317 
    9700114 
    23772269 
    9882036 
    15052680 
    22741110 
    9731985 
    11422469 
    8590153 
    23376004 
    10524351 
    10891736 
    24506006 
    21241409 
    12607318 
    24830916 
    18465244 
    12526973 
    21482924 
    19718030 
    18377368 
    17031131 
    15836716 
    19716183 
    24296423 
    23966744 
    15267213 
    18216050 
    10930899 
    21669114 
    18058658 
    8777305 
    16882325 
    2663597 
    10460043 
    11111777 
    14705818 
    22187698 
    11683929 
    10894577 
    8147355 
    7987103 
    23293721 
    21286806 
    17372266 
    23360589 
    9542911 
    19916170 
    8422620 
    2535867 
    16393307 
    22303644 
    15582262 
    11488656 
    23591766 
    8834665 
    11407666 
    10481481 
    12733331 
    12747622 
    9762270 
    8959516 
    20533108 
    20445748 
    16874871 
    8642486 
    12204957 
    16127567 
    9367940 
    10068730 
    19880595 
    23316928 
    22098133 
    2318805 
    9724144 
    18979584 
    26823662 
    8791948 
    16938712 
    10735922 
    18090157 
    17033111 
    9125586 
    18466394 
    17216573 
    9003617 
    19006683 
    11932795 
    12018903 
    11692055 
    23185445 
    14520229 
    11057457 
    23066868 
    15144587 
    24895149 
    10925969 
    2707850 
    20140204 
    9801348 
    9546730 
    7871857 
    11376494 
    11444470 
    11446878 
    1840345 
    16598418 
    11272875 
    23575053 
    8971299 
    14688135 
    25205201 
    9670578 
    20009444 
    12551907 
    22849546 
    26063991 
    12432590 
    19751438 
    17991170 
    16254519 
    26535122 
    23508530 
    12135018 
    19493713 
    23456556 
    8300378 
    11248521 
    19928007 
    8561871 
    12591044 
    20455396 
    7712302 
    11148438 
    8026271 
    8734379 
    23724172 
    23166739 
    10685767 
    16473539 
    10445534 
    1893811 
    8751230 
    20084526 
    18714738 
    10912480 
    24006009 
    8401171 
    22896981 
    8485267 
    15870969 
    16603635 
    12026196 
    10750069 
    19520737 
    23917169 
    24442545 
    9623269 
    25170877 
    23581720 
    9795467 
    8623502 
    11284780 
    1939565 
    9399662 
    11782577 
    10851277 
    8633488 
    19089132 
    22446866 
    19854893 
    26051728 
    24832381 
    16754277 
    15087691 
    25382169 
    7650174 
    8237940 
    15836727 
    20087284 
    15733077 
    16255882 
    15842576 
    15642989 
    12741077 
    16081055 
    12393940 
    25624729 
    12811201 
    25337583 
    11413278 
    14961972 
    10176754 
    4014291 
    18690949 
    16579837 
    14620620 
    9887574 
    12182745 
    12174382 
    18594986 
    9517167 
    18220621 
    1372732 
    19378833 
    19478484 
    8675345 
    7995353 
    22237057 
    17941822 
    21435087 
    12625884 
    9737564 
    11305504 
    23864449 
    18501447 
    23964142 
    25037218 
    18001397 
    9521947 
    13130116 
    17092197 
    1563394 
    20619254 
    16907897 
    2247243 
    9835039 
    16155650 
    9744597 
    11549944 
    21762274 
    21913862 
    14581804 
    12669130 
    8890774 
    10634733 
    23287944 
    12725341 
    12030957 
    23746337 
    21637128 
    23020284 
    9701527 
    2578479 
    19028649 
    21362044 
    22928895 
    16568371 
    23641743 
    10764027 
    11328368 
    1754351 
    23967417 
    12763982 
    16579839 
    18464263 
    15640965 
    15130149 
    11926735 
    10467996 
    9855262 
    14696514 
    17087192 
    15716233 
    24803823 
    24321074 
    18265634 
    1761682 
    10355513 
    16356270 
    2283391 
    10705050 
    1602148 
    2925047 
    22020746 
    20180646 
    17965114 
    19435494 
    10365351 
    15157398 
    20455395 
    11558058 
    17195049 
    19486449 
    8731267 
    19804842 
    17227244 
    15505436 
    9438319 
    25436099 
    18951869 
    10754247 
    7567733 
    11595059 
    24806233 
    18322957 
    24052422 
    4673792 
    12856739 
    19383819 
    17203862 
    20402813 
    9414967 
    9583224 
    15017668 
    11848725 
    25102980 
    19961004 
    10960117 
    12524398 
    18299710 
    19758211 
    22737592 
    11552930 
    3886548 
    12071078 
    21769110 
    15861014 
    10547167 
    13679322 
    23464443 
    12213922 
    14514388 
    16269161 
    11421875 
    11332019 
    7540995 
    8287692 
    16181982 
    11843966 
    8537503 
    21871144 
    9376621 
    20557359 
    8561131 
    22284337 
    12148441 
    15761976 
    9615262 
    18837801 
    8951915 
    12801034 
    16874857 
    24825802 
    14971810 
    24296089 
    24661511 
    2741887 
    20218127 
    9203935 
    8186351 
    9471025 
    25041690 
    16880064 
    8981096 
    22174372 
    19132389 
    12736086 
    2760233 
    24130793 
    24392924 
    19846355 
    20180787 
    17100981 
    14576945 
    9669020 
    24827117 
    12733330 
    14725331 
    17324918 
    23158730 
    22788847 
    14562386 
    10468698 
    12741361 
    14703052 
    9239884 
    8004056 
    9879969 
    22532453 
    10540042 
    19504600 
    23609053 
    15068410 
    21345487 
    24553293 
    17057267 
    9389233 
    3818099 
    23423538 
    8606844 
    11716132 
    22791809 
    7594330 
    19110672 
    25036019 
    14976565 
    12368145 
    12074737 
    20526394 
    11478510 
    25009393 
    23028555 
    22315005 
    17578847 
    11377390 
    20533106 
    21410079 
    15956048 
    16496854 
    15693450 
    10651926 
    9730035 
    15852372 
    2295860 
    23058028 
    10767975 
    8027963 
    2380360 
    10514118 
    8791949 
    24912042 
    15459921 
    1412236 
    8917328 
    1760952 
    3200186 
    12560763 
    25073666 
    17009520 
    10201464 
    10630445 
    17239446 
    24062071 
    18196899 
    15097035 
    14687248 
    12801033 
    16076858 
    9225808 
    10768510 
    9140270 
    12722944 
    12808021 
    10217846 
    8472980 
    11093674 
    9494848 
    15478850 
    11000734 
    14988821 
    9878024 
    14572562 
    12055165 
    9548620 
    23896962 
    11518686 
    9798804 
    12408448 
    14531527 
    10391848 
    24031285 
    8447708 
    14756947 
    10607420 
    19160050 
    15471100 
    7234412 
    11816541 
    11022797 
    21351019 
    16981271 
    12099696 
    12125208 
    25612741 
    11421877 
    9789308 
    21568147 
    24522352 
    19222537 
    18701028 
    10448465 
    19621690 
    1500174 
    12015037 
    10792380 
    18436591 
    10695618 
    8541956 
    7729872 
    8020796 
    24834261 
    8076989 
    25560322 
    18842116 
    8780570 
    15603373 
    15551252 
    9665963 
    20851780 
    21352335 
    1629330 
    12499993 
    9678815 
    3367059 
    1824177 
    23433200 
    16961804 
    24274254 
    9407478 
    11341669 
    11711782 
    15274666 
    12607322 
    9274470 
    24164483 
    12465723 
    24102940 
    8773599 
    8971304 
    10571609 
    10799462 
    16431942 
    23744497 
    22157171 
    11534801 
    12436163 
    9434020 
    20562864 
    22837325 
    16404969 
    12662378 
    9690382 
    17631712 
    18161928 
    23725608 
    19369829 
    10704625 
    1396764 
    14642083 
    23403682 
    10049411 
    12083954 
    16372580 
    19568573 
    15298610 
    15032433 
    11192314 
    8511543 
    14581807 
    21085698 
    8558837 
    18763295 
    1891020 
    10492154 
    10466876 
    22289088 
    14532926 
    12700494 
    9706770 
    9495993 
    15165265 
    1371521 
    16641578 
    25474277 
    24233772 
    10343132 
    22221615 
    19442428 
    6689672 
    17525367 
    9421122 
    12552243 
    11570943 
    11336157 
    12085263 
    11837570 
    15513327 
    10548288 
    11078399 
    20010919 
    25753878 
    23530767 
    12439119 
    8758420 
    23617093 
    16533699 
    8900908 
    11967140 
    14571821 
    16225498 
    11440209 
    15156902 
    12919105 
    9593484 
    16109653 
    15621547 
    11237830 
    9882932 
    20557360 
    12630044 
    18416347 
    18321302 
    17847114 
    19394572 
    12700500 
    22591220 
    25866729 
    10952653 
    20553588 
    25629566 
    19382600 
    18327592 
    22646167 
    12642740 
    11449126 
    11173894 
    16484956 
    15795700 
    9311193 
    23574384 
    15817875 
    15554076 
    16409664 
    15702858 
    15691319 
    23550042 
    18441281 
    16780553 
    16401469 
    24633026 
    17540517 
    17109500 
    8547532 
    24797992 
    23209350 
    11258573 
    17559379 
    12702979 
    11305510 
    23312025 
    7549157 
    16605100 
    19505663 
    16181347 
    8804881 
    15353135 
    16809885 
    12959712 
    10929897 
    17668881 
    1773948 
    15069723 
    9648438 
    2816823 
    9546115 
    16759223 
    12974908 
    22967118 
    1294662 
    10639406 
    8536884 
    20191872 
    15868900 
    15068419 
    10592593 
    7758498 
    3439387 
    17033110 
    8244577 
    9822320 
    20861649 
    8881922 
    17684940 
    17606419 
    11549829 
    18966807 
    1628453 
    22284248 
    11483401 
    19250506 
    25684503 
    18065632 
    9210611 
    11785202 
    17009402 
    7593800 
    16222752 
    12450694 
    12898183 
    15182634 
    11842278 
    22901205 
    22059398 
    20814423 
    3166539 
    23091792 
    8822294 
    22759330 
    10102965 
    15932655 
    10467995 
    18845980 
    25404705 
    23163139 
    23712625 
    8299193 
    25052887 
    12812682 
    9546119 
    23852160 
    21323605 
    12059051 
    23042309 
    8307041 
    23783010 
    9711007 
    8674395 
    20065505 
    1925307 
    10857228 
    8777290 
    11848739 
    20806247 
    11338285 
    20010920 
    22327101 
    12358238 
    16410892 
    19166417 
    10219821 
    15187783 
    15771764 
    22779074 
    9398916 
    12009183 
    1597198 
    16237763 
    11740229 
    14571700 
    8683881 
    16810756 
    8273795 
    2883491 
    22350696 
    19898595 
    8959527 
    9146767 
    16148176 
    10473575 
    20644138 
    12436176 
    8145781 
    21717146 
    25574466 
    11976239 
    14755533 
    10839870 
    15530319 
    16491050 
    15933924 
    11687726 
    2300088 
    24073313 
    20560362 
    12390284 
    17117075 
    11444469 
    10207777 
    21206097 
    20922758 
    24011287 
    24050512 
    10710052 
    24338763 
    15199751 
    20512382 
    8198099 
    9220161 
    16169304 
    11578064 
    17565490 
    24412863 
    9302202 
    16491063 
    9448166 
    12051531 
    21681741 
    15068411 
    25179088 
    15551344 
    11434512 
    10543350 
    7585907 
    16462727 
    16737055 
    10063910 
    16048573 
    11876711 
    21046390 
    15154618 
    17295763 
    10486354 
    16009873 
    22404439 
    22221613 
    22766852 
    24921211 
    15165253 
    8167428 
    16488898 
    19839955 
    10378425 
    20356485 
    8775012 
    17432012 
    11218396 
    22793995 
    21195664 
    16174081 
    21917738 
    24772855 
    9190573 
    15125462 
    15990627 
    19260519 
    14616724 
    21642817 
    11983196 
    7594326 
    22511052 
    12640700 
    11426531 
    10378353 
    24707145 
    8855828 
    8651162 
    11589373 
    12553159 
    16820150 
    18465236 
    16409261 
    26105480 
    9631309 
    17203517 
    23269287 
    11339416 
    10383526 
    3363304 
    10743246 
    19674127 
    10543276 
    9625115 
    19806222 
    23535107 
    1748037 
    16457124 
    20190685 
    10925639 
    7861988 
    9402345 
    11849131 
    16483153 
    16830376 
    16527554 
    25827801 
    12390207 
    22368293 
    3047852 
    11777664 
    8225576 
    10473970 
    11596019 
    21306703 
    25422745 
    11007120 
    8937121 
    23302994 
    11207516 
    10091208 
    10799800 
    2915172 
    21785173 
    24224450 
    1925312 
    10421278 
    10608776 
    21251064 
    17241297 
    20442295 
    9226531 
    4013751 
    12962428 
    15610083 
    19120907 
    2318539 
    14616156 
    23628045 
    14535875 
    9391784 
    15545368 
    7757498 
    7124403 
    15165259 
    21429454 
    16201132 
    15492913 
    8690507 
    22766592 
    23278469 
    8898414 
    25752851 
    20465006 
    19525869 
    11218395 
    8975984 
    9175205 
    9262979 
    10845924 
    23479993 
    9393845 
    18691771 
    2313129 
    15378781 
    20649738 
    25276073 
    23796974 
    9855045 
    24972810 
    9663724 
    10228802 
    22435509 
    11267848 
    9566749 
    25363508 
    18537657 
    12032434 
    16280266 
    2957486 
    17767867 
    11303370 
    8379231 
    1803838 
    20209758 
    12658782 
    10981828 
    19250512 
    16014430 
    15635887 
    16549831 
    11462887 
    24764674 
    16388968 
    14969595 
    19470446 
    8031726 
    23457877 
    16243563 
    14533352 
    10882957 
    10428200 
    16830288 
    10513740 
    10365789 
    12057883 
    11966872 
    8523966 
    19148576 
    10849060 
    25954485 
    25015308 
    1475615 
    22172834 
    8606074 
    25551587 
    17241301 
    11388513 
    15929181 
    15603374 
    7722542 
    18613460 
    12580916 
    10726140 
    12822873 
    22364001 
    11683920 
    19241167 
    16036505 
    12540563 
    10207779 
    10807888 
    22534991 
    21632579 
    22958155 
    24637473 
    26105000 
    1351204 
    8926896 
    11253135 
    16534856 
    10671770 
    9398879 
    20163288 
    11298774 
    7760235 
    16010300 
    24184568 
    18196900 
    9590413 
    19182743 
    2066433 
    9283138 
    15554990 
    9546121 
    1452698 
    21364188 
    24506175 
    17548960 
    21871025 
    9726387 
    16829615 
    2444577 
    23959491 
    8122674 
    7797030 
    17211708 
    8963384 
    10795588 
    10882654 
    9712234 
    15009618 
    15150985 
    25248821 
    19749042 
    9194037 
    18310262 
    22969207 
    24120528 
    9617828 
    19996442 
    10588182 
    9365146 
    16927133 
    11069321 
    10799080 
    22759327 
    12425543 
    12187749 
    2459066 
    11534420 
    21118735 
    15457293 
    8359826 
    19318111 
    22453995 
    12072601 
    16516981 
    22038196 
    10086037 
    19797925 
    10764024 
    11208468 
    12485915 
    9855047 
    12626829 
    10102966 
    16380742 
    23492570 
    16702847 
    22804766 
    10550087 
    7554584 
    16804982 
    12659240 
    11192946 
    10672834 
    7929755 
    15365126 
    15483684 
    9517646 
    23901235 
    23154495 
    8017360 
    11117645 
    10198012 
    10759623 
    24988873 
    17593161 
    9031266 
    10072149 
    22414649 
    9489904 
    17523341 
    16780557 
    7956797 
    8543643 
    19035981 
    15004108 
    18761158 
    17216934 
    15691312 
    10565897 
    19606677 
    23326145 
    11136280 
    8625525 
    10348815 
    24260829 
    18306984 
    7729879 
    11924227 
    20931422 
    9431899 
    16393308 
    11578063 
    11856088 
    16185523 
    11683693 
    19637777 
    20492325 
    9678817 
    11179983 
    8594244 
    11333567 
    25467826 
    10791240 
    11511554 
    11256133 
    15555287 
    2220829 
    19160044 
    10499486 
    10731605 
    9615281 
    23887168 
    10469806 
    21419035 
    12034584 
    9580391 
    14641288 
    11246582 
    8574742 
    9396698 
    19522025 
    21054647 
    21798844 
    10468684 
    15610077 
    11376061 
    11237916 
    15679702 
    10096092 
    8666843 
    14625183 
    19249233 
    10560352 
    25626653 
    21239999 
    15126313 
    24669326 
    25546671 
    16718752 
    23744180 
    7739119 
    9819491 
    16806003 
    24762682 
    16185577 
    17357765 
    15704154 
    15481334 
    20581208 
    8862584 
    22205726 
    14766827 
    11020908 
    16931196 
    14638482 
    21800625 
    9876296 
    12145391 
    1624417 
    12523587 
    25905054 
    10027969 
    9744755 
    10784580 
    12398215 
    8739092 
    22392025 
    11851856 
    25789225 
    11135029 
    18955872 
    11303972 
    16669834 
    15887115 
    21923713 
    19826381 
    22759326 
    16768398 
    18507093 
    22430924 
    17058718 
    11815905 
    19458898 
    10355018 
    15056439 
    15377296 
    10873881 
    18321305 
    9332131 
    20484478 
    18240348 
    16181348 
    9795468 
    2798166 
    8244098 
    7561197 
    19147656 
    24589592 
    23784731 
    17263669 
    12811206 
    26157713 
    3438028 
    9349983 
    10464447 
    10616770 
    8943965 
    10849059 
    22759323 
    25737169 
    23228830 
    11258572 
    18436254 
    8331182 
    25266185 
    22015564 
    10896238 
    16181354 
    11517594 
    16240217 
    21809708 
    12135186 
    3371715 
    12396958 
    8540496 
    9824148 
    16677163 
    10667466 
    12750090 
    17167154 
    15691499 
    12030389 
    16506368 
    20529556 
    23001699 
    15298626 
    15800055 
    22731891 
    21480103 
    9313783 
    9298375 
    10604229 
    22546014 
    18209582 
    20010231 
    19455592 
    18702686 
    9219785 
    19877879 
    10848652 
    18609140 
    19712657 
    25382113 
    11413891 
    17032282 
    9578830 
    23252568 
    9631313 
    15645840 
    9892877 
    12632975 
    23288428 
    9675648 
    16452833 
    10548360 
    10695561 
    1991209 
    7686110 
    18080196 
    20065413 
    2391709 
    12362103 
    10848659 
    12923589 
    10777493 
    20176595 
    10759250 
    15451766 
    17760719 
    11815766 
    11178942 
    15702549 
    21277307 
    12218957 
    11698776 
    20922192 
    12296859 
    22829808 
    9806039 
    26435815 
    22699322 
    15033700 
    23769952 
    17499868 
    7942670 
    12950597 
    22404442 
    11561564 
    10849054 
    2593958 
    16184519 
    1804728 
    12485122 
    1845464 
    2642876 
    22180710 
    19015732 
    10639467 
    10666837 
    16425379 
    11851830 
    19792849 
    20846373 
    15306193 
    21468541 
    23315395 
    24844107 
    9398895 
    12188399 
    11474309 
    10452677 
    8680535 
    22221616 
    19439698 
    24006137 
    12586006 
    7728100 
    20097900 
    24643271 
    15622476 
    9542915 
    12652903 
    16080594 
    11979805 
    11991614 
    9469252 
    16565595 
    24568485 
    25835107 
    21678277 
    16133345 
    20230679 
    23756666 
    11777836 
    26715634 
    15298602 
    15231122 
    9051870 
    2136428 
    10704650 
    1722220 
    10566708 
    22415887 
    9616329 
    7679876 
    15816263 
    8523209 
    18665936 
    24849129 
    10364018 
    12825349 
    15930805 
    15075995 
    22690086 
    8759327 
    15138195 
    14614600 
    24284990 
    24933988 
    10840298 
    16940572 
    2314520 
    8942236 
    9604445 
    9274468 
    15859391 
    9649220 
    17691112 
    17415089 
    22613904 
    14593583 
    12507026 
    19426392 
    23551920 
    23433942 
    10445533 
    23954776 
    17960618 
    25349535 
    16872629 
    21986992 
    23099849 
    9044577 
    16769600 
    22687889 
    19606685 
    17241299 
    26770764 
    11761653 
    21791025 
    12011009 
    17009395 
    9316940 
    15635718 
    10365899 
    19232854 
    12482602 
    22105372 
    23650780 
    21148572 
    16600306 
    16452320 
    19092454 
    10414600 
    15655824 
    15800984 
    12212290 
    7605863 
    9665351 
    17963278 
    20677338 
    21296538 
    18979291 
    15087690 
    11111391 
    1322880 
    9343269 
    8608881 
    20034921 
    25834143 
    12135016 
    10827472 
    12838214 
    11012483 
    20652254 
    17360880 
    23703470 
    25109343 
    12523631 
    23967668 
    16493058 
    22295309 
    8544353 
    15810944 
    15705177 
    17691020 
    19257919 
    10877241 
    9317067 
    24397393 
    9302211 
    15143938 
    10189841 
    8689900 
    20533393 
    19470177 
    23015042 
    21897673 
    11316144 
    10813027 
    25779680 
    25831906 
    20421384 
    10632648 
    12800206 
    19916178 
    22505373 
    23121338 
    12532200 
    20818305 
    25332229 
    10201465 
    1468451 
    17923636 
    9867008 
    22005359 
    14745283 
    10899765 
    19142251 
    1769546 
    9096425 
    10638562 
    12583452 
    10989679 
    16489307 
    8210978 
    9735665 
    24686789 
    10876951 
    20839379 
    16187173 
    20804546 
    9812536 
    20557365 
    24111596 
    10342102 
    26010595 
    12517890 
    24512919 
    14719801 
    10447106 
    12859286 
    11322645 
    8690944 
    23066970 
    18519558 
    15545864 
    16484342 
    8411745 
    9404237 
    21612671 
    14535979 
    2380350 
    8777310 
    4091537 
    10352192 
    9736229 
    24084637 
    11004133 
    21365752 
    19024516 
    21079980 
    20195162 
    11677204 
    17203959 
    9083733 
    16521831 
    21061532 
    10394306 
    10102962 
    23150022 
    7614105 
    21538882 
    21540004 
    23714108 
    11668141 
    18467083 
    1420742 
    9245067 
    8331260 
    9003245 
    11422468 
    11831064 
    1379439 
    22020911 
    15139486 
    26710478 
    9820377 
    16954968 
    16704530 
    8633586 
    21193449 
    22133280 
    16179835 
    24852885 
    16610003 
    9495692 
    16078754 
    15764076 
    9232345 
    10795603 
    25389709 
    11922552 
    23462808 
    11012480 
    9075625 
    15956377 
    22799313 
    15304587 
    18798847 
    14504122 
    23831768 
    24219365 
    16293448 
    19047976 
    15943853 
    10067732 
    9795464 
    18754684 
    25427912 
    23311469 
    15304113 
    12822863 
    12375143 
    11045838 
    3167988 
    7747032 
    17907288 
    10768243 
    9647022 
    11372079 
    16437659 
    25251497 
    10624765 
    24633341 
    1894733 
    24334757 
    22686508 
    20942598 
    8569932 
    2355391 
    17483706 
    21375884 
    25761510 
    24617668 
    11709273 
    23024116 
    12539556 
    11344768 
    23711095 
    15809209 
    11440729 
    15371920 
    10383520 
    7750683 
    17939051 
    12422567 
    23446740 
    23558993 
    25163495 
    8834666 
    10651663 
    23074116 
    9663726 
    9931471 
    16418408 
    22715275 
    25530066 
    10468681 
    21734350 
    21766091 
    15683431 
    23566958 
    2097496 
    10630486 
    21441826 
    11307303 
    8412683 
    1800030 
    24574779 
    12436134 
    7697523 
    9402353 
    11069248 
    12488702 
    18928065 
    21735226 
    1991634 
    8959515 
    16606980 
    10799946 
    24176798 
    16247412 
    24653928 
    22127126 
    12684047 
    2375321 
    9659747 
    26281163 
    22498901 
    10610215 
    12926800 
    23437218 
    20804787 
    18498120 
    10672830 
    9951939 
    2016149 
    25083283 
    7505793 
    9042980 
    7794303 
    17724805 
    8976006 
    14563182 
    7496867 
    8155478 
    15270742 
    17662567 
    16324316 
    25486706 
    10381913 
    22890997 
    16285942 
    12405567 
    8722385 
    17507609 
    10077933 
    11293440 
    8174887 
    12753158 
    7777802 
    12824950 
    23659788 
    17382278 
    20931421 
    8578164 
    20962628 
    2396087 
    18264024 
    21284894 
    20693254 
    2246711 
    16438383 
    10357053 
    19517842 
    6365789 
    19090485 
    1941415 
    11876710 
    3944480 
    15812165 
    8607481 
    9692608 
    10816497 
    12506519 
    22274153 
    16643777 
    21434536 
    12912935 
    19279049 
    14743883 
    11924751 
    19330931 
    9692704 
    22575191 
    11192320 
    12080221 
    17718272 
    7737560 
    9484427 
    8891848 
    7975672 
    12103253 
    10896071 
    15156039 
    8921472 
    7579592 
    19298335 
    22989437 
    10228811 
    15048676 
    19120897 
    24033876 
    16690622 
    21923682 
    20586873 
    15304111 
    17578080 
    16024926 
    9731987 
    11104668 
    26019781 
    18001405 
    12710169 
    14678557 
    12950603 
    23865590 
    24389227 
    14644740 
    24359515 
    16549394 
    8607491 
    20646208 
    20717639 
    8649619 
    16181363 
    16340041 
    22184269 
    10378427 
    8865155 
    2019371 
    16610007 
    8379229 
    19102497 
    26308758 
    22573378 
    3808455 
    11513170 
    21903421 
    10601771 
    17438094 
    10879091 
    26118132 
    18494053 
    16122847 
    3335917 
    11040154 
    25210229 
    17803865 
    16466888 
    22350820 
    15151614 
    16565698 
    16607146 
    7957781 
    24933944 
    8551920 
    12933829 
    1766499 
    3079730 
    22526791 
    21083749 
    12047329 
    2700272 
    16735430 
    15699426 
    12630899 
    21629122 
    19566894 
    17137899 
    11676518 
    8971306 
    19102415 
    21523262 
    10192610 
    1411312 
    15740483 
    19752481 
    16543191 
    11984150 
    19267231 
    12523586 
    22075596 
    20402818 
    8200387 
    15335178 
    19128666 
    11403408 
    9802634 
    7531419 
    11213535 
    14972385 
    15187309 
    23742296 
    10655985 
    9217743 
    11117342 
    19953890 
    15861018 
    20695744 
    18584518 
    23556551 
    18417532 
    23762534 
    12920031 
    24914321 
    16105117 
    10975761 
    8791951 
    8953116 
    11872483 
    10427653 
    15854196 
    8999777 
    16556172 
    8827902 
    15387977 
    25123931 
    8964918 
    17352026 
    10852959 
    8965894 
    3972984 
    26635938 
    18375257 
    12632511 
    8079107 
    9863475 
    9440198 
    9514929 
    7672676 
    9738638 
    10748211 
    12711675 
    16928226 
    1770552 
    17033108 
    15810623 
    19317620 
    16703546 
    17623576 
    7564815 
    2364842 
    12544196 
    16050509 
    12918115 
    18490412 
    11995501 
    25891418 
    7791472 
    11328365 
    25845708 
    8143497 
    15849394 
    22136548 
    16133831 
    16882329 
    12829346 
    16373010 
    23489645 
    8172148 
    8349752 
    8520597 
    25133042 
    18351542 
    23947684 
    19240960 
    8011406 
    20034688 
    8526019 
    3747201 
    11440407 
    25406411 
    21785170 
    9218075 
    7731098 
    21445336 
    15230669 
    11876708 
    9344882 
    16489308 
    19218713 
    24642580 
    8112551 
    12142811 
    22691250 
    15579481 
    9563707 
    10797847 
    8220091 
    15165258 
    12492742 
    11007219 
    12453274 
    23078198 
    11447150 
    12413017 
    9872513 
    11940215 
    9844346 
    10228801 
    20137562 
    25606026 
    25479069 
    1732120 
    10363680 
    15086153 
    16030403 
    11274311 
    17533150 
    12141829 
    9394780 
    8489109 
    9116643 
    11960066 
    17456341 
    12845978 
    20835558 
    10029273 
    22469191 
    17151214 
    9207367 
    21693726 
    11926734 
    12562455 
    9616328 
    11561961 
    16157105 
    22853798 
    19769821 
    12143140 
    15510018 
    18665935 
    18277905 
    8810809 
    23290038 
    20838918 
    15513338 
    17591101 
    14532206 
    22294430 
    21416664 
    21727969 
    1697574 
    9952229 
    21222340 
    25084512 
    17625276 
    10022631 
    20038978 
    19230048 
    14619649 
    11987263 
    15745103 
    15603372 
    24777895 
    16804516 
    25054141 
    16275941 
    8686698 
    7610279 
    14747662 
    10077185 
    25643511 
    12965918 
    10406362 
    2790981 
    7555883 
    15513567 
    15086593 
    9885745 
    10673289 
    2276558 
    12562447 
    8574741 
    11316140 
    7697522 
    1495505 
    8924323 
    9688016 
    12869885 
    9462868 
    10809897 
    10429140 
    18367951 
    10524644 
    8777292 
    21678082 
    10566701 
    11998560 
    8076782 
    1885734 
    11782582 
    11317237 
    9072052 
    12144575 
    22889111 
    19253298 
    12894674 
    15771695 
    16714877 
    23714140 
    22967123 
    3410956 
    8112355 
    10808728 
    19783969 
    10755629 
    25033447 
    26491414 
    10868450 
    8603809 
    2044228 
    22512225 
    8561151 
    11422466 
    11555098 
    16197492 
    11069325 
    1303324 
    8172147 
    17086891 
    15176548 
    9068495 
    8866195 
    8006945 
    19674131 
    17970878 
    18927413 
    11863008 
    15882248 
    8891910 
    9479650 
    15298598 
    8706607 
    11007786 
    11419862 
    1676478 
    19166421 
    19439912 
    17219071 
    12063957 
    10616771 
    9576448 
    21207091 
    11860399 
    11864491 
    17591066 
    12439915 
    16179282 
    15250474 
    17538651 
    23266501 
    16981273 
    21817843 
    19060493 
    15151548 
    25521730 
    16780126 
    17644057 
    16978744 
    25411976 
    17666124 
    26917977 
    12682133 
    12067941 
    10478743 
    11487540 
    10650258 
    8777300 
    23180952 
    10217368 
    11564956 
    12970821 
    25805114 
    15257365 
    1408517 
    8706100 
    6818294 
    8101585 
    9517644 
    10674668 
    17241306 
    19864973 
    23981105 
    11930610 
    8354918 
    19307664 
    9492175 
    20652679 
    15794414 
    15836518 
    11218405 
    9620430 
    8367977 
    12604377 
    24727510 
    9922819 
    8540492 
    20092670 
    21661387 
    1396751 
    10998067 
    15109716 
    21601539 
    8607485 
    15872245 
    17495535 
    16961803 
    2380396 
    10545656 
    25886722 
    8267957 
    24841372 
    15641393 
    9563252 
    16319788 
    23049933 
    15610081 
    16498345 
    9715395 
    10683472 
    16817917 
    23697465 
    11996414 
    9009300 
    8468178 
    11360629 
    19133802 
    7489580 
    15702857 
    8690208 
    18986545 
    11737200 
    15759794 
    15806268 
    7714147 
    23930120 
    12239903 
    19961396 
    15080854 
    24169385 
    10365853 
    21392790 
    8531370 
    3522430 
    12371973 
    10366173 
    15651392 
    15854177 
    24739831 
    12023422 
    23464450 
    9816757 
    18385351 
    12519220 
    17258830 
    7519882 
    17625277 
    22980564 
    12163100 
    8655707 
    12925145 
    18347999 
    22221612 
    9407330 
    11601041 
    18426526 
    18785483 
    21510323 
    25744466 
    17999716 
    20633188 
    18627035 
    11012482 
    23406272 
    19308274 
    17303947 
    11372081 
    20191819 
    12752729 
    26470742 
    10367284 
    6885981 
    25866728 
    17722307 
    18623970 
    26730201 
    24084092 
    16162678 
    19729867 
    25848522 
    23167410 
    9845397 
    21916989 
    18753053 
    12427373 
    22128641 
    12700507 
    10392367 
    18503165 
    16792453 
    15156900 
    16301850 
    15532816 
    12559187 
    18634262 
    22967380 
    11887811 
    21848076 
    17309754 
    11843049 
    12643600 
    9545703 
    20143463 
    21110484 
    9373630 
    26770181 
    18441005 
    14504114 
    20871168 
    12795749 
    18956632 
    12074569 
    21762269 
    11507355 
    17288837 
    15756906 
    19301380 
    20499452 
    16548242 
    15068414 
    12745464 
    10994348 
    8767971 
    17083378 
    17195120 
    20979458 
    15571071 
    18416128 
    7859680 
    17901799 
    15636459 
    22570922 
    12915748 
    14612952 
    17825506 
    26423014 
    22016583 
    16771937 
    17051640 
    19472882 
    2296395 
    10869336 
    12801031 
    7736634 
    22059391 
    14523771 
    20018393 
    24550981 
    18775429 
    14996860 
    26357509 
    12605246 
    17652042 
    18827192 
    17283753 
    12592810 
    15612668 
    11051343 
    9159668 
    21253648 
    8678006 
    10361304 
    10024185 
    9218079 
    11246619 
    9840297 
    1462985 
    10994618 
    19582580 
    22442977 
    11916311 
    17301403 
    9399560 
    12403037 
    14567560 
    18479062 
    17336120 
    20447200 
    10228859 
    9149198 
    12725602 
    19731026 
    8913700 
    3225334 
    16483854 
    15251166 
    12370713 
    25152601 
    21680277 
    23569904 
    19437318 
    11064668 
    12398216 
    24673878 
    25327930 
    10882090 
    17953360 
    24176049 
    8574735 
    12652078 
    10954725 
    12086398 
    10423735 
    14656687 
    25848511 
    8633584 
    25683665 
    19954066 
    22012975 
    19106773 
    20302589 
    7680115 
    8425677 
    19249770 
    22141752 
    22194985 
    15866216 
    24049582 
    2199497 
    9869349 
    8280941 
    15765971 
    25594045 
    10233189 
    10759622 
    7661158 
    11374672 
    10075508 
    24009686 
    9726385 
    17669101 
    17218764 
    18564664 
    25574111 
    12674625 
    18156705 
    25229983 
    11761013 
    11681434 
    2590720 
    18442334 
    3404760 
    3374406 
    20440530 
    24847180 
    19876925 
    14638339 
    11191972 
    2188975 
    11761185 
    1671157 
    14535872 
    9058291 
    8784587 
    11238214 
    16684262 
    7502711 
    11849123 
    17465468 
    18581170 
    9659152 
    12420337 
    7615271 
    1947784 
    8966319 
    15151671 
    15486839 
    11002456 
    15522079 
    16720908 
    22091229 
    9111567 
    15592960 
    16971953 
    17016133 
    8280934 
    15068413 
    8734339 
    12018924 
    26028098 
    19621732 
    11472321 
    14563256 
    14733936 
    7926434 
    9772042 
    19776584 
    2059685 
    24774100 
    16047461 
    12003419 
    9069462 
    17493008 
    9412940 
    11246368 
    17392649 
    14674665 
    18794180 
    9867089 
    3166534 
    11713455 
    24466297 
    12139562 
    10102960 
    12809820 
    22515360 
    2384045 
    8417028 
    12094852 
    23326169 
    10235315 
    10490923 
    9398899 
    14514942 
    1375929 
    8943750 
    18046671 
    25574097 
    11111776 
    17170018 
    24829674 
    19554677 
    20040457 
    21562783 
    1517459 
    8577316 
    8534426 
    11976244 
    17337814 
    15526366 
    26479383 
    9279623 
    18606579 
    15742606 
    3141173 
    23888551 
    16489309 
    1601079 
    2072788 
    8877910 
    8410615 
    26040760 
    17171196 
    23127415 
    25040982 
    1745946 
    15983844 
    15365403 
    17905807 
    7698688 
    21380457 
    22999468 
    18818744 
    18466397 
    23112994 
    15573915 
    17425179 
    17669105 
    10823129 
    1346480 
    10383498 
    22512623 
    11051403 
    20427808 
    16355836 
    8079110 
    11966867 
    12850669 
    9795878 
    24096735 
    15949394 
    24711758 
    10695558 
    18611798 
    14708410 
    10189839 
    26141464 
    15378696 
    10064930 
    14963786 
    9663723 
    3463897 
    9867091 
    15742994 
    26421191 
    9463513 
    22066718 
    23994110 
    25327931 
    17001518 
    15603375 
    12776913 
    10639431 
    16194289 
    15025327 
    21072898 
    1704004 
    6238830 
    9889234 
    21748303 
    16105153 
    25685465 
    22891097 
    15782980 
    22846219 
    3257185 
    16270402 
    12472179 
    19690958 
    11966869 
    10365908 
    17517703 
    9421120 
    14715559 
    8662616 
    21103997 
    19778333 
    15747534 
    15694938 
    11416115 
    15687922 
    7857088 
    9378231 
    10553083 
    7817697 
    10476645 
    17220228 
    9516653 
    12848723 
    11421878 
    9362184 
    19632166 
    12425876 
    14536004 
    19629512 
    6411829 
    1890167 
    12835807 
    22558885 
    15242956 
    14610344 
    8295343 
    21757452 
    2366762 
    9379819 
    1486161 
    9488391 
    15786557 
    10340921 
    25360301 
    19191889 
    11197293 
    21642639 
    17218472 
    16195216 
    20499740 
    24290289 
    20568969 
    19250513 
    11478749 
    15963485 
    20649433 
    15968733 
    10445790 
    24002418 
    7914434 
    9074277 
    22879937 
    12362100 
    1539570 
    11795863 
    12121504 
    25861849 
    24314790 
    10524643 
    10769141 
    15293132 
    1984994 
    16472272 
    17597398 
    17352845 
    9795496 
    25829953 
    11321403 
    11472322 
    20953890 
    17078004 
    18304771 
    9855061 
    21181444 
    10994615 
    14579083 
    17429727 
    22114525 
    21806891 
    9432341 
    14616169 
    9145600 
    15297093 
    19142711 
    11874901 
    9421121 
    21692917 
    15002818 
    24353510 
    11136784 
    18052643 
    21393888 
    23015509 
    25834331 
    9719242 
    15900388 
    18444994 
    12806082 
    17493004 
    11562107 
    20698790 
    7639229 
    17078003 
    10632651 
    22059396 
    15274665 
    9245927 
    8678025 
    24471118 
    1634903 
    15506906 
    22888337 
    20043753 
    16363555 
    10759251 
    9678813 
    16302991 
    8815110 
    9015906 
    10594502 
    10960430 
    9774619 
    17002611 
    10710061 
    11692900 
    8262677 
    11328266 
    20557362 
    25821422 
    25052106 
    11785722 
    16600940 
    12767333 
    1289420 
    8820338 
    10512402 
    10089703 
    12607325 
    10378130 
    24613938 
    21661449 
    10084247 
    23440593 
    8282255 
    11444335 
    1771933 
    12030959 
    21654107 
    15507141 
    12795747 
    18443890 
    10971681 
    22429929 
    24126798 
    16194027 
    24824519 
    15907342 
    25558660 
    9649458 
    21732326 
    15156908 
    24587620 
    8283633 
    10522603 
    16497629 
    12059050 
    18613393 
    23430757 
    14552744 
    2007636 
    10981692 
    8150009 
    8677987 
    12040762 
    11330489 
    12891538 
    24329006 
    18405328 
    9527978 
    10468697 
    8852358 
    9517676 
    9140150 
    9648984 
    11798940 
    9858292 
    8769282 
    1655983 
    15093756 
    15683430 
    25257094 
    22260296 
    1761700 
    2273277 
    22327302 
    15513379 
    11507977 
    17493005 
    9068466 
    15572892 
    10705706 
    24612156 
    1888827 
    22186633 
    18454101 
    10365897 
    10036377 
    15361076 
    8171185 
    17346440 
    15841725 
    1752456 
    15285523 
    9882401 
    7876996 
    22926364 
    15827876 
    23613634 
    10456343 
    11219142 
    17350482 
    20373011 
    17092786 
    15499429 
    9708209 
    21525804 
    10980965 
    11941936 
    19618211 
    25332372 
    15808140 
    15297562 
    11419823 
    25662187 
    17006997 
    24443069 
    12738458 
    9515746 
    16258256 
    9920523 
    16260169 
    2421739 
    18265671 
    7489956 
    12452390 
    12752736 
    19174039 
    15853860 
    9421119 
    11305509 
    2473090 
    10755253 
    10391879 
    15933933 
    20664315 
    12869884 
    11374677 
    19179127 
    11736729 
    10654796 
    15797493 
    16009280 
    15753266 
    12859729 
    16131773 
    16821494 
    16393280 
    21712001 
    23049221 
    3318190 
    10049412 
    8678004 
    23433429 
    11291877 
    12719454 
    11966868 
    9027218 
    24981246 
    16785716 
    23458008 
    1555419 
    10695556 
    8971301 
    16803605 
    17532818 
    12362641 
    25632206 
    11549180 
    20446846 
    11798726 
    15040045 
    11247290 
    21896080 
    12141818 
    25815489 
    17889627 
    15759784 
    25910378 
    24102783 
    1864201 
    10940267 
    11564953 
    10348813 
    1699265 
    17664801 
    20479912 
    10735539 
    16111220 
    7983899 
    26034367 
    9697727 
    20646001 
    11155124 
    15270750 
    10672833 
    12474479 
    16579835 
    16142414 
    7918933 
    24750275 
    15138206 
    15569102 
    21863682 
    23429088 
    8707949 
    15545164 
    10457031 
    16421034 
    9890470 
    17709256 
    20513933 
    11190070 
    2628136 
    21600108 
    24443074 
    18756364 
    12650786 
    24576319 
    21859954 
    8853252 
    9427883 
    17974495 
    26281330 
    18506983 
    14738407 
    1775923 
    15285524 
    24933990 
    12942042 
    8574729 
    22691253 
    9890465 
    8979057 
    16476793 
    12726896 
    11204805 
    15736714 
    12204961 
    9455883 
    16423090 
    23825730 
    11711790 
    8280897 
    12970131 
    19664671 
    10930905 
    9707042 
    7563000 
    19934608 
    15866217 
    15342492 
    10417643 
    18956631 
    10720110 
    9137657 
    8889960 
    10541503 
    9305479 
    17083382 
    1281091 
    8154475 
    20811063 
    16968931 
    11606492 
    25910373 
    12164957 
    9646563 
    25197540 
    11768319 
    23936850 
    14679424 
    16272799 
    22590913 
    19267198 
    9481886 
    1660762 
    8308132 
    7603131 
    8515114 
    26123101 
    23910060 
    20695725 
    25977689 
    22093843 
    18196527 
    7927682 
    1861206 
    8384626 
    10735927 
    12454835 
    18826825 
    14696399 
    12033299 
    10422391 
    21399687 
    11693351 
    20556513 
    11006888 
    9836890 
    22368251 
    15912972 
    23610545 
    23152856 
    12197911 
    1888829 
    8168924 
    15146432 
    23597463 
    17406757 
    19602590 
    2057743 
    23809783 
    9432352 
    26383162 
    11422472 
    21485515 
    18412243 
    7965484 
    16110844 
    2173316 
    23741169 
    9138979 
    11852880 
    7948812 
    16450587 
    22370706 
    24863854 
    24566134 
    16629941 
    9260797 
    17179990 
    8980934 
    2779455 
    25083069 
    15038087 
    2744860 
    15567983 
    10764029 
    23728548 
    26733135 
    3274046 
    8561152 
    9072659 
    19098867 
    16128956 
    15971095 
    8642157 
    17322723 
    11737065 
    8731860 
    25460556 
    12752730 
    23076291 
    19247579 
    20852373 
    15182624 
    22833166 
    20621718 
    9135516 
    25960645 
    23422628 
    11856089 
    11208460 
    16405232 
    11768263 
    12516104 
    17333740 
    17591106 
    11051345 
    11077543 
    9237814 
    17171195 
    16364210 
    16423001 
    25232429 
    17891689 
    21612616 
    22803297 
    22475531 
    12081100 
    10419247 
    10767527 
    11018696 
    11076873 
    16335258 
    11434593 
    8655674 
    10763939 
    8381179 
    8971302 
    16097044 
    18536991 
    1882794 
    10087663 
    3287348 
    11966865 
    8306861 
    11943101 
    9753227 
    21544152 
    12725601 
    23223974 
    23263777 
    22301616 
    19481984 
    20093375 
    18466392 
    8208642 
    11280676 
    10464135 
    11054025 
    8880492 
    19712169 
    17266873 
    15975536 
    11593960 
    15278005 
    18583467 
    20060352 
    1500520 
    8068306 
    11856090 
    9428370 
    22404486 
    11232674 
    18814135 
    9669416 
    14606084 
    9247430 
    8635121 
    10783036 
    15735485 
    10235193 
    11602541 
    12237602 
    22465935 
    10848654 
    9519185 
    17419283 
    7599607 
    12010979 
    17493007 
    25745546 
    14576665 
    20082545 
    23244318 
    10319535 
    15290454 
    25119827 
    23283045 
    7496968 
    9146786 
    9004796 
    23336966 
    9663234 
    11929397 
    19056850 
    11246346 
    21394283 
    7819827 
    9129095 
    18165360 
    15347300 
    14711515 
    24499444 
    19152455 
    16861659 
    15928442 
    23077566 
    23622801 
    18176194 
    10221110 
    21705948 
    1858763 
    3989284 
    15011886 
    18174683 
    2437829 
    24240631 
    2599450 
    21721376 
    19368506 
    12760719 
    20571304 
    15187900 
    10971237 
    24113399 
    22920270 
    10735924 
    17438314 
    23167376 
    16697739 
    15011890 
    1752457 
    22687696 
    12226680 
    23111958 
    19258925 
    26042186 
    11154169 
    15673470 
    16684263 
    12106602 
    10641724 
    25345028 
    8777304 
    1881740 
    17509026 
    8283632 
    18519430 
    7732332 
    11337234 
    10637943 
    24267136 
    21822779 
    11349968 
    15002827 
    20127514 
    10090857 
    25945338 
    8280943 
    25716650 
    15298603 
    11207519 
    25022434 
    10383507 
    9279196 
    9840016 
    8824650 
    17102977 
    24941798 
    2814346 
    2026331 
    20835617 
    12269553 
    12653051 
    9604682 
    15951682 
    11683690 
    11367976 
    23652057 
    23066789 
    15523803 
    15904483 
    2759651 
    16454825 
    11293204 
    1449167 
    17509776 
    14617219 
    12643601 
    11034405 
    22486880 
    9707053 
    17717744 
    11042911 
    16699278 
    23843874 
    25133038 
    12147540 
    17367217 
    17613931 
    8693891 
    7839093 
    9719104 
    23864246 
    9702650 
    14536003 
    10601759 
    17504592 
    8734369 
    17352025 
    25531246 
    19067779 
    17056463 
    25560342 
    16437693 
    20562724 
    10571607 
    21289901 
    16120707 
    9581988 
    9731992 
    7486873 
    18794689 
    3899937 
    15946533 
    11267839 
    7168317 
    10771925 
    9195383 
    19309389 
    8633606 
    10750235 
    8890213 
    10383508 
    1479032 
    11482742 
    15673954 
    17241298 
    9706771 
    19699671 
    12708822 
    10925970 
    20163064 
    12674657 
    15702856 
    2566745 
    22408744 
    7889950 
    15052679 
    26121851 
    11412660 
    20389175 
    16104944 
    8464986 
    23842553 
    9704148 
    20538095 
    12964499 
    10366298 
    18771759 
    22457856 
    21760778 
    17760727 
    16419159 
    9031906 
    11769572 
    8370747 
    11349511 
    10656218 
    15648706 
    9707041 
    11292705 
    9354200 
    9951902 
    9032587 
    2549098 
    9471913 
    1764105 
    12872469 
    17718277 
    24206402 
    26310643 
    20721697 
    16086704 
    18570808 
    18071631 
    7899350 
    11245294 
    22174388 
    17530106 
    8533578 
    16792917 
    7942669 
    21912461 
    9394723 
    8835566 
    10483995 
    24889903 
    14991953 
    7839092 
    7741826 
    26622976 
    24259981 
    10735923 
    11508681 
    26064098 
    1984998 
    9323917 
    17245212 
    8824660 
    7817672 
    16909782 
    3517189 
    9120318 
    18478134 
    19210519 
    10692084 
    17074151 
    2777037 
    11677970 
    1916500 
    20358296 
    11237846 
    19723089 
    26366182 
    21068668 
    24228082 
    12385434 
    1730245 
    11304845 
    9042977 
    15929755 
    11687439 
    12820580 
    10348233 
    23225313 
    15484314 
    15748129 
    16028433 
    11252406 
    16917404 
    11992181 
    11515678 
    16911465 
    10997192 
    15929167 
    15230226 
    12870081 
    11115822 
    24165012 
    24141174 
    17300899 
    3526100 
    11793429 
    10378354 
    20402817 
    9238762 
    25943646 
    19684978 
    15946144 
    11346140 
    9323918 
    18675543 
    16146197 
    7951848 
    19503977 
    19018913 
    16922927 
    22981783 
    10462273 
    16726898 
    22515355 
    10597397 
    11019636 
    17635384 
    8697158 
    17419286 
    15608365 
    8608880 
    24118166 
    18038797 
    21443663 
    18350632 
    15361493 
    7578811 
    18466396 
    16866246 
    11698766 
    22563860 
    3712788 
    10036942 
    17061058 
    10423769 
    9196252 
    18924328 
    23904920 
    9859056 
    19889067 
    12962332 
    18054546 
    12839689 
    3721286 
    17357563 
    7730449 
    24237714 
    20009261 
    23771659 
    15996628 
    1357968 
    9653607 
    19116602 
    19687754 
    21559742 
    25610229 
    8773671 
    8940307 
    24701886 
    18533939 
    2030153 
    18946358 
    12674216 
    19295644 
    16336851 
    19881312 
    18311677 
    10352952 
    9260721 
    17651479 
    8485767 
    17452475 
    11012618 
    9058768 
    18819448 
    22595455 
    21085483 
    25350587 
    11920598 
    20832392 
    11404061 
    25520127 
    9317098 
    11817789 
    12534410 
    11729355 
    24443068 
    15845507 
    10678806 
    2125066 
    10403729 
    23573349 
    16091438 
    23024103 
    11984149 
    11549835 
    18590229 
    8284634 
    23754784 
    18460779 
    16364621 
    16178971 
    9759744 
    19323092 
    7657097 
    1553694 
    9420488 
    23679248 
    12944015 
    9432344 
    15321994 
    21699780 
    12072886 
    10420941 
    12397608 
    23773262 
    1383158 
    9479654 
    16882331 
    16211701 
    16565694 
    15270746 
    16097073 
    18720546 
    24454714 
    9135515 
    2082036 
    7587602 
    9246713 
    15466977 
    15030463 
    11182211 
    9715396 
    20942034 
    16027366 
    10373140 
    21677430 
    10367401 
    19250508 
    11045841 
    17535826 
    19650740 
    15689908 
    17608846 
    23746879 
    10369942 
    16678144 
    15565400 
    9559206 
    19391502 
    17157673 
    20414051 
    24363508 
    20491744 
    12757765 
    11563592 
    8560523 
    12791140 
    10756713 
    2012046 
    8150340 
    17970879 
    10227015 
    1449133 
    20633189 
    26273576 
    23323013 
    15810625 
    19997853 
    11515625 
    9922303 
    23006740 
    16284224 
    7690313 
    9892878 
    12162529 
    10783720 
    16225597 
    11305996 
    17217377 
    24011803 
    16885350 
    21489042 
    10233187 
    9512953 
    18574664 
    7890214 
    11132534 
    21122375 
    22224187 
    9363013 
    6882404 
    2974756 
    16105118 
    11940370 
    24654531 
    9872514 
    21424697 
    19005755 
    12912854 
    17553321 
    25449831 
    24965240 
    2801677 
    15993494 
    16688805 
    15833172 
    12038941 
    8722391 
    17360881 
    11515622 
    12749238 
    17589951 
    12229961 
    10606304 
    23114016 
    11961337 
    11380323 
    21371717 
    20012444 
    8664080 
    9033373 
    2696056 
    24861310 
    16912927 
    21803146 
    15347306 
    12654095 
    11207518 
    9286480 
    9748734 
    11982956 
    8121752 
    20954441 
    9803549 
    15946806 
    25171023 
    22759352 
    24762588 
    11316142 
    22056357 
    10695562 
    16003136 
    10720121 
    14616168 
    19995708 
    24940565 
    11535550 
    22179216 
    21916228 
    9795409 
    11929398 
    8727892 
    19758210 
    2317065 
    7739120 
    12820812 
    11039878 
    11678041 
    7853125 
    22471491 
    25167939 
    19688955 
    24250847 
    14627349 
    19938559 
    15816496 
    3735391 
    25190150 
    23066847 
    9195382 
    11519793 
    16685436 
    10929898 
    25635827 
    19924065 
    17514403 
    19197826 
    9527723 
    20683455 
    25335260 
    1523687 
    21258195 
    21372444 
    8719989 
    22354521 
    23360308 
    9731988 
    17227131 
    25878627 
    10445788 
    22827585 
    8536529 
    23637501 
    24257311 
    17243023 
    10074893 
    9678812 
    12500004 
    11713949 
    19627032 
    23429860 
    15532848 
    16426812 
    22028810 
    21911976 
    24475457 
    1401184 
    16428262 
    7647894 
    16928220 
    18200634 
    9872619 
    24117692 
    7551996 
    1675369 
    1752401 
    14696797 
    9517643 
    9465552 
    23184121 
    12028983 
    21510047 
    17566576 
    17493003 
    25161402 
    17258885 
    15499898 
    11860415 
    24249671 
    19166424 
    9113505 
    17694368 
    18290399 
    25284372 
    25695008 
    25945019 
    25071324 
    2768523 
    10665902 
    11207514 
    3360785 
    25296089 
    9751931 
    23898384 
    22654429 
    18213389 
    9176070 
    22967121 
    12139836 
    12503288 
    16309984 
    26120299 
    25521735 
    9854495 
    10578022 
    8485766 
    8775008 
    23039040 
    8501031 
    11549828 
    21482684 
    11089421 
    15259499 
    12136073 
    26106466 
    22761739 
    16501478 
    17567283 
    12044670 
    25308308 
    15139483 
    12810372 
    15831497 
    15957429 
    24358044 
    14623253 
    18403807 
    15740482 
    10571611 
    10511608 
    25752852 
    10971680 
    20367505 
    1711875 
    11586518 
    9479652 
    9774616 
    10499474 
    17706043 
    11232676 
    24684898 
    1885571 
    12354800 
    24228083 
    11131362 
    18823429 
    18936202 
    12540328 
    15447750 
    12172407 
    12645788 
    25834490 
    16464652 
    11106041 
    21526656 
    18779174 
    8777291 
    10381904 
    11367731 
    24104965 
    19362936 
    1529269 
    10165124 
    16268980 
    12187306 
    9140151 
    8858741 
    10462660 
    11276169 
    22012231 
    11070790 
    9468244 
    12801946 
    8516329 
    1987145 
    10846675 
    9651466 
    23049220 
    1816012 
    2212754 
    25326034 
    23773024 
    12894966 
    24036937 
    11925614 
    1383268 
    12586018 
    12588289 
    11574578 
    25320229 
    10859067 
    17463184 
    9860415 
    18251790 
    8362830 
    16614611 
    12151185 
    9546118 
    12182743 
    9758575 
    8863879 
    14499772 
    26560860 
    8465552 
    19609771 
    24628843 
    10709423 
    11918555 
    10927930 
    1399004 
    20557366 
    21517248 
    9678819 
    9364137 
    24024020 
    22247726 
    19637315 
    8562233 
    10449268 
    9166031 
    12238031 
    12912855 
    16978844 
    21432526 
    11552925 
    25707354 
    9845395 
    12014991 
    15876938 
    21478757 
    10695565 
    23266208 
    20005978 
    23734261 
    9668368 
    18445947 
    10902535 
    22040089 
    18068250 
    17202807 
    11683923 
    11328367 
    20165981 
    7940453 
    23568537 
    24336111 
    9226533 
    10235196 
    9674208 
    12890412 
    11232675 
    21714943 
    10695617 
    24603502 
    15191513 
    17538889 
    18510773 
    7812548 
    12197904 
    25371803 
    15972330 
    10430397 
    24184038 
    1624571 
    22029185 
    11376556 
    11157503 
    15324621 
    16385920 
    12725143 
    19999113 
    8022072 
    16895630 
    10391641 
    10077749 
    9489038 
    24413899 
    15637768 
    11072532 
    9546113 
    19907146 
    24629927 
    20700968 
    17301647 
    23880626 
    15932171 
    10597390 
    20583445 
    11784126 
    10833089 
    17764509 
    25964570 
    11916190 
    11006673 
    10762567 
    8958551 
    12452939 
    9872618 
    12854158 
    22580914 
    20303353 
    1677527 
    18086767 
    19173805 
    16441448 
    2840454 
    21740452 
    11895466 
    11798887 
    24423677 
    2653963 
    12009188 
    15940789 
    10682497 
    12061986 
    17928751 
    8651161 
    19751439 
    2919580 
    18595143 
    20806435 
    11961962 
    8590145 
    19298340 
    18060283 
    2257168 
    17642974 
    7821097 
    10036945 
    19702853 
    19230467 
    25599961 
    1728121 
    8666492 
    9542713 
    17496397 
    23884998 
    22208848 
    25034254 
    16051420 
    10594399 
    12388919 
    10571433 
    8899706 
    7607064 
    23328465 
    23315289 
    18974025 
    11008919 
    23286253 
    11323617 
    9176071 
    21606158 
    1600192 
    9711842 
    9609463 
    9707054 
    17187610 
    12698538 
    23163894 
    8646812 
    1742367 
    15771763 
    11883335 
    25009387 
    10067731 
    8705877 
    9412912 
    10865436 
    7572166 
    23921679 
    16825934 
    14629527 
    20356486 
    14978981 
    12485925 
    24955448 
    14656236 
    22452604 
    18568325 
    1561526 
    10229868 
    15038088 
    16031926 
    9171509 
    8646042 
    12778313 
    11121913 
    15984970 
    23880938 
    12047328 
    11030376 
    11843959 
    20602020 
    10632646 
    15572885 
    15721018 
    22260837 
    9778269 
    16864009 
    9331145 
    8010872 
    15190394 
    12205995 
    10833116 
    19388513 
    23419882 
    15786549 
    19196211 
    12000183 
    10478881 
    9766873 
    16425365 
    9816944 
    25161665 
    16600680 
    20525411 
    10406243 
    7473834 
    10971230 
    24193293 
    17578895 
    21777974 
    12964782 
    18205666 
    12209741 
    23277174 
    12801030 
    9836099 
    17626260 
    11419857 
    22205039 
    11267847 
    21081930 
    24918125 
    21701406 
    24372729 
    19891666 
    9177519 
    2032672 
    9523864 
    12021481 
    10817856 
    23551658 
    22984204 
    16806017 
    22967116 
    9764040 
    23850948 
    17760717 
    9764281 
    10763942 
    17086893 
    7992543 
    22867956 
    9305471 
    17308362 
    10834039 
    9649006 
    15029105 
    20699000 
    6439794 
    1937781 
    22395063 
    17131317 
    16105119 
    15882245 
    16133707 
    15481088 
    24426076 
    8574734 
    16911086 
    12788755 
    12366621 
    18175801 
    15844693 
    12945886 
    8722384 
    20375339 
    9604442 
    23023206 
    21175792 
    15956370 
    15225178 
    10543758 
    10846395 
    24932686 
    15387329 
    15298642 
    9448169 
    9305491 
    8210226 
    9625147 
    22821304 
    11642014 
    11941956 
    24516421 
    10389689 
    25363173 
    26558157 
    16423091 
    2589029 
    8949636 
    21560396 
    17160305 
    8792487 
    9438153 
    14522098 
    16887493 
    15872250 
    7735943 
    17203526 
    15531909 
    17372578 
    12732399 
    1607687 
    10833090 
    1401190 
    8566686 
    8777301 
    8596681 
    10710054 
    11860551 
    7796009 
    23967667 
    8946977 
    14600430 
    25391019 
    22925286 
    8645514 
    11159887 
    10848655 
    10068106 
    23577833 
    23082699 
    3137040 
    26181449 
    9173367 
    7889816 
    11515624 
    11825549 
    25134787 
    18754320 
    8853770 
    12958222 
    20920280 
    23066652 
    16367906 
    25634297 
    25530147 
    25307769 
    25046887 
    25337564 
    11328791 
    17304866 
    8501252 
    16498344 
    19957794 
    17010469 
    15904478 
    8140846 
    22237186 
    17313499 
    12712820 
    24762683 
    12854157 
    11474310 
    20887347 
    9326390 
    2160516 
    20483041 
    10381048 
    17492998 
    11346139 
    12186127 
    23168228 
    23710313 
    12650788 
    24812903 
    17406735 
    24944392 
    2950719 
    1417132 
    11327120 
    14689038 
    9246702 
    21482373 
    8449560 
    9930387 
    10592783 
    18025067 
    12544691 
    10792125 
    10839883 
    24610583 
    9989641 
    23206554 
    21093445 
    9331143 
    18783515 
    1929902 
    15713605 
    11968854 
    16437639 
    8791955 
    8777303 
    24933960 
    18218173 
    19996977 
    16268413 
    25847580 
    24940325 
    9715426 
    9784544 
    22641402 
    11245293 
    8737719 
    24389268 
    15768791 
    10975785 
    1735716 
    15825708 
    22186979 
    19772181 
    17288182 
    17986746 
    10092990 
    24707402 
    3711295 
    10029291 
    12194793 
    11141412 
    2359978 
    11524853 
    24453409 
    16503245 
    2584372 
    19889070 
    14571101 
    22605007 
    9274464 
    10420942 
    9753258 
    12757171 
    10230827 
    9083908 
    19523691 
    16041694 
    11513211 
    12192193 
    24166198 
    20485704 
    8566632 
    12239461 
    15972301 
    9829599 
    12499999 
    8607486 
    21502591 
    15557763 
    24273919 
    8181502 
    24721953 
    21181544 
    14620619 
    9432345 
    10499475 
    17093066 
    2753842 
    15952739 
    10878159 
    18019742 
    21229335 
    21253394 
    19999112 
    14532187 
    15963084 
    18665934 
    15377424 
    12170403 
    9105114 
    15165260 
    18063147 
    11338066 
    9160211 
    12383286 
    7959604 
    25610889 
    23429422 
    11328264 
    10540045 
    14551739 
    23997913 
    15810945 
    19104695 
    15561713 
    21585608 
    22776172 
    12608460 
    15361075 
    1773951 
    22958148 
    22019657 
    11161897 
    9084110 
    21887334 
    11595475 
    16483364 
    21740807 
    19211121 
    7959192 
    22978669 
    18234869 
    12173773 
    9360867 
    16401634 
    26045613 
    17701123 
    16725014 
    9350762 
    7802777 
    13678828 
    26909241 
    17608745 
    12055166 
    8968904 
    21960276 
    10861258 
    8036458 
    26557940 
    16001643 
    11706766 
    20461070 
    17241304 
    22969203 
    24995271 
    14714606 
    8237934 
    22105426 
    16211345 
    20555074 
    22431830 
    22569433 
    12394223 
    19229276 
    20054029 
    12638805 
    8563050 
    23898095 
    11284779 
    17220306 
    7789221 
    20854182 
    16865212 
    3689469 
    14533820 
    8067711 
    7958677 
    3950046 
    12423273 
    22647827 
    21526068 
    24031820 
    10196475 
    9579048 
    21585605 
    14993305 
    10469195 
    10340709 
    2760498 
    15156901 
    9247289 
    17700024 
    1641587 
    9488581 
    17523334 
    2759488 
    23668609 
    10672831 
    11421884 
    16496853 
    16916389 
    17679365 
    11798582 
    16875071 
    14756945 
    14722996 
    15649907 
    10720535 
    10074524 
    24758553 
    8733252 
    9042981 
    17727453 
    2570214 
    7889477 
    18998010 
    17433799 
    11004702 
    21264478 
    15242498 
    9427877 
    15052445 
    21186984 
    12105847 
    15976333 
    9237126 
    17140404 
    16983617 
    23695545 
    17050745 
    11025354 
    11121908 
    9605257 
    22382515 
    12165741 
    10640957 
    10022593 
    24289633 
    12840675 
    10421981 
    11404722 
    12786619 
    10565949 
    8511512 
    16519125 
    12143230 
    11159999 
    9649007 
    24820035 
    9191379 
    11051346 
    10520910 
    1967128 
    11328362 
    9265837 
    7866805 
    17309752 
    8707077 
    12779020 
    1752479 
    21560521 
    2086012 
    17644840 
    8561150 
    15003727 
    8500901 
    9262490 
    15364212 
    17908698 
    19173907 
    9882027 
    9247464 
    17764498 
    11926579 
    24992085 
    21199144 
    15128344 
    18809506 
    8561153 
    16547356 
    3805774 
    9391243 
    17412866 
    10975750 
    9828710 
    9792302 
    8968930 
    10596857 
    12113485 
    24755928 
    11860412 
    19102048 
    20688300 
    25916090 
    17973583 
    9458491 
    9440057 
    9222737 
    11207515 
    21699774 
    15490840 
    10681057 
    15371921 
    14600942 
    19846631 
    17659737 
    8540671 
    12641499 
    9512952 
    18516012 
    12823128 
    11759856 
    14532715 
    16363536 
    12604978 
    11307305 
    25796949 
    22197863 
    9142522 
    11981335 
    8288105 
    23402138 
    7977241 
    18202112 
    12047322 
    20082190 
    15457568 
    10369699 
    11839704 
    14617213 
    12082053 
    12884557 
    24009139 
    14567456 
    22967120 
    7605862 
    1351623 
    22841522 
    10626179 
    12138319 
    1522241 
    7788677 
    1750125 
    22734247 
    21585610 
    9301496 
    8404959 
    23718989 
    2644295 
    7694633 
    2241444 
    7824415 
    7844892 
    25527419 
    1571505 
    10333194 
    12063975 
    17212615 
    18300349 
    9831270 
    7535313 
    25480405 
    9840021 
    20179646 
    19058002 
    26933480 
    9707049 
    9286242 
    11021092 
    11246618 
    17949651 
    11361234 
    25587569 
    15566071 
    10206714 
    12190084 
    10376693 
    22014090 
    10526187 
    7837686 
    16925605 
    10672052 
    8537042 
    16001764 
    8931445 
    11855542 
    9820383 
    16512967 
    12163158 
    10337240 
    17058519 
    16758302 
    19438595 
    23608353 
    15156906 
    12515707 
    14760261 
    16302987 
    10696416 
    9494375 
    7737912 
    11728039 
    11573100 
    9861618 
    16339062 
    9391290 
    18038539 
    11075839 
    23472412 
    8971287 
    10025156 
    18493720 
    23375733 
    19086456 
    11979815 
    10955750 
    7754756 
    18702337 
    12763411 
    20395915 
    11396533 
    19712162 
    9398880 
    12355364 
    10466875 
    10522602 
    25039061 
    19072436 
    26076508 
    10944090 
    9659265 
    9282417 
    17672967 
    24254262 
    3346569 
    12725612 
    21937367 
    10389692 
    9175206 
    10755252 
    8359081 
    19731027 
    20410842 
    12055661 
    9766213 
    25064447 
    25977510 
    9603748 
    10365896 
    2903967 
    18067819 
    24901856 
    10603661 
    15814825 
    17965498 
    20616418 
    15580396 
    16400193 
    12047462 
    16206100 
    18782518 
    7802549 
    1413904 
    8357081 
    9448167 
    25278682 
    24985165 
    2789427 
    15270741 
    17524023 
    17510554 
    21904206 
    11214256 
    10766316 
    11979802 
    22516997 
    11424314 
    16750106 
    16189769 
    11392100 
    8795257 
    20818078 
    9626065 
    23538564 
    9180145 
    25759529 
    15844691 
    21953030 
    12016560 
    23606875 
    7501317 
    1885067 
    25337592 
    10692379 
    22952833 
    17005819 
    18194572 
    17958765 
    11206310 
    18156256 
    16405531 
    10388280 
    7912267 
    15472127 
    25333280 
    10470602 
    11424317 
    18405790 
    18649391 
    23828675 
    10594405 
    10215735 
    19689120 
    8540699 
    15381831 
    11513169 
    8191263 
    10093575 
    21321973 
    9038297 
    9835321 
    7856819 
    9855060 
    16390848 
    24023501 
    8618243 
    25194338 
    15588738 
    20300863 
    10730557 
    9650959 
    8142828 
    10410445 
    17554570 
    16137476 
    22218648 
    10201463 
    22139978 
    8775010 
    18727457 
    8769281 
    9145510 
    22404441 
    16627221 
    2129652 
    26380815 
    12641522 
    9328285 
    9260787 
    8722406 
    22615243 
    11254877 
    21073605 
    15238917 
    12786632 
    2044902 
    21527361 
    15285015 
    21407214 
    16877981 
    23687549 
    8061173 
    20831535 
    10876902 
    7605864 
    8189938 
    17143941 
    1794371 
    7485036 
    11121909 
    9758108 
    1348299 
    11815904 
    16764851 
    15836546 
    10098790 
    25102908 
    9388068 
    2754001 
    12662382 
    11261221 
    16968503 
    9455985 
    22858517 
    23305083 
    20133459 
    22696910 
    24796751 
    8537502 
    15124833 
    20427390 
    17297497 
    21120192 
    24564063 
    11139684 
    16423092 
    12082323 
    8864680 
    10985098 
    21972003 
    2814347 
    25250166 
    23615458 
    17586034 
    1884951 
    15057743 
    11440386 
    10077763 
    10869894 
    20431730 
    20416217 
    22558801 
    18507832 
    19023205 
    12972583 
    10383527 
    15882246 
    9395383 
    2045933 
    9831405 
    17511036 
    16109654 
    11267933 
    12939668 
    2041980 
    23768702 
    9731989 
    20739374 
    9549183 
    23083400 
    8050260 
    9840011 
    17007466 
    18381965 
    9128285 
    23771022 
    7572901 
    26075959 
    22377086 
    7885020 
    11370204 
    25884688 
    9376623 
    11063491 
    18344895 
    16755327 
    9779687 
    10036947 
    15745105 
    6715034 
    10421396 
    19674133 
    9257236 
    19200834 
    8478069 
    15782536 
    11549820 
    19298002 
    17667641 
    17163185 
    25213078 
    10406231 
    9451668 
    9240876 
    19596442 
    14990013 
    18334874 
    16611284 
    7698828 
    11062173 
    24004680 
    15506664 
    9284113 
    15085988 
    23290289 
    22228969 
    11961338 
    23747131 
    11381841 
    18821580 
    15644049 
    25215191 
    12753157 
    10361300 
    11559649 
    11121915 
    8617116 
    12730232 
    11215733 
    12700505 
    21679250 
    19452583 
    11215732 
    18354254 
    19326283 
    10432052 
    21038306 
    23180945 
    22891951 
    17408487 
    15358663 
    9544380 
    12907324 
    12492741 
    9128344 
    11440679 
    22967122 
    11721321 
    2019355 
    17201882 
    21172454 
    9023175 
    16142616 
    21709950 
    25053574 
    14755971 
    20829524 
    24434382 
    24069371 
    17236394 
    22428430 
    23662315 
    25554983 
    11197288 
    10803874 
    1761685 
    10672051 
    10503821 
    11190074 
    14970245 
    23564027 
    24740005 
    19037586 
    19102353 
    9731984 
    12453273 
    11408730 
    12786628 
    10665555 
    11190069 
    21708824 
    12641501 
    16056098 
    22261119 
    23372364 
    12101213 
    2321194 
    10235192 
    17032284 
    22911928 
    23244595 
    6975674 
    11774957 
    22320966 
    1677583 
    21762267 
    15188501 
    16353543 
    9766561 
    8611832 
    23066738 
    12848631 
    12730504 
    1556073 
    9829356 
    22951652 
    12640702 
    1918408 
    16702846 
    10972135 
    15128304 
    9316086 
    25910347 
    10778653 
    19077524 
    9399755 
    10868529 
    25837197 
    1389098 
    15948809 
    22436172 
    12163895 
    8314506 
    9195398 
    20864821 
    15181041 
    9566689 
    24822362 
    19074051 
    18817906 
    8338337 
    18613455 
    24623916 
    17153446 
    8806037 
    25374213 
    9399389 
    12425544 
    10776956 
    8245705 
    15158262 
    3514359 
    16200253 
    19434862 
    19141980 
    19444517 
    25170230 
    10378352 
    12921879 
    24631629 
    3626926 
    10201508 
    16369731 
    14687466 
    25033664 
    15143892 
    23758061 
    21303408 
    21241413 
    7763044 
    12697639 
    10905240 
    8020791 
    7983663 
    17875119 
    8881803 
    11910990 
    6468876 
    22688569 
    2065653 
    11736728 
    23623039 
    11989830 
    21793914 
    26338726 
    12921297 
    24656622 
    1396766 
    21888011 
    19417972 
    9889634 
    11953690 
    18768521 
    16756734 
    10616769 
    9391240 
    17309755 
    12890101 
    22241690 
    9759205 
    24557960 
    12452940 
    10660136 
    20818821 
    24949302 
    8547534 
    9570118 
    2371982 
    25286602 
    7847290 
    25709741 
    15786539 
    12229962 
    16023902 
    15628714 
    9038739 
    11019632 
    10522601 
    14716842 
    12867799 
    21073604 
    21141300 
    11221586 
    9200282 
    10599792 
    24416723 
    17121183 
    19125674 
    20214327 
    6623587 
    10734265 
    10618065 
    11606491 
    26039946 
    14633908 
    14621275 
    10352087 
    9570263 
    2345304 
    26316471 
    15693091 
    8050308 
    26775370 
    12188019 
    19636416 
    9840601 
    11171812 
    7735944 
    21656014 
    10492754 
    14999562 
    14675266 
    9626930 
    7594313 
    11440096 
    11015388 
    15343397 
    22969227 
    1400995 
    18436489 
    8195587 
    24586031 
    9042978 
    8511504 
    22730634 
    9005966 
    2307514 
    22759328 
    24130381 
    10563536 
    15735566 
    9206649 
    10970397 
    19398928 
    9508510 
    21070385 
    15591500 
    11007218 
    16254664 
    11309471 
    14600894 
    9552134 
    17266719 
    16025436 
    23794338 
    1791827 
    17259137 
    15361083 
    8590151 
    16868800 
    11372083 
    15387781 
    11328361 
    17288853 
    22581342 
    16278423 
    15812164 
    2753404 
    16757144 
    18158878 
    1294096 
    11030181 
    10926118 
    11785370 
    23267869 
    24173641 
    11246085 
