Topic: CD012216 

Title: 18F PET with florbetapir for the early diagnosis of Alzheimer’s disease dementia and other dementias in people with mild cognitive impairment (MCI) 

Query: 
Florbetapir.ti,ab,nm.
(AMYViD or amyvid*).ti,ab,nm.
"florbetapir-fluorine-18".ti,ab,nm.
"18F-AV-45" or "(18)F-AV-45" or "[18F]AV-45" or "[(18)F]AV-45".ti,ab.
"[18F]Florbetapir".ti,ab,nm.
"florbetapir-PET".ti,ab,nm.
or/1-6
Fluorine Radioisotopes/du
Aniline Compounds/du
Ethylene Glycols/du
Stilbenes/du
Radioligand Assay/
radioligand*.ti,ab.
or/8-13
Alzheimer Disease/ri [Radionuclide Imaging]
Plaque, Amyloid/ri [Radionuclide Imaging]
or/15-16
14 and 17
7 or 18
limit 19 to ed=19460101-20170501 

Pids: 
    26823562 
    27164667 
    23375563 
    22878163 
    22786606 
    26936941 
    27031472 
    26268530 
    28070672 
    28064343 
    27815682 
    27703109 
    27178118 
    27103523 
    27025775 
    27003417 
    26968515 
    26938442 
    26923024 
    26892326 
    26885819 
    26839485 
    26822146 
    26768154 
    26750717 
    26747881 
    26745445 
    26739329 
    26643548 
    26639966 
    26625159 
    26613792 
    26613793 
    26613169 
    26600088 
    26560336 
    26484900 
    26440450 
    26400248 
    26337533 
    26284768 
    26666747 
    26626881 
    26537049 
    26422359 
    26419799 
    26408498 
    26402760 
    26402410 
    26401938 
    26338898 
    26298855 
    26288751 
    26280102 
    26271806 
    26259579 
    26233262 
    26231002 
    26203136 
    26200930 
    26199870 
    26194311 
    26141315 
    26135108 
    26130168 
    26105119 
    26093156 
    26081942 
    25960448 
    25943346 
    25916563 
    25906109 
    25873425 
    25860346 
    25849033 
    25840980 
    25832770 
    25822737 
    25776213 
    25767185 
    25763767 
    25745095 
    25745091 
    25713403 
    25683483 
    25681451 
    25680265 
    25655625 
    25655624 
    25652817 
    25633681 
    25629787 
    25605437 
    25580592 
    25549345 
    25541191 
    25482269 
    25479422 
    25449531 
    25335941 
    25043833 
    24526759 
    24382798 
    23995816 
    25570142 
    25226550 
    25226113 
    25208280 
    25192053 
    25002030 
    24997884 
    24990402 
    24927705 
    24924673 
    24919109 
    24898647 
    24865310 
    24841414 
    24736891 
    24716655 
    24698030 
    24647577 
    24625697 
    24618911 
    24614676 
    24614494 
    24604593 
    24573658 
    24484858 
    24484277 
    24463146 
    24435769 
    24418060 
    24335535 
    24327420 
    24233127 
    24176625 
    24081022 
    24081002 
    23856830 
    23672654 
    23419831 
    24285374 
    24285314 
    24260488 
    24159034 
    24094712 
    23966257 
    23966249 
    23933381 
    23836404 
    23812777 
    23796547 
    23757761 
    23624169 
    23590167 
    23553344 
    23536396 
    23527322 
    23516589 
    23412134 
    23402900 
    23395194 
    23375568 
    23203162 
    23166389 
    23164550 
    22633529 
    22517194 
    23238736 
    23152610 
    23142262 
    23137951 
    23137949 
    23109153 
    22931256 
    22791901 
    22786589 
    22777304 
    22749065 
    22749064 
    22735052 
    22718551 
    22661593 
    22644710 
    22577238 
    22572706 
    22569063 
    22555074 
    22354138 
    22331215 
    22302550 
    22277262 
    22270508 
    22252372 
    22193845 
    22156048 
    21932381 
    22787851 
    22084131 
    21747008 
    21747005 
    21683932 
    21624563 
    21624562 
    21558513 
    21481641 
    21452846 
    21270867 
    21245183 
    21154149 
    21055622 
    20638295 
    20501908 
    20447562 
    19837759 
    19834448 
