Topic: CD010633 

Title: Dopamine transporter imaging for the diagnosis of dementia with Lewy bodies 

Query: 
Lewy Bodies/
dement*.ti,ab.
(LDB or DLB or LBD).ti,ab.
(lewy* adj2 bod*).ti,ab.
Lewy Body Disease/
or/1-5
DAT scan*.ti,ab.
Dopamine Plasma Membrane Transport Proteins/
"dopamine transporter".ti,ab.
Dopaminergic Neurons/
FP-CIT.ti,ab.
DaTSCAN.ti,ab.
("123I-β-CIT" or "[123I]β-CIT" or "[123I]beta-CIT").ti,ab.
"123I-FP-CIT".ti,ab.
SPECT.ti,ab.
"[99mTc]TRODAT-1".ti,ab.
"[123I]PE2I".ti,ab.
"[123I]altropane".ti,ab.
"[11C]cocaine".ti,ab.
"[3H]WIN".ti,ab.
"[11C]altropane".ti,ab.
("[11C]/[18F]beta-CFT" or "[11C]/[18F]β-CFT").ti,ab.
"[11C]FE-CIT".ti,ab.
"[11C]dMP".ti,ab.
Tomography, Emission-Computed, Single-Photon/
SPET.ti,ab.
"single photon emission tomography".ti,ab.
"single photon emission computed tomography".ti,ab.
or/7-28
6 and 29 

Pids: 
    23399676 
    23382946 
    23357822 
    23334141 
    23300102 
    23254635 
    23160999 
    22644539 
    22354157 
    15649484 
    17611066 
    20832974 
    10506862 
    21376506 
    17555915 
    10719444 
    23406746 
    23402681 
    23402204 
    23210167 
    23209065 
    23196944 
    23196618 
    23195421 
    23185535 
    23161999 
    23142262 
    23115214 
    23037962 
    23034259 
    23026363 
    23018627 
    22989905 
    22980226 
    22967747 
    22961551 
    22941841 
    22939818 
    22931754 
    22929226 
    22922592 
    22915704 
    22914831 
    22902293 
    22901967 
    22895156 
    22885599 
    22879086 
    22869921 
    22869920 
    22868886 
    22849990 
    22817828 
    22807188 
    22797130 
    22791632 
    22785390 
    22773150 
    22771809 
    22771474 
    22764226 
    22737239 
    22735249 
    22735052 
    22733085 
    22717776 
    22710605 
    22703622 
    22649237 
    22645275 
    22641021 
    22613760 
    22574684 
    22553499 
    22495081 
    22494990 
    22460325 
    22460160 
    22460159 
    22447623 
    22435956 
    22416830 
    22416826 
    22388932 
    22382657 
    22366793 
    22354229 
    22353375 
    22245218 
    22205206 
    22186024 
    22177721 
    22169201 
    22167382 
    22166451 
    22166447 
    22135130 
    22042522 
    22038765 
    22034053 
    22024052 
    22009380 
    22008265 
    21975260 
    21879994 
    21796351 
    21721045 
    21671144 
    21454094 
    21411339 
    20685009 
    20359778 
    22787845 
    22714610 
    22611616 
    22188660 
    22163275 
    22151238 
    22136899 
    22106763 
    22095040 
    22090514 
    22085955 
    22065755 
    22057225 
    22056602 
    21995845 
    21987568 
    21971454 
    21962800 
    21951958 
    21951956 
    21899142 
    21896306 
    21881402 
    21878726 
    21843378 
    21810889 
    21779719 
    21762928 
    21757840 
    21744382 
    21735318 
    21729421 
    21729418 
    21717292 
    21716018 
    21694448 
    21666376 
    21590591 
    21555888 
    21552550 
    21542022 
    21515087 
    21484863 
    21483157 
    21462266 
    21440696 
    21430598 
    21418722 
    21408191 
    21386128 
    21376652 
    21375379 
    21371697 
    21342781 
    21325773 
    21314662 
    21310726 
    21278615 
    21220990 
    21160432 
    21150861 
    21143707 
    21111419 
    20965169 
    20946703 
    20930271 
    20927562 
    20617407 
    19269714 
    21159056 
    21154313 
    21150049 
    21150043 
    21097140 
    20972667 
    20964987 
    20960930 
    20952104 
    20938027 
    20934811 
    20861634 
    20856190 
    20846908 
    20846893 
    20798538 
    20694486 
    20692493 
    20685363 
    20681265 
    20675879 
    20670380 
    20669272 
    20616568 
    20602729 
    20562756 
    20562743 
    20555149 
    20555146 
    20548139 
    20548124 
    20525466 
    20488678 
    20472978 
    20448431 
    20440289 
    20434638 
    20413829 
    20408259 
    20369650 
    20360166 
    20356854 
    20351351 
    20229798 
    20215096 
    20198593 
    20196488 
    20177696 
    20160457 
    20146690 
    20145921 
    20122075 
    20120350 
    20094022 
    20084455 
    20077476 
    20075101 
    20068307 
    20066394 
    20061645 
    20058228 
    20050899 
    20049829 
    20045161 
    20029055 
    20019219 
    20003584 
    19965851 
    19940270 
    19920063 
    19866390 
    19854452 
    19838622 
    19681169 
    19572947 
    19398134 
    19036475 
    20061230 
    20002758 
    19938684 
    19938680 
    19877236 
    19864909 
    19863263 
    19765180 
    19759102 
    19711116 
    19705622 
    19705471 
    19690415 
    19684240 
    19675861 
    19585954 
    19582652 
    19575281 
    19558951 
    19553153 
    19499384 
    19481429 
    19477227 
    19471923 
    19441130 
    19377859 
    19363270 
    19350708 
    19348176 
    19330195 
    19330182 
    19329351 
    19327399 
    19325033 
    19324376 
    19318265 
    19280102 
    19276787 
    19276101 
    19235928 
    19235789 
    19227895 
    19213035 
    19205835 
    19182480 
    19182460 
    19151903 
    19148640 
    19142839 
    19138468 
    19137294 
    19131852 
    19129703 
    19129547 
    19124140 
    19118323 
    19070491 
    19001354 
    18991499 
    18760427 
    19899565 
    19641246 
    19213202 
    19198144 
    19198105 
    19179793 
    19166452 
    19142710 
    19090317 
    19081458 
    19066428 
    19057277 
    19049564 
    19030774 
    19017782 
    19017781 
    19006193 
    18974648 
    18949971 
    18941948 
    18938766 
    18922294 
    18855165 
    18841010 
    18838952 
    18838108 
    18836267 
    18830576 
    18802798 
    18797258 
    18766160 
    18756357 
    18753716 
    18752700 
    18691446 
    18690884 
    18664857 
    18649394 
    18645736 
    18641884 
    18633132 
    18631733 
    18618663 
    18616086 
    18606218 
    18593002 
    18592038 
    18590798 
    18577840 
    18572195 
    18542960 
    18515002 
    18506194 
    18477845 
    18437639 
    18437636 
    18433968 
    18427998 
    18427076 
    18412838 
    18410503 
    18410280 
    18402076 
    18391962 
    18388853 
    18386631 
    18380693 
    18370334 
    18349797 
    18327742 
    18311087 
    18295510 
    18283251 
    18234228 
    18223126 
    18214473 
    18207114 
    18204253 
    18195271 
    18176077 
    18042240 
    18031760 
    17968545 
    17955237 
    17900799 
    17869272 
    17767812 
    17664050 
    17408808 
    17157414 
    18445747 
    18445745 
    18445740 
    18330212 
    18229791 
    18210850 
    18210834 
    18210809 
    18048105 
    18021694 
    18021379 
    17990057 
    17969349 
    17969308 
    17952007 
    17934273 
    17927803 
    17922728 
    17877736 
    17875040 
    17873141 
    17786779 
    17726249 
    17697413 
    17695280 
    17688986 
    17664410 
    17656192 
    17631544 
    17628601 
    17622781 
    17609907 
    17585595 
    17585592 
    17575429 
    17574750 
    17568630 
    17562930 
    17558256 
    17556219 
    17544447 
    17542791 
    17538391 
    17534953 
    17507882 
    17493637 
    17486648 
    17479522 
    17477302 
    17469688 
    17460535 
    17446028 
    17445833 
    17370649 
    17367812 
    17362834 
    17362826 
    17362445 
    17353866 
    17353255 
    17349943 
    17318670 
    17308228 
    17299017 
    17296554 
    17251522 
    17239043 
    17226740 
    17221818 
    17220817 
    17216644 
    17158559 
    17145197 
    17135459 
    17131421 
    17056633 
    16824650 
    17432190 
    17330392 
    17304479 
    17304473 
    17294671 
    17205862 
    17182396 
    17172610 
    17134017 
    17133330 
    17117070 
    17099602 
    17088679 
    17077051 
    17071924 
    17030755 
    17030534 
    17028562 
    17022798 
    17007476 
    17005204 
    17003069 
    17000465 
    16999337 
    16996088 
    16986699 
    16986115 
    16959499 
    16948293 
    16880360 
    16880359 
    16875340 
    16856518 
    16838258 
    16834706 
    16805778 
    16788863 
    16785801 
    16774664 
    16774663 
    16769939 
    16768957 
    16758132 
    16705474 
    16697429 
    16644047 
    16643314 
    16639610 
    16636246 
    16634136 
    16624585 
    16599280 
    16581032 
    16567718 
    16551505 
    16548090 
    16538621 
    16528976 
    16525077 
    16517512 
    16513606 
    16505304 
    16482919 
    16477583 
    16435412 
    16374823 
    16361025 
    16356633 
    16352310 
    16340203 
    16328506 
    16328504 
    16325958 
    16298237 
    16237680 
    16205876 
    16043457 
    15959843 
    15936044 
    16408518 
    16405264 
    16401256 
    16400422 
    16390030 
    16355355 
    16340650 
    16340391 
    16327347 
    16293914 
    16278884 
    16264357 
    16252889 
    16248849 
    16243425 
    16242637 
    16237129 
    16227950 
    16225091 
    16223702 
    16190332 
    16186529 
    16180709 
    16179666 
    16172735 
    16172732 
    16138284 
    16122406 
    16116584 
    16107353 
    16100990 
    16096578 
    16092099 
    16092074 
    16082159 
    16082076 
    16040356 
    16035122 
    16026093 
    16023534 
    16010052 
    16001409 
    15988865 
    15980631 
    15969312 
    15966270 
    15964748 
    15960171 
    15952930 
    15931516 
    15925773 
    15908747 
    15900096 
    15896221 
    15886744 
    15853870 
    15851069 
    15845094 
    15832032 
    15832030 
    15829632 
    15806567 
    15804924 
    15802915 
    15775716 
    15765320 
    15765193 
    15760648 
    15760620 
    15754090 
    15750828 
    15728285 
    15722899 
    15722897 
    15717342 
    15654026 
    15375677 
    16903140 
    16041289 
    15975069 
    15738860 
    15729885 
    15729440 
    15717021 
    15702655 
    15654671 
    15623735 
    15592735 
    15592140 
    15585477 
    15568482 
    15545324 
    15542244 
    15538967 
    15528096 
    15492484 
    15489396 
    15462408 
    15462371 
    15380113 
    15362248 
    15359564 
    15324720 
    15324365 
    15319273 
    15314128 
    15313522 
    15312279 
    15301995 
    15265266 
    15254794 
    15232656 
    15215218 
    15214511 
    15210531 
    15206434 
    15201367 
    15199417 
    15178938 
    15178934 
    15172055 
    15166883 
    15164821 
    15164820 
    15164576 
    15148751 
    15136683 
    15129697 
    15122920 
    15118553 
    15101187 
    15099023 
    15073255 
    15053341 
    15052786 
    15049170 
    15040658 
    15033144 
    15011337 
    15011333 
    14997339 
    14991240 
    14975428 
    14755719 
    14739542 
    14693108 
    14676466 
    14676464 
    14560061 
    12955099 
    16210224 
    16210222 
    16191252 
    16191223 
    15098340 
    14762593 
    14673877 
    14639666 
    14609813 
    14609583 
    14607313 
    14598067 
    14581673 
    14579478 
    14579087 
    14579086 
    14571357 
    14568499 
    14561797 
    14558247 
    14531044 
    14523098 
    14515342 
    14503353 
    14502661 
    13680454 
    13677801 
    12975292 
    12958153 
    12955398 
    12955214 
    12946088 
    12932111 
    12924492 
    12917125 
    12905098 
    12889165 
    12882651 
    12880839 
    12876145 
    12868068 
    12846547 
    12844524 
    12833885 
    12833301 
    12823502 
    12802006 
    12796837 
    12784032 
    12773898 
    12754653 
    12754337 
    12752394 
    12733681 
    12714800 
    12706204 
    12697623 
    12691498 
    12686411 
    12684997 
    12679392 
    12673603 
    12672538 
    12649841 
    12640053 
    12624590 
    12605358 
    12603253 
    12603252 
    12590373 
    12584413 
    12574950 
    12567332 
    12563122 
    12480092 
    15259399 
    12739388 
    12739380 
    12739379 
    12604293 
    12553341 
    12540758 
    12491148 
    12489916 
    12485516 
    12480791 
    12480442 
    12476580 
    12474288 
    12458405 
    12451466 
    12451207 
    12428367 
    12424962 
    12422405 
    12417387 
    12417384 
    12417364 
    12414259 
    12411761 
    12410062 
    12397463 
    12355885 
    12355877 
    12297267 
    12296553 
    12271417 
    12220689 
    12215920 
    12140101 
    12135968 
    12134674 
    12122169 
    12112194 
    12111473 
    12103462 
    12092784 
    12092408 
    12088699 
    12088698 
    12080523 
    12080488 
    12056929 
    12053130 
    12043417 
    12034784 
    12013926 
    11998736 
    11976799 
    11971046 
    11939938 
    11929581 
    11929568 
    11925777 
    11922212 
    11870015 
    11844889 
    11801698 
    11786735 
    11748433 
    11968741 
    11903098 
    11889831 
    11808350 
    11780155 
    11748785 
    11715838 
    11685496 
    11598311 
    11598308 
    11594927 
    11588638 
    11588627 
    11585855 
    11577423 
    11559315 
    11555340 
    11552010 
    11513104 
    11495391 
    11487194 
    11479833 
    11465929 
    11462291 
    11438640 
    11435680 
    11433770 
    11432093 
    11416945 
    11403184 
    11402144 
    11402143 
    11398344 
    11390549 
    11375135 
    11337551 
    11330787 
    11309451 
    11304085 
    11294935 
    11284990 
    11283218 
    11252157 
    11245717 
    11244217 
    11244210 
    11231037 
    11182469 
    11181853 
    11173885 
    11166948 
    11133791 
    12607227 
    11332190 
    11253380 
    11198502 
    11191929 
    11189899 
    11139988 
    11104528 
    11103407 
    11096220 
    11091111 
    11078011 
    11072266 
    11039460 
    11032624 
    11002731 
    11002481 
    10997480 
    10994740 
    10970055 
    10969905 
    10965365 
    10940758 
    10940680 
    10940679 
    10920426 
    10919351 
    10892306 
    10875129 
    10875107 
    10867784 
    10866105 
    10865093 
    10854006 
    10851363 
    10846677 
    10835938 
    10821439 
    10818514 
    10818497 
    10803810 
    10772123 
    10771562 
    10768169 
    10768168 
    10765046 
    10723753 
    10723172 
    10717409 
    10714889 
    10705939 
    10698414 
    10695031 
    10688104 
    10686471 
    10678692 
    10668700 
    10660231 
    10647605 
    10647604 
    10645737 
    10637407 
    10786251 
    10662962 
    10654093 
    10645327 
    10637936 
    10637855 
    10619205 
    10616866 
    10614161 
    10609687 
    10607969 
    10593700 
    10559570 
    10559568 
    10559564 
    10553987 
    10553590 
    10548999 
    10547980 
    10528871 
    10510805 
    10482382 
    10481106 
    10478741 
    10476310 
    10466669 
    10459793 
    10459747 
    10457954 
    10452310 
    10448800 
    10445434 
    10439174 
    10436345 
    10436338 
    10436334 
    10430439 
    10426146 
    10418816 
    10412530 
    10407844 
    10404982 
    10404983 
    10404977 
    10404521 
    10391967 
    10390781 
    10377830 
    10377795 
    10370901 
    10369094 
    10363311 
    10352866 
    10325449 
    10223261 
    10213976 
    10210919 
    10210909 
    10210209 
    10206528 
    10201284 
    10093779 
    10079318 
    10079314 
    10071109 
    10071106 
    10068803 
    10066852 
    10050895 
    10026384 
    10025830 
    9987709 
    10785837 
    10463218 
    10203975 
    10203971 
    9916400 
    9895152 
    9876968 
    9869326 
    9858308 
    9856190 
    9850913 
    9840717 
    9834553 
    9804125 
    9802497 
    9798081 
    9796365 
    9785148 
    9781516 
    9777480 
    9774820 
    9752059 
    9749569 
    9745353 
    9742880 
    9735982 
    9731543 
    9728730 
    9724384 
    9711365 
    9700660 
    9693235 
    9682940 
    9673712 
    9660012 
    9658479 
    9656252 
    9638957 
    9633716 
    9629553 
    9619079 
    9613718 
    9597661 
    9594549 
    9581218 
    9566003 
    9559960 
    9545682 
    9541298 
    9538911 
    9527139 
    9516072 
    9476939 
    9469263 
    9443760 
    9443754 
    9577668 
    9528031 
    9501586 
    9494332 
    9448576 
    9447445 
    9447443 
    9447442 
    9447435 
    9447427 
    9444495 
    9421999 
    9410988 
    9408100 
    9376962 
    9372455 
    9371912 
    9370087 
    9352545 
    9345586 
    9343120 
    9342105 
    9341577 
    9329703 
    9305498 
    9301261 
    9286633 
    9270613 
    9260162 
    9249619 
    9226739 
    9225799 
    9225797 
    9219746 
    9217686 
    9196477 
    9194952 
    9190725 
    9189144 
    9169566 
    9169565 
    9143477 
    9143472 
    9125732 
    9120420 
    9112592 
    9109881 
    9104760 
    9100154 
    9093504 
    9065320 
    9059759 
    9051035 
    9043743 
    9029063 
    9014457 
    9008513 
    8994482 
    16873180 
    9384969 
    9109979 
    8999423 
    8997421 
    8994127 
    8994103 
    8981295 
    8975130 
    8966268 
    8951828 
    8949253 
    8937195 
    8929178 
    8921667 
    8921531 
    8905776 
    8894190 
    8890778 
    8883712 
    8873880 
    8858185 
    8857162 
    8845700 
    8845698 
    8843120 
    8841965 
    8841963 
    8841960 
    8819714 
    8814717 
    8803445 
    8800620 
    8797529 
    8781138 
    8771594 
    8766453 
    8753675 
    8752524 
    8750558 
    8741148 
    8740989 
    8740630 
    8730668 
    8721108 
    8708683 
    8707476 
    8705881 
    8697677 
    8667666 
    8662117 
    8656584 
    8648326 
    8624103 
    8622264 
    8610304 
    8576501 
    8555659 
    9384916 
    8821506 
    8821493 
    8787100 
    8777802 
    8752463 
    8745627 
    8745625 
    8720331 
    8713508 
    8598628 
    8579805 
    8578941 
    8551319 
    8548649 
    8534556 
    7898792 
    7884512 
    7884501 
    7872878 
    7823074 
    7790939 
    7777543 
    7771310 
    7763329 
    7756009 
    7750079 
    7745399 
    7743079 
    7728214 
    7718935 
    7710647 
    7699453 
    7675354 
    7671977 
    7669494 
    7669420 
    7659391 
    7630742 
    7626837 
    7625974 
    7623939 
    7620526 
    7612383 
    7606283 
    7597417 
    7594158 
    7590593 
    7578283 
    7573586 
    7561970 
    7561963 
    7554681 
    7552947 
    7550598 
    7498872 
    7480442 
    7478254 
    8528351 
    8263078 
    8263073 
    8263071 
    8191980 
    8190810 
    8174508 
    8167055 
    8158175 
    8145915 
    8141022 
    8127386 
    8107986 
    8087734 
    8082684 
    8082664 
    8078635 
    8071690 
    8068438 
    8065570 
    8050774 
    8044031 
    8039099 
    8038869 
    8030401 
    8026123 
    8021663 
    8011253 
    8005154 
    7989292 
    7989291 
    7989290 
    7987785 
    7969959 
    7965038 
    7936259 
    7936057 
    7933720 
    7924055 
    7893535 
    7878321 
    7866483 
    7847164 
    7847060 
    7842596 
    7838445 
    7835102 
    7834944 
    7830428 
    7828614 
    7828613 
    7826713 
    7817203 
    7805320 
    7803056 
    7803054 
    7798973 
    7729100 
    7659917 
    7522145 
    8509780 
    8507902 
    8506015 
    8491848 
    8491227 
    8482030 
    8481422 
    8468804 
    8462221 
    8461238 
    8421735 
    8420174 
    8419719 
    8411781 
    8410013 
    8401781 
    8397758 
    8394604 
    8371888 
    8351013 
    8337557 
    8337373 
    8334775 
    8334774 
    8334579 
    8327331 
    8323482 
    8319928 
    8318176 
    8315893 
    8301875 
    8298827 
    8297624 
    8293601 
    8277596 
    8270594 
    8264906 
    8257465 
    8256556 
    8245654 
    8242214 
    8233245 
    8136897 
    8123306 
    8103130 
    8095556 
    8075906 
    8075905 
    7906947 
    1739606 
    1732447 
    1643871 
    1640654 
    1638171 
    1635624 
    1635620 
    1628430 
    1617841 
    1613571 
    1606480 
    1578230 
    1575456 
    1571070 
    1564478 
    1559658 
    1549216 
    1536267 
    1527902 
    1513491 
    1508299 
    1506442 
    1498808 
    1498807 
    1498576 
    1496187 
    1495679 
    1491839 
    1489640 
    1486017 
    1485523 
    1479398 
    1468075 
    1467580 
    1459978 
    1431975 
    1431961 
    1424356 
    1417421 
    1407580 
    1389566 
    1361744 
    1349930 
    1342662 
    1342021 
    1289914 
    2061629 
    2058505 
    2036616 
    2035940 
    2032432 
    2023461 
    2019279 
    2008215 
    1997491 
    1996428 
    1996426 
    1993017 
    1993008 
    1991619 
    1962057 
    1960540 
    1956993 
    1955897 
    1945187 
    1938155 
    1934830 
    1934827 
    1934777 
    1934773 
    1931259 
    1927637 
    1919732 
    1914338 
    1897377 
    1891084 
    1883218 
    1870274 
    1869966 
    1834385 
    1831668 
    1825359 
    1820661 
    1808497 
    1795437 
    1789907 
    1786668 
    1781964 
    1776524 
    1764860 
    1743499 
    1680671 
    1651190 
    2405332 
    2403612 
    2395011 
    2381074 
    2346388 
    2341906 
    2340662 
    2327836 
    2317335 
    2303829 
    2303828 
    2294653 
    2291821 
    2290211 
    2284372 
    2284082 
    2276232 
    2272595 
    2269322 
    2266407 
    2259243 
    2252452 
    2245303 
    2237453 
    2237452 
    2234697 
    2213201 
    2179737 
    2144981 
    2120397 
    2099873 
    2084833 
    2083546 
    2083138 
    2081396 
    2075086 
    2812339 
    2810914 
    2799210 
    2792144 
    2789844 
    2787220 
    2787034 
    2785588 
    2783742 
    2701778 
    2689037 
    2662071 
    2661883 
    2615027 
    2608817 
    2608816 
    2608815 
    2608792 
    2608750 
    2601098 
    2601097 
    2601094 
    2594881 
    2538276 
    2535422 
    2532750 
    2530079 
    2521055 
    3383904 
    3266886 
    3265766 
    3265101 
    3263980 
    3263978 
    3263977 
    3263976 
    3262723 
    3261331 
    3260508 
    3260013 
    3258902 
    3258512 
    3257439 
    2973469 
    2836158 
    3819832 
    3502360 
    3502292 
    3501801 
    3501800 
    3499489 
    3499484 
    3496733 
    3494754 
    3493756 
    3332036 
    3519903 
    3492011 
    3490634 
    3488336 
    3023564 
    3021677 
    2980527 
    2998698 
    6150361 
