Topic: CD008803 

Title: Optic nerve head and fibre layer imaging for diagnosing glaucoma 

Query: 
exp glaucoma/
glaucoma$.tw.
exp ocular hypertension/
(OHT or IOP).tw.
exp intraocular pressure/
(((increas$ or elevat$ or high$ or raise$) adj3 (ocular or intraocular or intra-ocular)) and pressure).tw.
optic nerve diseases/
(optic adj2 nerve$ adj2 head).tw.
ONH.tw.
optic disk/
optic dis$.tw.
retinal ganglion cells/
retinal ganglion cell$.tw.
(retinal adj2 nerve adj2 fiber adj2 layer).tw.
(retinal adj2 nerve adj2 fibre adj2 layer).tw.
RNFL.tw.
or/1-16
ophthalmoscopy/
(confocal adj2 scan$ adj2 laser adj2 ophthalm$).tw.
(Heidelberg adj2 Retina adj2 Tomograph$).tw.
HRT.ti,ab.
Lasers/du [Diagnostic Use]
(scan$ adj2 laser$ adj2 polarimetry).tw.
SLP.tw.
GDx.tw.
VCC.tw.
enhanced corneal compensat$.tw.
variable corneal compensat$.tw.
tomography, optical coherence/
tomography, optical/
(optical adj2 coherence adj2 tomograph$).tw.
OCT.ti,ab.
(optical adj2 coherence adj2 interferomet$).tw.
or/18-33
17 and 34
exp animals/
exp humans/
36 not (36 and 37)
35 not 38
case reports.pt.
39 not 40 

Pids: 
    25618430 
    25618429 
    25590844 
    25575418 
    25574048 
    25574046 
    25574041 
    25559510 
    25559508 
    25559505 
    25547721 
    25531077 
    25481764 
    25479451 
    25459918 
    25451722 
    25448996 
    25448991 
    25448921 
    25447120 
    25447118 
    25447111 
    25447112 
    25447108 
    25431069 
    25415282 
    25408424 
    25393097 
    25377494 
    25360703 
    25349103 
    25329177 
    25323852 
    25317632 
    25315395 
    25312906 
    25265602 
    25264027 
    25262916 
    25256068 
    25252606 
    25208858 
    25208857 
    25204989 
    25153829 
    25153559 
    25129119 
    25105313 
    25104178 
    25091955 
    25072646 
    25044140 
    24965201 
    24938320 
    24871814 
    24866299 
    24854866 
    24832792 
    24171762 
    23952910 
    23722865 
    23459201 
    23429636 
    25627183 
    25619181 
    25579367 
    25579359 
    25570840 
    25570836 
    25570417 
    25558173 
    25551632 
    25537207 
    25536712 
    25536188 
    25531761 
    25531656 
    25525166 
    25518262 
    25503459 
    25498464 
    25491301 
    25491294 
    25475188 
    25471835 
    25450244 
    25447563 
    25444947 
    25444946 
    25439303 
    25438685 
    25435750 
    25434087 
    25433737 
    25428543 
    25425304 
    25425302 
    25425301 
    25414196 
    25414193 
    25414182 
    25414183 
    25410176 
    25408766 
    25406288 
    25406281 
    25395485 
    25377222 
    25375855 
    25372785 
    25370513 
    25370516 
    25370510 
    25370392 
    25361777 
    25350379 
    25346464 
    25342613 
    25342193 
    25335983 
    25335977 
    25335976 
    25333237 
    25333186 
    25333185 
    25331611 
    25331579 
    25331078 
    25329112 
    25324287 
    25323920 
    25323643 
    25315984 
    25313352 
    25312463 
    25308112 
    25306732 
    25306718 
    25306717 
    25303837 
    25301881 
    25301880 
    25301876 
    25300393 
    25299627 
    25295876 
    25284015 
    25282934 
    25281998 
    25279801 
    25279784 
    25276083 
    25275832 
    25257055 
    25252729 
    25249610 
    25249604 
    25248296 
    25245897 
    25245600 
    25241973 
    25237764 
    25237762 
    25237158 
    25233822 
    25228548 
    25228545 
    25228539 
    25218823 
    25218368 
    25217856 
    25217855 
    25216740 
    25216052 
    25215521 
    25211407 
    25210857 
    25205559 
    25199486 
    25199484 
    25196762 
    25194230 
    25190655 
    25190654 
    25190652 
    25190534 
    25179213 
    25174895 
    25170876 
    25170857 
    25168904 
    25168899 
    25167053 
    25166273 
    25160893 
    25157619 
    25156139 
    25149556 
    25148790 
    25146991 
    25136603 
    25135541 
    25133968 
    25133967 
    25133966 
    25133965 
    25133512 
    25131225 
    25128962 
    25125070 
    25120341 
    25119116 
    25118266 
    25118262 
    25116769 
    25115538 
    25110679 
    25110668 
    25109787 
    25108319 
    25107540 
    25104464 
    25103462 
    25103262 
    25099676 
    25093520 
    25091951 
    25085628 
    25084313 
    25082882 
    25081285 
    25075462 
    25074779 
    25074777 
    25074775 
    25074041 
    25068641 
    25068639 
    25068638 
    25056527 
    25056093 
    25052998 
    25043792 
    25042297 
    25041925 
    25038908 
    25037753 
    25036543 
    25036104 
    25034596 
    25028657 
    25028070 
    25025647 
    25020067 
    25015361 
    25015351 
    25012541 
    25011028 
    25008440 
    25006692 
    25005893 
    25005202 
    25005200 
    25004261 
    25001008 
    25000867 
    24999722 
    24993167 
    24988331 
    24985480 
    24983792 
    24980109 
    24976361 
    24974011 
    24970471 
    24970470 
    24970252 
    24969339 
    24967461 
    24964797 
    24963480 
    24954088 
    24950300 
    24949941 
    24946103 
    24946101 
    24942067 
    24941769 
    24939467 
    24937935 
    24935284 
    24934221 
    24934219 
    24932988 
    24929827 
    24929826 
    24922534 
    24922327 
    24921983 
    24915063 
    24909857 
    24908588 
    24907432 
    24907063 
    24907062 
    24906911 
    24906342 
    24901248 
    24894400 
    24894394 
    24885759 
    24885597 
    24884611 
    24882957 
    24882955 
    24882397 
    24881611 
    24880904 
    24878308 
    24876279 
    24864434 
    24862770 
    24862301 
    24859477 
    24857938 
    24856360 
    24846203 
    24845639 
    24844298 
    24842962 
    24840976 
    24838786 
    24837239 
    24836437 
    24835757 
    24835184 
    24833740 
    24831719 
    24830825 
    24830822 
    24817744 
    24813119 
    24811962 
    24811843 
    24809827 
    24809308 
    24803154 
    24801510 
    24797544 
    24796770 
    24792102 
    24791878 
    24789865 
    24789530 
    24789528 
    24789467 
    24787570 
    24787568 
    24785101 
    24783413 
    24782474 
    24781941 
    24781879 
    24779967 
    24776961 
    24771169 
    24771162 
    24771163 
    24767908 
    24767794 
    24767408 
    24767302 
    24767231 
    24764064 
    24764062 
    24763725 
    24755354 
    24752381 
    24752008 
    24749850 
    24749809 
    24749507 
    24747957 
    24744208 
    24744205 
    24743637 
    24736240 
    24736054 
    24731465 
    24731414 
    24729143 
    24727260 
    24727146 
    24725911 
    24725827 
    24722700 
    24722699 
    24716836 
    24709053 
    24705571 
    24705484 
    24705483 
    24703380 
    24702756 
    24702324 
    24699817 
    24699377 
    24697943 
    24697910 
    24692125 
    24691117 
    24689741 
    24688260 
    24688256 
    24688117 
    24684059 
    24682006 
    24679835 
    24678925 
    24677111 
    24677102 
    24670999 
    24670998 
    24662838 
    24661864 
    24659353 
    24656417 
    24655112 
    24655001 
    24653759 
    24650556 
    24644054 
    24644052 
    24643069 
    24639478 
    24631474 
    24629619 
    24629312 
    24629069 
    24627251 
    24627246 
    24627248 
    24627143 
    24625774 
    24625377 
    24621561 
    24617978 
    24613885 
    24613881 
    24612980 
    24612095 
    24610541 
    24609628 
    24609624 
    24608670 
    24603422 
    24599417 
    24595686 
    24595685 
    24595390 
    24595383 
    24592935 
    24591532 
    24588314 
    24587238 
    24585344 
    24584708 
    24584567 
    24582406 
    24582404 
    24581775 
    24577467 
    24576877 
    24574436 
    24568867 
    24565742 
    24564526 
    24560994 
    24559381 
    24557354 
    24557345 
    24557328 
    24552305 
    24551076 
    24548694 
    24534754 
    24531020 
    24528923 
    24527687 
    24526436 
    24525613 
    24525545 
    24522175 
    24519507 
    24519429 
    24519427 
    24519421 
    24518436 
    24518076 
    24514757 
    24508789 
    24508162 
    24507857 
    24505197 
    24505035 
    24503409 
    24502601 
    24496567 
    24492506 
    24492503 
    24488155 
    24487827 
    24487047 
    24485921 
    24484274 
    24477537 
    24475772 
    24475117 
    24474274 
    24474272 
    24474269 
    24474264 
    24473830 
    24469116 
    24469078 
    24465663 
    24458320 
    24458157 
    24457989 
    24457978 
    24457370 
    24451551 
    24449136 
    24440284 
    24439757 
    24435762 
    24429278 
    24425856 
    24425849 
    24424177 
    24421299 
    24413621 
    24412142 
    24408984 
    24408980 
    24408977 
    24406417 
    24406416 
    24400952 
    24398100 
    24398093 
    24398090 
    24398089 
    24395872 
    24393833 
    24393664 
    24393348 
    24392911 
    24392910 
    24390400 
    24390374 
    24390200 
    24390166 
    24388709 
    24385290 
    24384963 
    24384800 
    24384614 
    24380489 
    24373344 
    24370973 
    24370972 
    24370831 
    24370813 
    24370808 
    24368308 
    24366767 
    24360848 
    24359130 
    24357497 
    24355823 
    24345321 
    24343574 
    24338582 
    24337431 
    24334967 
    24334451 
    24334448 
    24330237 
    24327610 
    24321144 
    24318011 
    24314836 
    24314300 
    24307717 
    24290800 
    24282221 
    24276697 
    24275983 
    24269465 
    24269085 
    24268855 
    24263528 
    24258287 
    24254165 
    24253499 
    24248000 
    24247997 
    24242185 
    24240879 
    24240877 
    24240558 
    24239775 
    24239773 
    24238944 
    24238882 
    24238256 
    24232316 
    24210768 
    24204049 
    24183421 
    24178408 
    24177945 
    24174613 
    24172914 
    24170523 
    24170514 
    24168760 
    24162258 
    24158844 
    24150101 
    24146272 
    24145564 
    24145290 
    24144452 
    24144450 
    24143870 
    24139154 
    24139122 
    24138894 
    24136571 
    24133027 
    24132671 
    24119221 
    24119065 
    24114885 
    24102197 
    24085346 
    24077720 
    24074352 
    24074220 
    24064941 
    24062148 
    24057175 
    24047154 
    24042125 
    24021018 
    24020826 
    24014196 
    24008793 
    23981513 
    23975006 
    23975002 
    23972277 
    23970339 
    23970338 
    23970337 
    23962652 
    23958844 
    23948465 
    23918073 
    23897496 
    23881228 
    23873165 
    23873162 
    23864285 
    23836499 
    23835671 
    23835664 
    23828323 
    23826869 
    23813110 
    23807354 
    23807350 
    23777553 
    23775932 
    23775290 
    23743436 
    23742103 
    23740961 
    23661046 
    23638802 
    23636560 
    23632406 
    23632402 
    23619493 
    23615349 
    23571251 
    23429619 
    23387307 
    23377582 
    23323611 
    23296371 
    23221911 
    23221905 
    23059486 
    23059484 
    22955015 
    22922666 
    22922665 
    22895521 
    22828002 
    22668982 
    24908917 
    24823928 
    24741926 
    24624796 
    24579126 
    24534304 
    24520752 
    24512999 
    24510079 
    24505792 
    24505789 
    24499692 
    24459442 
    24454526 
    24431312 
    24404660 
    24397189 
    24397091 
    24391723 
    24386406 
    24378457 
    24374579 
    24369534 
    24343442 
    24337513 
    24321599 
    24321156 
    24321155 
    24314410 
    24312500 
    24308226 
    24302981 
    24302585 
    24299056 
    24282387 
    24282232 
    24261282 
    24261188 
    24255039 
    24243514 
    24243513 
    24243479 
    24235013 
    24232939 
    24231910 
    24223903 
    24222303 
    24222299 
    24220880 
    24212307 
    24212204 
    24206900 
    24204047 
    24194190 
    24194189 
    24182572 
    24182570 
    24177097 
    24169000 
    24168999 
    24168992 
    24168988 
    24160971 
    24157319 
    24151625 
    24150754 
    24148562 
    24147279 
    24146895 
    24146271 
    24144763 
    24135760 
    24135758 
    24135757 
    24130187 
    24130177 
    24126032 
    24123901 
    24121408 
    24121407 
    24120325 
    24119964 
    24119961 
    24119452 
    24114539 
    24114536 
    24114534 
    24113663 
    24113301 
    24111450 
    24111076 
    24103057 
    24101128 
    24100373 
    24100368 
    24098599 
    24097099 
    24093188 
    24081502 
    24080897 
    24080858 
    24075424 
    24075422 
    24073963 
    24071957 
    24070365 
    24069225 
    24065512 
    24065214 
    24063157 
    24060303 
    24060300 
    24059028 
    24053994 
    24051419 
    24050798 
    24045993 
    24045992 
    24037234 
    24037233 
    24037231 
    24030460 
    24030456 
    24024178 
    24021895 
    24018312 
    24011523 
    24011520 
    24008517 
    24003055 
    24000036 
    23993360 
    23989192 
    23989189 
    23989059 
    23982214 
    23978623 
    23974841 
    23974750 
    23972895 
    23972303 
    23972075 
    23972028 
    23966371 
    23955723 
    23951826 
    23941542 
    23938857 
    23934540 
    23931467 
    23929080 
    23929078 
    23929076 
    23925917 
    23920375 
    23917443 
    23916620 
    23916488 
    23916486 
    23912576 
    23908184 
    23908182 
    23907624 
    23904887 
    23902700 
    23900089 
    23894392 
    23892551 
    23891337 
    23886989 
    23885921 
    23883953 
    23882734 
    23882689 
    23880375 
    23876870 
    23876868 
    23873255 
    23868959 
    23866708 
    23864270 
    23863782 
    23860781 
    23860762 
    23860751 
    23851575 
    23850092 
    23847316 
    23846380 
    23844647 
    23841496 
    23841106 
    23838772 
    23838768 
    23838724 
    23838412 
    23837966 
    23837230 
    23837222 
    23837220 
    23832965 
    23826834 
    23826129 
    23825170 
    23823511 
    23822668 
    23821204 
    23818227 
    23812660 
    23810475 
    23809273 
    23806424 
    23800766 
    23797700 
    23788372 
    23788370 
    23788369 
    23778878 
    23778876 
    23777978 
    23777476 
    23775342 
    23774269 
    23774103 
    23771108 
    23768651 
    23768229 
    23764988 
    23764276 
    23761086 
    23761081 
    23761080 
    23759443 
    23758729 
    23757169 
    23752309 
    23748577 
    23748101 
    23746612 
    23744254 
    23743533 
    23743523 
    23743439 
    23737476 
    23737470 
    23736991 
    23733123 
    23733034 
    23730109 
    23722446 
    23722389 
    23719399 
    23718680 
    23718571 
    23716631 
    23714026 
    23714025 
    23710686 
    23709591 
    23703632 
    23702433 
    23698127 
    23697615 
    23695066 
    23690973 
    23689995 
    23688710 
    23686324 
    23685487 
    23677174 
    23677138 
    23677136 
    23672970 
    23661375 
    23661374 
    23652718 
    23647619 
    23644558 
    23642374 
    23640509 
    23639447 
    23638771 
    23637954 
    23633680 
    23633657 
    23632535 
    23631254 
    23629796 
    23628350 
    23623016 
    23622874 
    23620422 
    23620420 
    23620092 
    23618732 
    23616154 
    23615763 
    23611992 
    23609125 
    23607243 
    23601909 
    23601764 
    23599342 
    23599332 
    23599331 
    23599327 
    23599325 
    23597410 
    23595371 
    23595367 
    23594170 
    23590392 
    23590391 
    23589277 
    23584639 
    23584154 
    23582364 
    23582075 
    23581473 
    23580483 
    23571234 
    23564880 
    23561012 
    23557847 
    23557744 
    23557561 
    23552835 
    23546026 
    23544043 
    23542822 
    23542349 
    23541761 
    23541535 
    23541534 
    23539935 
    23539904 
    23539458 
    23539100 
    23538581 
    23538059 
    23537395 
    23532529 
    23531353 
    23531350 
    23529360 
    23522970 
    23522355 
    23521720 
    23521028 
    23521027 
    23519885 
    23519274 
    23516321 
    23514796 
    23514642 
    23512142 
    23510042 
    23506312 
    23499241 
    23497845 
    23493298 
    23489244 
    23487817 
    23485350 
    23483498 
    23480270 
    23474248 
    23471893 
    23470792 
    23470044 
    23468053 
    23465268 
    23462754 
    23462744 
    23456509 
    23449723 
    23448566 
    23448561 
    23448436 
    23446556 
    23441595 
    23439598 
    23439597 
    23436037 
    23435192 
    23435190 
    23434217 
    23434216 
    23434206 
    23433654 
    23433351 
    23429634 
    23429598 
    23429414 
    23423154 
    23422822 
    23421941 
    23420022 
    23419292 
    23417339 
    23412088 
    23408988 
    23407350 
    23401930 
    23401130 
    23400083 
    23400079 
    23399380 
    23398979 
    23397160 
    23395544 
    23394908 
    23387808 
    23384049 
    23382879 
    23377578 
    23377498 
    23377007 
    23370812 
    23370602 
    23370477 
    23369013 
    23358877 
    23356329 
    23352341 
    23352340 
    23352198 
    23351071 
    23347982 
    23347665 
    23338233 
    23334618 
    23329668 
    23328662 
    23322574 
    23322565 
    23318513 
    23317171 
    23317092 
    23313902 
    23311663 
    23307954 
    23307207 
    23306828 
    23306647 
    23305434 
    23299485 
    23299482 
    23299477 
    23299476 
    23299474 
    23299160 
    23298885 
    23290986 
    23290749 
    23283186 
    23280085 
    23277206 
    23277205 
    23271313 
    23269599 
    23267030 
    23267029 
    23265804 
    23260259 
    23258152 
    23258150 
    23250480 
    23246271 
    23246120 
    23245362 
    23245360 
    23244242 
    23239453 
    23232911 
    23232801 
    23231592 
    23225090 
    23223537 
    23222390 
    23222388 
    23221076 
    23221075 
    23218823 
    23218699 
    23218697 
    23218692 
    23218596 
    23215753 
    23207174 
    23203702 
    23203701 
    23188512 
    23188511 
    23184258 
    23182176 
    23177363 
    23154502 
    23146132 
    23143906 
    23138682 
    23138681 
    23135780 
    23127751 
    23125065 
    23112037 
    23108510 
    23106951 
    23104685 
    23100041 
    23094664 
    23093617 
    23093314 
    23093312 
    23084127 
    23078067 
    23077228 
    23075807 
    23075489 
    23070687 
    23052713 
    23036570 
    23009888 
    23006995 
    23001586 
    22998939 
    22995953 
    22995681 
    22990581 
    22990321 
    22986112 
    22972448 
    22967864 
    22960139 
    22958160 
    22954302 
    22948081 
    22940798 
    22936335 
    22936277 
    22925113 
    22922843 
    22918296 
    22913797 
    22906053 
    22903819 
    22878471 
    22865259 
    22846803 
    22846640 
    22828003 
    22827999 
    22814526 
    22810965 
    22760961 
    22738166 
    22712443 
    22684903 
    22676180 
    22668980 
    22668975 
    22661077 
    22595935 
    22595933 
    22592348 
    22581400 
    22576170 
    22552572 
    22551388 
    22549477 
    22535509 
    22511030 
    22495027 
    22441810 
    22436028 
    22407395 
    22366916 
    22366702 
    22314250 
    22307497 
    22274673 
    22274672 
    22274669 
    22052018 
    22027931 
    21986568 
    21957939 
    21946556 
    21946544 
    21878820 
    21701394 
    21623218 
    21236402 
    22411660 
    21873658 
    22018707 
    22427577 
    21693614 
    22247458 
    22818801 
    22595776 
    22491406 
    20457974 
    18515577 
    18657796 
    18539930 
    20189159 
    19752420 
    19752419 
    20299105 
    21296825 
    21459214 
    21102494 
    18662829 
    20457975 
    17544778 
    23755511 
    23741818 
    23654003 
    23471325 
    23461154 
    23373397 
    23366598 
    23366180 
    23357329 
    23357328 
    23357327 
    23346804 
    23336422 
    23336408 
    23316656 
    23302274 
    23302249 
    23302242 
    23253721 
    23249119 
    23248541 
    23237748 
    23235421 
    23234485 
    23229700 
    23208216 
    23202398 
    23190718 
    23188727 
    23187353 
    23179813 
    23176075 
    23172651 
    23166778 
    23163642 
    23163526 
    23163274 
    23163271 
    23163270 
    23163269 
    23154462 
    23154461 
    23154456 
    23147257 
    23144857 
    23139270 
    23130365 
    23128971 
    23120917 
    23117803 
    23101416 
    23099495 
    23099488 
    23099450 
    23092924 
    23084378 
    23079756 
    23079750 
    23077890 
    23077403 
    23077012 
    23074212 
    23074201 
    23065789 
    23060724 
    23060142 
    23060026 
    23053333 
    23053331 
    23050659 
    23046745 
    23041237 
    23036549 
    23033389 
    23031247 
    23022957 
    23018425 
    23017326 
    23017184 
    23010604 
    23007669 
    22998449 
    22997288 
    22995564 
    22994105 
    22993062 
    22993055 
    22993054 
    22980741 
    22977136 
    22972394 
    22969077 
    22968144 
    22965594 
    22965586 
    22960094 
    22959359 
    22959105 
    22958859 
    22956617 
    22956612 
    22943804 
    22943803 
    22942160 
    22938754 
    22934449 
    22932080 
    22930726 
    22929452 
    22926853 
    22925845 
    22925843 
    22922847 
    22921387 
    22918644 
    22917503 
    22915037 
    22915029 
    22914500 
    22914498 
    22910230 
    22902212 
    22899004 
    22898189 
    22894509 
    22893677 
    22893674 
    22886000 
    22883689 
    22882008 
    22879421 
    22878449 
    22871835 
    22870026 
    22869022 
    22864028 
    22856337 
    22856228 
    22853973 
    22853436 
    22847249 
    22847248 
    22840484 
    22839368 
    22837626 
    22836774 
    22836772 
    22836769 
    22835514 
    22828871 
    22826832 
    22825888 
    22818896 
    22818584 
    22815550 
    22815352 
    22807292 
    22807291 
    22801858 
    22792170 
    22788862 
    22788586 
    22786910 
    22785102 
    22778156 
    22776923 
    22776920 
    22776919 
    22776096 
    22775282 
    22774597 
    22773905 
    22759443 
    22752482 
    22752123 
    22749083 
    22746671 
    22744388 
    22743319 
    22740299 
    22740108 
    22739736 
    22739239 
    22738608 
    22734769 
    22729172 
    22727177 
    22726588 
    22722487 
    22714895 
    22712248 
    22701702 
    22700706 
    22699978 
    22699951 
    22698074 
    22697054 
    22695956 
    22695250 
    22692640 
    22690753 
    22683063 
    22678499 
    22677679 
    22677462 
    22677426 
    22670074 
    22670073 
    22670072 
    22670071 
    22669726 
    22669005 
    22666330 
    22661652 
    22661609 
    22661468 
    22660086 
    22658308 
    22653517 
    22650029 
    22640597 
    22628535 
    22624909 
    22623864 
    22623860 
    22621341 
    22618665 
    22618594 
    22618588 
    22615858 
    22599584 
    22594488 
    22594402 
    22589447 
    22589446 
    22588347 
    22584542 
    22584019 
    22583437 
    22581376 
    22577769 
    22577766 
    22577077 
    22577076 
    22576828 
    22573068 
    22572035 
    22570353 
    22569283 
    22568618 
    22568103 
    22562848 
    22562512 
    22562510 
    22561483 
    22560425 
    22559281 
    22555896 
    22552419 
    22551739 
    22544530 
    22539259 
    22538423 
    22532220 
    22531702 
    22530874 
    22527319 
    22527316 
    22527311 
    22521084 
    22514688 
    22512373 
    22511836 
    22511835 
    22499986 
    22495995 
    22495327 
    22495325 
    22494632 
    22491916 
    22491392 
    22490948 
    22489916 
    22488269 
    22488265 
    22488127 
    22488102 
    22481474 
    22480742 
    22473041 
    22467593 
    22467582 
    22467579 
    22466478 
    22466102 
    22465367 
    22464141 
    22462366 
    22458635 
    22458558 
    22457046 
    22450447 
    22448279 
    22447869 
    22447865 
    22445630 
    22440276 
    22429807 
    22429725 
    22428958 
    22427978 
    22427600 
    22427583 
    22427582 
    22427557 
    22427554 
    22427540 
    22426801 
    22424833 
    22422033 
    22422031 
    22421201 
    22420959 
    22418995 
    22418228 
    22411129 
    22410562 
    22410561 
    22410556 
    22410442 
    22410350 
    22408010 
    22407252 
    22395882 
    22395881 
    22394383 
    22393272 
    22392564 
    22389411 
    22385488 
    22370673 
    22367131 
    22365058 
    22365056 
    22361847 
    22344014 
    22343998 
    22334411 
    22334410 
    22334409 
    22334408 
    22334407 
    22334406 
    22334136 
    22329676 
    22328811 
    22323883 
    22323471 
    22322203 
    22317914 
    22310491 
    22310085 
    22310083 
    22310079 
    22304496 
    22302456 
    22300877 
    22300454 
    22300430 
    22299650 
    22297497 
    22297027 
    22296832 
    22292076 
    22291035 
    22290071 
    22284858 
    22282218 
    22281822 
    22273726 
    22269944 
    22269030 
    22266523 
    22266522 
    22266520 
    22265147 
    22265143 
    22264886 
    22262083 
    22261709 
    22251848 
    22251842 
    22251840 
    22249289 
    22248650 
    22247474 
    22247461 
    22247457 
    22245461 
    22245459 
    22241011 
    22237839 
    22237821 
    22232364 
    22231171 
    22222760 
    22222509 
    22222272 
    22222269 
    22222150 
    22218146 
    22218142 
    22218140 
    22217611 
    22215236 
    22214940 
    22189595 
    22183366 
    22182800 
    22180154 
    22179629 
    22173217 
    22172206 
    22169979 
    22167543 
    22167542 
    22167102 
    22153707 
    22149554 
    22139614 
    22137553 
    22132722 
    22125279 
    22118998 
    22116959 
    22116581 
    22116110 
    22110073 
    22105538 
    22105508 
    22105505 
    22105330 
    22104726 
    22094302 
    22082750 
    22081672 
    22081669 
    22080906 
    22079964 
    22055073 
    22042009 
    22040169 
    22019223 
    22015382 
    22014499 
    22008872 
    22006982 
    21998469 
    21993619 
    21983121 
    21981362 
    21978593 
    21975828 
    21975530 
    21955651 
    21952500 
    21947302 
    21946540 
    21920492 
    21909812 
    21900227 
    21893972 
    21886022 
    21881844 
    21881841 
    21878852 
    21875431 
    21864827 
    21862378 
    21861085 
    21801339 
    21794048 
    21723180 
    21716164 
    21701397 
    21673596 
    21668781 
    21654515 
    21654514 
    21654510 
    21653213 
    21653211 
    21637116 
    21637115 
    21623226 
    21623225 
    21623219 
    21562432 
    21562431 
    21522024 
    21522023 
    21515559 
    21486394 
    21478200 
    21430553 
    21430549 
    21423034 
    21418149 
    21415058 
    21378002 
    21349942 
    21336150 
    21336147 
    21278586 
    21277107 
    21232085 
    21173707 
    21173705 
    21173702 
    21044275 
    20946342 
    20346079 
    20015098 
    23264331 
    22642146 
    22452682 
    22384655 
    22331109 
    22321502 
    22321494 
    22315836 
    22299518 
    22256569 
    22256564 
    22255762 
    22255068 
    22255065 
    22190367 
    22187300 
    22178831 
    22166696 
    22165102 
    22159673 
    22153644 
    22110066 
    22108975 
    22089500 
    22089499 
    22076987 
    22076986 
    22069483 
    22057824 
    22040640 
    22039236 
    22027799 
    22025572 
    22011489 
    22004576 
    22003104 
    21997827 
    21997823 
    21995986 
    21989725 
    21989721 
    21987670 
    21983248 
    21980649 
    21979898 
    21968972 
    21961510 
    21961509 
    21960556 
    21950699 
    21948552 
    21945611 
    21934782 
    21926652 
    21924499 
    21921978 
    21921953 
    21921945 
    21917932 
    21917458 
    21914409 
    21914263 
    21913439 
    21913347 
    21913343 
    21912304 
    21911690 
    21911590 
    21907415 
    21907114 
    21904837 
    21904391 
    21896859 
    21896856 
    21896851 
    21896848 
    21880568 
    21874308 
    21873672 
    21873668 
    21873655 
    21870889 
    21865411 
    21864558 
    21862653 
    21860571 
    21855759 
    21855679 
    21853959 
    21853947 
    21853058 
    21851168 
    21850161 
    21839520 
    21836629 
    21836340 
    21830059 
    21829579 
    21828153 
    21825199 
    21819259 
    21816254 
    21816080 
    21813786 
    21813090 
    21811135 
    21810980 
    21810975 
    21803348 
    21800805 
    21799043 
    21791587 
    21790113 
    21785155 
    21784212 
    21784211 
    21780926 
    21777980 
    21775661 
    21774386 
    21765371 
    21764408 
    21762989 
    21756742 
    21746978 
    21746976 
    21743018 
    21743016 
    21732109 
    21729763 
    21726842 
    21722662 
    21721274 
    21721273 
    21721272 
    21721266 
    21721265 
    21721264 
    21717883 
    21705690 
    21705684 
    21703691 
    21700384 
    21700128 
    21681417 
    21679915 
    21677793 
    21677024 
    21673805 
    21666326 
    21663999 
    21663445 
    21655041 
    21655039 
    21654523 
    21652111 
    21652108 
    21643283 
    21642901 
    21640104 
    21637977 
    21631667 
    21626304 
    21621262 
    21617695 
    21611198 
    21601065 
    21601066 
    21601063 
    21599873 
    21598604 
    21570047 
    21569918 
    21563743 
    21559911 
    21559907 
    21555608 
    21555599 
    21551412 
    21550120 
    21546923 
    21546780 
    21539988 
    21538002 
    21536340 
    21535460 
    21535068 
    21532518 
    21531465 
    21529958 
    21529954 
    21529354 
    21520429 
    21514958 
    21514296 
    21505820 
    21499195 
    21499190 
    21494672 
    21494659 
    21492939 
    21487341 
    21478808 
    21478787 
    21476312 
    21476311 
    21474770 
    21474186 
    21473666 
    21470591 
    21467185 
    21467181 
    21467174 
    21461222 
    21459217 
    21459216 
    21459215 
    21455247 
    21454118 
    21454010 
    21449851 
    21449533 
    21436844 
    21436273 
    21432766 
    21427458 
    21425766 
    21425493 
    21425333 
    21424554 
    21421879 
    21421869 
    21418974 
    21418973 
    21410092 
    21401908 
    21400055 
    21400052 
    21398410 
    21397334 
    21390066 
    21389739 
    21378995 
    21377735 
    21374555 
    21362332 
    21359426 
    21357406 
    21357398 
    21357387 
    21353403 
    21350568 
    21350277 
    21349793 
    21338694 
    21336254 
    21336154 
    21333873 
    21333870 
    21331692 
    21331689 
    21331683 
    21330656 
    21317215 
    21314957 
    21310377 
    21307774 
    21307679 
    21300734 
    21296821 
    21296706 
    21293495 
    21293319 
    21293162 
    21282997 
    21282570 
    21279977 
    21278593 
    21278590 
    21274691 
    21270433 
    21269703 
    21268676 
    21267627 
    21263663 
    21257147 
    21255078 
    21252671 
    21252110 
    21251500 
    21251242 
    21246602 
    21242985 
    21242862 
    21242583 
    21242582 
    21240522 
    21236410 
    21234585 
    21232801 
    21232732 
    21232535 
    21228390 
    21227470 
    21220554 
    21217136 
    21216799 
    21212798 
    21212177 
    21211843 
    21199713 
    21191292 
    21183943 
    21183940 
    21183513 
    21183511 
    21174597 
    21168811 
    21158587 
    21157068 
    21150042 
    21150037 
    21150036 
    21146224 
    21131852 
    21127505 
    21124255 
    21117579 
    21109776 
    21106044 
    21104187 
    21102368 
    21102366 
    21097787 
    21094935 
    21093920 
    21087973 
    21087966 
    21087959 
    21087363 
    21080197 
    21076358 
    21072067 
    21071737 
    21070544 
    21070302 
    21055813 
    21053812 
    21051887 
    21051715 
    21051712 
    21051707 
    21051701 
    21051691 
    21048516 
    21048509 
    21038310 
    21037499 
    21037496 
    21035864 
    21030413 
    20973891 
    20971786 
    20970108 
    20959650 
    20957386 
    20956277 
    20956274 
    20956273 
    20949278 
    20949277 
    20935585 
    20935302 
    20930859 
    20921926 
    20920826 
    20920824 
    20885428 
    20884056 
    20884054 
    20881293 
    20872361 
    20872357 
    20869118 
    20861725 
    20856170 
    20853266 
    20853113 
    20852439 
    20852437 
    20852434 
    20847115 
    20829321 
    20811065 
    20811060 
    20805131 
    20805125 
    20801519 
    20801146 
    20796260 
    20720228 
    20717056 
    20717053 
    20717052 
    20717050 
    20693559 
    20675732 
    20669879 
    20669878 
    20659136 
    20657017 
    20656352 
    20650911 
    20602324 
    20584713 
    20577117 
    20577113 
    20577104 
    20577102 
    20577099 
    20577096 
    20576777 
    20530187 
    20520570 
    20436372 
    20436370 
    20436368 
    20436366 
    20436363 
    20346086 
    20336600 
    20331501 
    20179622 
    20064119 
    20064112 
    20039848 
    19925516 
    19906084 
    19878114 
    19878103 
    19860778 
    19356824 
    23010522 
    23010521 
    23010520 
    22275207 
    21766542 
    21516872 
    21473082 
    21394991 
    21328886 
    21302725 
    21254731 
    21211298 
    21211226 
    21198153 
    21191714 
    21168074 
    21167436 
    21164806 
    21164686 
    21149778 
    21124563 
    21123774 
    21121123 
    21117601 
    21117598 
    21117597 
    21117366 
    21114054 
    21111318 
    21105372 
    21105370 
    21095723 
    21091018 
    21091000 
    21079732 
    21074096 
    21067844 
    21060050 
    21060043 
    21054994 
    21052905 
    21052903 
    21050347 
    21047703 
    21029890 
    20954642 
    20952853 
    20952832 
    20951975 
    20951974 
    20946332 
    20945812 
    20944940 
    20941025 
    20940995 
    20940894 
    20938002 
    20935534 
    20935532 
    20935528 
    20935526 
    20935309 
    20930580 
    20925238 
    20888550 
    20884575 
    20879380 
    20868259 
    20858401 
    20858114 
    20851372 
    20839667 
    20838421 
    20837795 
    20837794 
    20827728 
    20825070 
    20819575 
    20819540 
    20816254 
    20816247 
    20810997 
    20805134 
    20723847 
    20706174 
    20703593 
    20703048 
    20700803 
    20700798 
    20700797 
    20695735 
    20695301 
    20692718 
    20692255 
    20689193 
    20683380 
    20683068 
    20681259 
    20678802 
    20677009 
    20673049 
    20671286 
    20670345 
    20664701 
    20663563 
    20656652 
    20655036 
    20653690 
    20651748 
    20648075 
    20646579 
    20645965 
    20643396 
    20636442 
    20635810 
    20633931 
    20631238 
    20631234 
    20616685 
    20610512 
    20610476 
    20609426 
    20608190 
    20605617 
    20605215 
    20595078 
    20592233 
    20592224 
    20589021 
    20588996 
    20588698 
    20588529 
    20574014 
    20572815 
    20570236 
    20566483 
    20566166 
    20557943 
    20554616 
    20550999 
    20548244 
    20547947 
    20547945 
    20546237 
    20544677 
    20541809 
    20539235 
    20538993 
    20532551 
    20531203 
    20531017 
    20530512 
    20529261 
    20523264 
    20522019 
    20517936 
    20510692 
    20508653 
    20508053 
    20508052 
    20505207 
    20495500 
    20494761 
    20494476 
    20493584 
    20493529 
    20489736 
    20487706 
    20471684 
    20465548 
    20464110 
    20463328 
    20463326 
    20461397 
    20460204 
    20457976 
    20452719 
    20450664 
    20447395 
    20447097 
    20445116 
    20445112 
    20438976 
    20435603 
    20432358 
    20431609 
    20430364 
    20424213 
    20424212 
    20421569 
    20417568 
    20415625 
    20415324 
    20410146 
    20401564 
    20399932 
    20395978 
    20388347 
    20386301 
    20383844 
    20381872 
    20379735 
    20379458 
    20379307 
    20379300 
    20378095 
    20361016 
    20357199 
    20357191 
    20352443 
    20350961 
    20346787 
    20336601 
    20335619 
    20332654 
    20304519 
    20300766 
    20300127 
    20237251 
    20237248 
    20237247 
    20237244 
    20234987 
    20226873 
    20224953 
    20219535 
    20213479 
    20213477 
    20207978 
    20207975 
    20207973 
    20207964 
    20207786 
    20202684 
    20202618 
    20202567 
    20202564 
    20202563 
    20191363 
    20190693 
    20189160 
    20186545 
    20185941 
    20182404 
    20182403 
    20179627 
    20179617 
    20177955 
    20175271 
    20173650 
    20172083 
    20172077 
    20172065 
    20169357 
    20164803 
    20164798 
    20164794 
    20164448 
    20163868 
    20160577 
    20157409 
    20155709 
    20151275 
    20151274 
    20149340 
    20148662 
    20143110 
    20142541 
    20137371 
    20136426 
    20132988 
    20130901 
    20130282 
    20128583 
    20128577 
    20128575 
    20128549 
    20127107 
    20116886 
    20116884 
    20114108 
    20099232 
    20093995 
    20091453 
    20083802 
    20082200 
    20079538 
    20075675 
    20072786 
    20071668 
    20065236 
    20064122 
    20057344 
    20051889 
    20051888 
    20051883 
    20045571 
    20045564 
    20042660 
    20037909 
    20036010 
    20035438 
    20031231 
    20031228 
    20029144 
    20021252 
    20019760 
    20012983 
    20010454 
    20009925 
    20006907 
    19996826 
    19969365 
    19969364 
    19969361 
    19952983 
    19940526 
    19937335 
    19933218 
    19928704 
    19924672 
    19924029 
    19923002 
    19921963 
    19900206 
    19898827 
    19882545 
    19882541 
    19882537 
    19882162 
    19875172 
    19865823 
    19864929 
    19855299 
    19855292 
    19855291 
    19855287 
    19850843 
    19850838 
    19847457 
    19846061 
    19842076 
    19834029 
    19822916 
    19816517 
    19815290 
    19800607 
    19797208 
    19772858 
    19758857 
    19756692 
    19738392 
    19737891 
    19737886 
    19737881 
    19737875 
    19730122 
    19730117 
    19729984 
    19725815 
    19707030 
    19692369 
    19692366 
    19692360 
    19684001 
    19681791 
    19661824 
    19661819 
    19661228 
    19648906 
    19593203 
    19528827 
    19528822 
    19528821 
    19528819 
    19524027 
    19521435 
    19493860 
    19489763 
    19489762 
    19444293 
    19444291 
    19432879 
    19407841 
    19373270 
    19373125 
    19373102 
    19373100 
    19302076 
    19247386 
    19223786 
    19218992 
    19094166 
    19021595 
    20426167 
    20425976 
    20361643 
    20137444 
    20137443 
    20126480 
    20092591 
    20065921 
    20052085 
    20049666 
    20046685 
    20028260 
    20027397 
    20020234 
    20008715 
    20002997 
    19997405 
    19997159 
    19995197 
    19968081 
    19957681 
    19951581 
    19949031 
    19944481 
    19939796 
    19932805 
    19901209 
    19901169 
    19901168 
    19882584 
    19882573 
    19882571 
    19882496 
    19878221 
    19874144 
    19857108 
    19854740 
    19852577 
    19847602 
    19845226 
    19845222 
    19836104 
    19830640 
    19827259 
    19826390 
    19826389 
    19826388 
    19826383 
    19822847 
    19815731 
    19815278 
    19809319 
    19800694 
    19798117 
    19794944 
    19794943 
    19789595 
    19789592 
    19787620 
    19787599 
    19782799 
    19781685 
    19772272 
    19769869 
    19752422 
    19745671 
    19745667 
    19745665 
    19745664 
    19744726 
    19730784 
    19729097 
    19726937 
    19723130 
    19716077 
    19700875 
    19700874 
    19699533 
    19698151 
    19697840 
    19696698 
    19696668 
    19692363 
    19680057 
    19680056 
    19680055 
    19680054 
    19680052 
    19667222 
    19662420 
    19661230 
    19660831 
    19660814 
    19654746 
    19652981 
    19652978 
    19651313 
    19642354 
    19637506 
    19636050 
    19634744 
    19631122 
    19628499 
    19624349 
    19619727 
    19619726 
    19619721 
    19608531 
    19606163 
    19603297 
    19597108 
    19597104 
    19594559 
    19593198 
    19592107 
    19590252 
    19589493 
    19576062 
    19575959 
    19570768 
    19568991 
    19568355 
    19564583 
    19560205 
    19540988 
    19537244 
    19535359 
    19526469 
    19525884 
    19525729 
    19525728 
    19525727 
    19525726 
    19525724 
    19525243 
    19520456 
    19516018 
    19515329 
    19515327 
    19515313 
    19506588 
    19506190 
    19493858 
    19491986 
    19491959 
    19485289 
    19484440 
    19481812 
    19481730 
    19478545 
    19478532 
    19472535 
    19466686 
    19466326 
    19465453 
    19465415 
    19464061 
    19463551 
    19463542 
    19450956 
    19443726 
    19443710 
    19439327 
    19433707 
    19432293 
    19430278 
    19429591 
    19427696 
    19427621 
    19427618 
    19427616 
    19426355 
    19420335 
    19417700 
    19417237 
    19416934 
    19416933 
    19413224 
    19410945 
    19410944 
    19407026 
    19406377 
    19403517 
    19396796 
    19395087 
    19395086 
    19395037 
    19393511 
    19384782 
    19384758 
    19376593 
    19376590 
    19376587 
    19376584 
    19375690 
    19375062 
    19373267 
    19365019 
    19357556 
    19357354 
    19344827 
    19338607 
    19337477 
    19337475 
    19337473 
    19327749 
    19327738 
    19324839 
    19307541 
    19304586 
    19303605 
    19299907 
    19296047 
    19295384 
    19295383 
    19295382 
    19295378 
    19295375 
    19295373 
    19295369 
    19295366 
    19294583 
    19294405 
    19289982 
    19284100 
    19273788 
    19273787 
    19273785 
    19268891 
    19268366 
    19266465 
    19266464 
    19264884 
    19264223 
    19259256 
    19259257 
    19259248 
    19259246 
    19259243 
    19259241 
    19253238 
    19253236 
    19243829 
    19242717 
    19238899 
    19234342 
    19229272 
    19229266 
    19225357 
    19225350 
    19225344 
    19224900 
    19218991 
    19214930 
    19211599 
    19189118 
    19187824 
    19184305 
    19183412 
    19182259 
    19173132 
    19172474 
    19168223 
    19165517 
    19157939 
    19151389 
    19142141 
    19142137 
    19142136 
    19139338 
    19139337 
    19138311 
    19123149 
    19117937 
    19106149 
    19101420 
    19098324 
    19091882 
    19091413 
    19084274 
    19079145 
    19060290 
    19060289 
    19060011 
    19029038 
    19028739 
    19028735 
    19026403 
    19022691 
    19019921 
    19011607 
    19011017 
    19011007 
    19010552 
    18983619 
    18958489 
    18952923 
    18949003 
    18937800 
    18931386 
    18849629 
    18836168 
    18835474 
    18835473 
    18824734 
    18811640 
    18810480 
    18806767 
    18779985 
    18774548 
    18774545 
    18771481 
    18765430 
    18682969 
    18670455 
    18652580 
    18616557 
    18546001 
    18535613 
    18507724 
    18437180 
    18437178 
    18437176 
    18431587 
    18344951 
    18309332 
    18064058 
    17992198 
    17948039 
    17891058 
    19354173 
    19354157 
    19343644 
    19278475 
    19277241 
    19213494 
    19205399 
    19195165 
    19195162 
    19163756 
    19163151 
    19161111 
    19149127 
    19149124 
    19132954 
    19123672 
    19123650 
    19110966 
    19096240 
    19092460 
    19092459 
    19089565 
    19086927 
    19068377 
    19065744 
    19065416 
    19064849 
    19062557 
    19050473 
    19041474 
    19041473 
    19038620 
    19036999 
    19029159 
    19027427 
    19006744 
    19001216 
    18991038 
    18988162 
    18982033 
    18976421 
    18973066 
    18957908 
    18957907 
    18957906 
    18953893 
    18936635 
    18929126 
    18929106 
    18929105 
    18929102 
    18854736 
    18854729 
    18854727 
    18854725 
    18854690 
    18852413 
    18852412 
    18850573 
    18850552 
    18838887 
    18829858 
    18829632 
    18827735 
    18825673 
    18825432 
    18808761 
    18803125 
    18797664 
    18795054 
    18794684 
    18779708 
    18779502 
    18779485 
    18779426 
    18777881 
    18777877 
    18772671 
    18756791 
    18754826 
    18752515 
    18728621 
    18723743 
    18723109 
    18721719 
    18721703 
    18714501 
    18713546 
    18708012 
    18707672 
    18703942 
    18703941 
    18703554 
    18703551 
    18700934 
    18698302 
    18697385 
    18696347 
    18695095 
    18692244 
    18689707 
    18678546 
    18676630 
    18675697 
    18672602 
    18669079 
    18667957 
    18664937 
    18664501 
    18662917 
    18662914 
    18658089 
    18653608 
    18653603 
    18642205 
    18639220 
    18638498 
    18634278 
    18625859 
    18625858 
    18619571 
    18619094 
    18617543 
    18616616 
    18614811 
    18614810 
    18614573 
    18612230 
    18594350 
    18594346 
    18592440 
    18586904 
    18581792 
    18577640 
    18577639 
    18573837 
    18573835 
    18571957 
    18571616 
    18562853 
    18558551 
    18556958 
    18554571 
    18552617 
    18552613 
    18552611 
    18545554 
    18541844 
    18541838 
    18539947 
    18539940 
    18533125 
    18524193 
    18523087 
    18523086 
    18523076 
    18521768 
    18521767 
    18521027 
    18521014 
    18521013 
    18517006 
    18516780 
    18516417 
    18515594 
    18515595 
    18514318 
    18508420 
    18501270 
    18497525 
    18486215 
    18469180 
    18465726 
    18463522 
    18461333 
    18455144 
    18454382 
    18451730 
    18443609 
    18441171 
    18439564 
    18436853 
    18436823 
    18436809 
    18435336 
    18425524 
    18424482 
    18421083 
    18420749 
    18419106 
    18414106 
    18414102 
    18414101 
    18414099 
    18413545 
    18413514 
    18408843 
    18408490 
    18399805 
    18398361 
    18389274 
    18386040 
    18386035 
    18385049 
    18378581 
    18378580 
    18366650 
    18351532 
    18350300 
    18345970 
    18344758 
    18344757 
    18344755 
    18342941 
    18342275 
    18336789 
    18332333 
    18329627 
    18328996 
    18328456 
    18327140 
    18327136 
    18326717 
    18326716 
    18323701 
    18323700 
    18316697 
    18315371 
    18305953 
    18303381 
    18303380 
    18303379 
    18301288 
    18301287 
    18301286 
    18301284 
    18301040 
    18295183 
    18294689 
    18293267 
    18292618 
    18281614 
    18269148 
    18268207 
    18263812 
    18241832 
    18235015 
    18230917 
    18227200 
    18219340 
    18216676 
    18213426 
    18207246 
    18203082 
    18201763 
    18201332 
    18201136 
    18196258 
    18195219 
    18189152 
    18187197 
    18185142 
    18185139 
    18180647 
    18162063 
    18156381 
    18097175 
    18096233 
    18082888 
    18081900 
    18078851 
    18061269 
    18056739 
    18054962 
    18045569 
    17986295 
    17981334 
    17965109 
    17965103 
    17962989 
    17953988 
    17934750 
    17916377 
    17912531 
    17870171 
    17870170 
    17719642 
    17711541 
    17706287 
    17701380 
    17627289 
    17589809 
    17584995 
    17525770 
    17435693 
    17401328 
    17401319 
    17304263 
    17259920 
    16902493 
    16888640 
    19425484 
    19425478 
    18666743 
    18379619 
    18268452 
    18268451 
    18225521 
    18201525 
    18173421 
    18157302 
    18157299 
    18091454 
    18091453 
    18091451 
    18091450 
    18091185 
    18062164 
    18055836 
    18055834 
    18055831 
    18055792 
    18054657 
    18054648 
    18054640 
    18054638 
    18049358 
    18049278 
    18046236 
    18046233 
    18040015 
    18034396 
    18025651 
    18003576 
    18001246 
    17997773 
    17980755 
    17979039 
    17962442 
    17957244 
    17956359 
    17955844 
    17952819 
    17951903 
    17947263 
    17938652 
    17938370 
    17938366 
    17936715 
    17932860 
    17923542 
    17920318 
    17916320 
    17915586 
    17915584 
    17915583 
    17898300 
    17895816 
    17889587 
    17873718 
    17873716 
    17873715 
    17873714 
    17868631 
    17867804 
    17867794 
    17867793 
    17802762 
    17785676 
    17765432 
    17763130 
    17760631 
    17728551 
    17725285 
    17725279 
    17724195 
    17724191 
    17724190 
    17720079 
    17719640 
    17707327 
    17700289 
    17700055 
    17697185 
    17697178 
    17693382 
    17682603 
    17673257 
    17672092 
    17662455 
    17662437 
    17662407 
    17662003 
    17659967 
    17652739 
    17652737 
    17652736 
    17651245 
    17647116 
    17647115 
    17646747 
    17632313 
    17620577 
    17620568 
    17619895 
    17605278 
    17596753 
    17595477 
    17593013 
    17591887 
    17591885 
    17591884 
    17591883 
    17576706 
    17571000 
    17570996 
    17562997 
    17562986 
    17562343 
    17561260 
    17556429 
    17554482 
    17543991 
    17543388 
    17542978 
    17540324 
    17534827 
    17534817 
    17525196 
    17525195 
    17525182 
    17516367 
    17515884 
    17508039 
    17504852 
    17502818 
    17488453 
    17487546 
    17475703 
    17473732 
    17473729 
    17473726 
    17473725 
    17470751 
    17467529 
    17466858 
    17466378 
    17460586 
    17460292 
    17460267 
    17459481 
    17456935 
    17453151 
    17452188 
    17452186 
    17452178 
    17452177 
    17452175 
    17445899 
    17444042 
    17443424 
    17440282 
    17438424 
    17438421 
    17438419 
    17435532 
    17434589 
    17430510 
    17429489 
    17429479 
    17426923 
    17419322 
    17417153 
    17417146 
    17415696 
    17415695 
    17406885 
    17396692 
    17389497 
    17389496 
    17389494 
    17386273 
    17379176 
    17368554 
    17367862 
    17364750 
    17364748 
    17361246 
    17355059 
    17343690 
    17338322 
    17325161 
    17325159 
    17324210 
    17317402 
    17317392 
    17306755 
    17301118 
    17290200 
    17290196 
    17290193 
    17289147 
    17287669 
    17270682 
    17270671 
    17260092 
    17258545 
    17251483 
    17251472 
    17239441 
    17226025 
    17224764 
    17224760 
    17224748 
    17224743 
    17224742 
    17220776 
    17219123 
    17215267 
    17215265 
    17210181 
    17198866 
    17197557 
    17197541 
    17197539 
    17197536 
    17197535 
    17197523 
    17189901 
    17188073 
    17188065 
    17186262 
    17158086 
    17157800 
    17157797 
    17141321 
    17123609 
    17119997 
    17113557 
    17111151 
    17111146 
    17109155 
    17070597 
    17070583 
    17070581 
    17050585 
    17050576 
    17035283 
    17020897 
    17006680 
    16987902 
    16973659 
    16973656 
    16896917 
    16896915 
    16888642 
    16751756 
    16710437 
    16691256 
    16680099 
    16601747 
    16485014 
    16311523 
    16254590 
    17946646 
    17726221 
    17726220 
    17471341 
    17354964 
    17354945 
    17302208 
    17302206 
    17302204 
    17273686 
    17273682 
    17273674 
    17265794 
    17265793 
    17265792 
    17228757 
    17214394 
    17206015 
    17204925 
    17199196 
    17199163 
    17187129 
    17187125 
    17162903 
    17159056 
    17159031 
    17157609 
    17151486 
    17151485 
    17122123 
    17122120 
    17122117 
    17122099 
    17119726 
    17114116 
    17106371 
    17106370 
    17102005 
    17102003 
    17095880 
    17083540 
    17081864 
    17076978 
    17073893 
    17071534 
    17065515 
    17065505 
    17065494 
    17065483 
    17063425 
    17061221 
    17060113 
    17058064 
    17056372 
    17056370 
    17046703 
    17031290 
    17031288 
    17030731 
    17027854 
    17017195 
    17016786 
    17011888 
    17011887 
    17011848 
    17004633 
    17004629 
    17003434 
    17000445 
    16996609 
    16996600 
    16987732 
    16978576 
    16965496 
    16965492 
    16963850 
    16954705 
    16949459 
    16949444 
    16949443 
    16936953 
    16936103 
    16936099 
    16935605 
    16935594 
    16935580 
    16935579 
    16935338 
    16929072 
    16927785 
    16927780 
    16927774 
    16927220 
    16914471 
    16909257 
    16908811 
    16899526 
    16885189 
    16877405 
    16877392 
    16876504 
    16872333 
    16870651 
    16865189 
    16865012 
    16865011 
    16865006 
    16865003 
    16865002 
    16863966 
    16863965 
    16840878 
    16840877 
    16840868 
    16828501 
    16815255 
    16815251 
    16815249 
    16809380 
    16804820 
    16804771 
    16804262 
    16799032 
    16799030 
    16798476 
    16797709 
    16788824 
    16785759 
    16778649 
    16778645 
    16778638 
    16774960 
    16773937 
    16770263 
    16768187 
    16767964 
    16767187 
    16765803 
    16765799 
    16764323 
    16758763 
    16758760 
    16751039 
    16749269 
    16749258 
    16749257 
    16738858 
    16723465 
    16723439 
    16718705 
    16716639 
    16714266 
    16714232 
    16707525 
    16704701 
    16703543 
    16700306 
    16699679 
    16689260 
    16689257 
    16688644 
    16682591 
    16682584 
    16678526 
    16673136 
    16671916 
    16650680 
    16650674 
    16650673 
    16650672 
    16650137 
    16643749 
    16643748 
    16639670 
    16639669 
    16639009 
    16637839 
    16633234 
    16633229 
    16633223 
    16631055 
    16628417 
    16626426 
    16614577 
    16603960 
    16603955 
    16603470 
    16600082 
    16598977 
    16581426 
    16572356 
    16562505 
    16562503 
    16562502 
    16552653 
    16552530 
    16552250 
    16552246 
    16550671 
    16547323 
    16546106 
    16531664 
    16527674 
    16527226 
    16518161 
    16508427 
    16505035 
    16505030 
    16505024 
    16502011 
    16496256 
    16491643 
    16491642 
    16490491 
    16483660 
    16481378 
    16476885 
    16465127 
    16458676 
    16458094 
    16450257 
    16446103 
    16436917 
    16431940 
    16424531 
    16424530 
    16424510 
    16424509 
    16406539 
    16400475 
    16399709 
    16390477 
    16386989 
    16386983 
    16386973 
    16384949 
    16378019 
    16292656 
    16220279 
    16192746 
    16179933 
    16175374 
    16136322 
    16133021 
    16075220 
    16052259 
    16047151 
    16044326 
    16023095 
    16021190 
    16021182 
    15999126 
    15999123 
    15983778 
    15723039 
    17279310 
    17139528 
    16783483 
    16607450 
    16491818 
    16416995 
    16386089 
    16365794 
    16365792 
    16356312 
    16355954 
    16344444 
    16333183 
    16325716 
    16325710 
    16318177 
    16309554 
    16303974 
    16303968 
    16303099 
    16290196 
    16286799 
    16286618 
    16286617 
    16283988 
    16281735 
    16276271 
    16274062 
    16271326 
    16264344 
    16249497 
    16249493 
    16249492 
    16249489 
    16245747 
    16238039 
    16238038 
    16234447 
    16234446 
    16226521 
    16223048 
    16219355 
    16212292 
    16209463 
    16209281 
    16209280 
    16208236 
    16208235 
    16205566 
    16205563 
    16205562 
    16188000 
    16187999 
    16186372 
    16186367 
    16186352 
    16185765 
    16181273 
    16167293 
    16167285 
    16164092 
    16157798 
    16157385 
    16156150 
    16148585 
    16148583 
    16148582 
    16140383 
    16139006 
    16137964 
    16136741 
    16123556 
    16123421 
    16121551 
    16118744 
    16116514 
    16113368 
    16101946 
    16087837 
    16086949 
    16075460 
    16061095 
    16054995 
    16053201 
    16052805 
    16049531 
    16043858 
    16043856 
    16038674 
    16036475 
    16024861 
    16024854 
    16024082 
    16019075 
    16003900 
    16001383 
    16001380 
    16001373 
    15991680 
    15990608 
    15990606 
    15980233 
    15977893 
    15976467 
    15975476 
    15975475 
    15953430 
    15953425 
    15948785 
    15945005 
    15945004 
    15934331 
    15933597 
    15932529 
    15932351 
    15931541 
    15929489 
    15929486 
    15923503 
    15914617 
    15910111 
    15906068 
    15905940 
    15885786 
    15871023 
    15871020 
    15870603 
    15870602 
    15860294 
    15860292 
    15852163 
    15851951 
    15851566 
    15840340 
    15834602 
    15834084 
    15828869 
    15824803 
    15824218 
    15812768 
    15812767 
    15808158 
    15805924 
    15805899 
    15804741 
    15802931 
    15790898 
    15790891 
    15785992 
    15774930 
    15767869 
    15767062 
    15767051 
    15756574 
    15751245 
    15751244 
    15745764 
    15741813 
    15733991 
    15728571 
    15728555 
    15728545 
    15722307 
    15715572 
    15715561 
    15715560 
    15715557 
    15715556 
    15711944 
    15710813 
    15691560 
    15691559 
    15691551 
    15689285 
    15682841 
    15652827 
    15652826 
    15650599 
    15629832 
    15629831 
    15629826 
    15629813 
    15629812 
    15615741 
    15586288 
    15565293 
    15389275 
    15359258 
    15351898 
    15332101 
    15332099 
    15286678 
    15184960 
    15184959 
    16200859 
    15745408 
    15696765 
    15693322 
    15687917 
    15658006 
    15656361 
    15646498 
    15638105 
    15638102 
    15636230 
    15636229 
    15635821 
    15634479 
    15627929 
    15609515 
    15606474 
    15599806 
    15598051 
    15590530 
    15582087 
    15582074 
    15579983 
    15575825 
    15568942 
    15557860 
    15548815 
    15534606 
    15534595 
    15534473 
    15515315 
    15515314 
    15510524 
    15510515 
    15510505 
    15510500 
    15510499 
    15510479 
    15510461 
    15510458 
    15499518 
    15491482 
    15488786 
    15484712 
    15465548 
    15465547 
    15460882 
    15459843 
    15453849 
    15377555 
    15364706 
    15364223 
    15361942 
    15342223 
    15341103 
    15334015 
    15326133 
    15326123 
    15319758 
    15319757 
    15317704 
    15317702 
    15314597 
    15309977 
    15307987 
    15305555 
    15302652 
    15291935 
    15291934 
    15289130 
    15288974 
    15277483 
    15258023 
    15255230 
    15249363 
    15234307 
    15234306 
    15234280 
    15226657 
    15223805 
    15223803 
    15223799 
    15221673 
    15218780 
    15206601 
    15205233 
    15199887 
    15197057 
    15188602 
    15183817 
    15181362 
    15180837 
    15180833 
    15180140 
    15179065 
    15175923 
    15162276 
    15161846 
    15161831 
    15148737 
    15148208 
    15136864 
    15136317 
    15134106 
    15128920 
    15126142 
    15121370 
    15118959 
    15118952 
    15118471 
    15118470 
    15102515 
    15102512 
    15097769 
    15097260 
    15097259 
    15090433 
    15087729 
    15069565 
    15068429 
    15059743 
    15059730 
    15059722 
    15059697 
    15029500 
    15028481 
    15019373 
    15019365 
    15017776 
    15006846 
    15004502 
    14999418 
    14991315 
    14988782 
    14985299 
    14971754 
    14968365 
    14964569 
    14964039 
    14962410 
    14962409 
    14769596 
    14762409 
    14762405 
    14752698 
    14747950 
    14746583 
    14736775 
    14718290 
    14715063 
    14715060 
    14707957 
    14704541 
    14704540 
    14704537 
    14700659 
    14717492 
    14709290 
    14649743 
    14646823 
    14644716 
    14644211 
    14642167 
    14641270 
    14636842 
    14620759 
    14620174 
    14598711 
    14598485 
    14597528 
    14597527 
    14597041 
    14577038 
    14566625 
    14566623 
    14564530 
    14561554 
    14557173 
    14520153 
    14514087 
    14510794 
    14507758 
    13677295 
    12967797 
    12967795 
    12963606 
    12953157 
    12953156 
    12950891 
    12939329 
    12928283 
    12928281 
    12920554 
    12917182 
    12917165 
    12917164 
    12917163 
    12913325 
    12913318 
    12910196 
    12897579 
    12882785 
    12882783 
    12879724 
    12875468 
    12872795 
    12870107 
    12860798 
    12859794 
    12854055 
    12842201 
    12838462 
    12834666 
    12830396 
    12828624 
    12824246 
    12819980 
    12812895 
    12808406 
    12799239 
    12796260 
    12792133 
    12789579 
    12788124 
    12782845 
    12782844 
    12780403 
    12766063 
    12753479 
    12750089 
    12748808 
    12747648 
    12738557 
    12738551 
    12736623 
    12719100 
    12714631 
    12714391 
    12701859 
    12699583 
    12695245 
    12689893 
    12671467 
    12671461 
    12665235 
    12657609 
    12654370 
    12654369 
    12654368 
    12644938 
    12642302 
    12637717 
    12635673 
    12608402 
    12605258 
    12586174 
    12583790 
    12583788 
    12583784 
    12571769 
    12570002 
    12567111 
    12567105 
    12566867 
    12566019 
    12557022 
    12557021 
    12557020 
    12551663 
    12545292 
    12544677 
    12543748 
    12543739 
    12523883 
    12511365 
    12511364 
    12504691 
    12488259 
    15339130 
    12744567 
    12654219 
    12608303 
    12608301 
    12585706 
    12585705 
    12582421 
    12566883 
    12564317 
    12545692 
    12545686 
    12533843 
    12510716 
    12498846 
    12498845 
    12483090 
    12476683 
    12474924 
    12474442 
    12470770 
    12470755 
    12439673 
    12427231 
    12407155 
    12390136 
    12390134 
    12390132 
    12390130 
    12390128 
    12390129 
    12376853 
    12376852 
    12371330 
    12362076 
    12227273 
    12192453 
    12185619 
    12174453 
    12174452 
    12169969 
    12162521 
    12153812 
    12140391 
    12140214 
    12117751 
    12107511 
    12096960 
    12095804 
    12093663 
    12091420 
    12084737 
    12065852 
    12065850 
    12046308 
    12045046 
    12043288 
    12034683 
    11992857 
    11980862 
    11966304 
    11955909 
    11952485 
    11942543 
    11942542 
    11934321 
    11906304 
    11880718 
    11874749 
    11864884 
    11853721 
    11823162 
    11818381 
    11815347 
    11812421 
    11801507 
    11778725 
    11773024 
    15332740 
    14531628 
    11998884 
    11944868 
    11944863 
    11944862 
    11944859 
    11944851 
    11944850 
    11944849 
    11944847 
    11944846 
    11944844 
    11944843 
    11840745 
    11804206 
    11783710 
    11780419 
    11758986 
    11758347 
    11756852 
    11756851 
    11731900 
    11731895 
    11730647 
    11711835 
    11704022 
    11688667 
    11675580 
    11598306 
    11595144 
    11594950 
    11594947 
    11594226 
    11594222 
    11592531 
    11589872 
    11589871 
    11589870 
    11589868 
    11581054 
    11567958 
    11558807 
    11552413 
    11535460 
    11488182 
    11484141 
    11483086 
    11481263 
    11476677 
    11469213 
    11466255 
    11456014 
    11453863 
    11453862 
    11450721 
    11449688 
    11448320 
    11442189 
    11442178 
    11442177 
    11442176 
    11438054 
    11405832 
    11396391 
    11392265 
    11384566 
    11382630 
    11381051 
    11377454 
    11377453 
    11372541 
    11372540 
    11371486 
    11320021 
    11320020 
    11317998 
    11316722 
    11316103 
    11304814 
    11284761 
    11265433 
    11261348 
    11244337 
    11239888 
    11228294 
    11224721 
    11224715 
    11222335 
    11222334 
    11220270 
    11217485 
    11157891 
    11150281 
    11133713 
    17585435 
    12579640 
    11853640 
    11853630 
    11530374 
    11235521 
    11196359 
    11196356 
    11193944 
    11190730 
    11148817 
    11146824 
    11142745 
    11131750 
    11115259 
    11097610 
    11097609 
    11097608 
    11084453 
    11057872 
    11054341 
    11049946 
    11045342 
    11039738 
    11039737 
    11039735 
    11031877 
    11031814 
    11027003 
    11027002 
    11026973 
    11022661 
    11021124 
    11020405 
    11011687 
    11006219 
    10981779 
    10969517 
    10967051 
    10966956 
    10966952 
    10958600 
    10950410 
    10943670 
    10939312 
    10926978 
    10922196 
    10916386 
    10906090 
    10901469 
    10901468 
    10893456 
    10892864 
    10892280 
    10889104 
    10887925 
    10877377 
    10853303 
    10845593 
    10844050 
    10844049 
    10832813 
    10806441 
    10794244 
    10785997 
    10782625 
    10781510 
    10766147 
    10764853 
    10752336 
    10743923 
    10726780 
    10711878 
    10708233 
    10708229 
    10708228 
    10708028 
    10698024 
    10684835 
    10682963 
    10653416 
    10636411 
    10636409 
    10790583 
    10709578 
    10637796 
    10604294 
    10582011 
    10580665 
    10580664 
    10580661 
    10577527 
    10565515 
    10551291 
    10548115 
    10548113 
    10537777 
    10532451 
    10532437 
    10529926 
    10528284 
    10519603 
    10485546 
    10477223 
    10476800 
    10464731 
    10464730 
    10448742 
    10443128 
    10442909 
    10440253 
    10435420 
    10427540 
    10420373 
    10420371 
    10420104 
    10416767 
    10406631 
    10393056 
    10376254 
    10372886 
    10372877 
    10366084 
    10365047 
    10365037 
    10365036 
    10365035 
    10363514 
    10340972 
    10328407 
    10328406 
    10328404 
    10230606 
    10230605 
    10209726 
    10209725 
    10209724 
    10090579 
    10080216 
    10036924 
    10025513 
    9923502 
    12580047 
    12579738 
    10756859 
    10472771 
    10180519 
    10180518 
    9932364 
    9930265 
    9924337 
    9924325 
    9924295 
    9893589 
    9878670 
    9871866 
    9869785 
    9859999 
    9850265 
    9828771 
    9828770 
    9818608 
    9804140 
    9797665 
    9793913 
    9787363 
    9786559 
    9782423 
    9754021 
    9747686 
    9746438 
    9720393 
    9713786 
    9709774 
    9686854 
    9677548 
    9672907 
    9656688 
    9640181 
    9625542 
    9621822 
    9619026 
    9617538 
    9614518 
    9604104 
    9602622 
    9602621 
    9602317 
    9593392 
    9591951 
    9590592 
    9577804 
    9577151 
    9576544 
    9561827 
    9559729 
    9559728 
    9559499 
    9493109 
    9493107 
    9486547 
    9479303 
    9443680 
    9442781 
    15328645 
    10451955 
    10168361 
    10168355 
    9685782 
    9527586 
    9527322 
    9510648 
    9497462 
    9486029 
    9486023 
    9479820 
    9469546 
    9456563 
    9410238 
    9407365 
    9407364 
    9407363 
    9402827 
    9391995 
    9380349 
    9379658 
    9375562 
    9363342 
    9312311 
    9296296 
    9296290 
    9283149 
    9283148 
    9273037 
    9264301 
    9262539 
    9227198 
    9227197 
    9227194 
    9186098 
    9152072 
    9152071 
    9145411 
    9098814 
    9082287 
    9076204 
    9043817 
    10163330 
    10163319 
    9479511 
    9130061 
    9044977 
    9026566 
    9004874 
    9004873 
    8964527 
    8963150 
    8942887 
    8909209 
    8897055 
    8894775 
    8888877 
    8888844 
    8878206 
    8862049 
    8796165 
    8795768 
    8795763 
    8755198 
    8746253 
    8740251 
    8694090 
    8648982 
    8648980 
    8643244 
    8643241 
    8610792 
    8610791 
    8601806 
    8573018 
    10150863 
    9121759 
    8970866 
    8587305 
    8566824 
    8563439 
    8562550 
    8543208 
    8540546 
    8537028 
    8533639 
    8531038 
    7887846 
    7795606 
    7766590 
    7748128 
    7733188 
    7709966 
    7706027 
    7661755 
    7635081 
    7616731 
    7558707 
    7549340 
    7496566 
    7488579 
    8273656 
    8196519 
    8060949 
    8022152 
    8022151 
    8008345 
    7960519 
    7926871 
    7866259 
    7850146 
    7816413 
    7812086 
    7803352 
    7636120 
    10148459 
    10148455 
    8489444 
    8486301 
    8433828 
    8431155 
    8414416 
    8410426 
    8342017 
    8334828 
    8309654 
    8306711 
    8265162 
    8124040 
    8124023 
    7679270 
    1584613 
    1512668 
    1496737 
    1456914 
    1432502 
    1405393 
    1390528 
    1303703 
    10149293 
    2023733 
    1921226 
    1811744 
    2402404 
    2396410 
    2249573 
    2244284 
    2213894 
    2188040 
    2111826 
    2093408 
    2093404 
    2796257 
    2760698 
    2749517 
    2743461 
    2737430 
    2733064 
    2730402 
    2730399 
    2700992 
    2661375 
    2649902 
    2622120 
    2610150 
    2589055 
    2576536 
    2556923 
    2529594 
    2527390 
    2499071 
    3222838 
    3186197 
    3672632 
    3629799 
    3577710 
    3564237 
    3454594 
    3113863 
    3113861 
    3113862 
    3113540 
    3949194 
    3777125 
    3761738 
    3740174 
    3732069 
    3703450 
    3571840 
    3506847 
    4088615 
    4086732 
    4022570 
    3991383 
    3926425 
    3906972 
    6701779 
    6542894 
    6539123 
    6532786 
    6514296 
    6512150 
    6491126 
    6489766 
    6483353 
    6483340 
    6471607 
    6205420 
    6887743 
    6880211 
    6677663 
    6676979 
    6671770 
    6670063 
    6660153 
    6622013 
    6578425 
    6554299 
    6422576 
    6390155 
    6203209 
    7177520 
    7177519 
    7138329 
    7138328 
    7125455 
    7124006 
    7121963 
    7112858 
    7059560 
    7056627 
    6812762 
    6222415 
    7343459 
    7324881 
    7324326 
    7305693 
    7289737 
    7234939 
    7234927 
    7015207 
    6169328 
    7420996 
    7417108 
    7402572 
    7387780 
    7257964 
    7229270 
    7225686 
    7192609 
    6998915 
    556131 
    527189 
    419972 
    311455 
    258807 
    155106 
    87385 
    704021 
    677235 
    655929 
    416644 
    96681 
    908826 
    893936 
    893934 
    880079 
    877328 
    860947 
    857077 
    844956 
    611447 
    577202 
    566641 
    564096 
    563174 
    338324 
    301716 
    70648 
    1268175 
    1267925 
    1083681 
    1053095 
    1033672 
    984637 
    945728 
    938291 
    937944 
    936394 
    936392 
    827319 
    129450 
    61761 
    1224465 
    1208037 
    1192265 
    1155568 
    1155563 
    1153175 
    1142695 
    1140079 
    1137288 
    1134702 
    1131080 
    1127998 
    1121995 
    1116701 
    1110137 
    1110136 
    1096626 
    1064227 
    1053383 
    53435 
    49633 
    4843885 
    4840541 
    4840540 
    4832173 
    4825061 
    4825060 
    4825043 
    4820241 
    4813645 
    4612810 
    4590616 
    4480334 
    4451651 
    4451527 
    4439931 
    4427898 
    4410922 
    4409643 
    4376416 
    4375487 
    4792005 
    4788904 
    4752920 
    4748546 
    4748186 
    4743857 
    4730725 
    4729781 
    4729711 
    4707212 
    4705526 
    4705499 
    4705496 
    4697196 
    4691317 
    4690020 
    4541037 
    4526444 
    4519235 
    4346569 
    4268521 
    4200954 
    4130090 
    5075128 
    5068239 
    5067783 
    5056563 
    5053694 
    5038717 
    5036449 
    5035902 
    5032757 
    5028093 
    5009105 
    4679697 
    4678544 
    4678263 
    4667903 
    4659477 
    4653856 
    4647790 
    4647791 
    4629760 
    4606275 
    4577656 
    4538832 
    4537509 
    4515511 
    4402859 
    4339112 
    4267470 
    4213273 
    4116457 
    4115453 
    5570982 
    5564706 
    5545722 
    5163802 
    5163778 
    5135041 
    5135034 
    5120325 
    5092079 
    5092078 
    4933919 
    4933327 
    4925757 
    4335893 
    4334005 
    4327351 
    5536756 
    5536755 
    5535771 
    5520894 
    5520779 
    5478357 
    5477161 
    5462602 
    5418857 
    5418856 
    5283422 
    5273345 
    5270399 
    4932910 
    4928996 
    4928993 
    4912753 
    4904602 
    4401591 
    5807666 
    5795739 
    5783753 
    5395062 
    5394843 
    5389632 
    5384021 
    5367844 
    5357349 
    5357347 
    5307563 
    5272251 
    5753291 
    5743992 
    5731763 
    5729588 
    5726373 
    5714753 
    5708191 
    5695401 
    5693969 
    5676361 
    5663368 
    5660013 
    5659901 
    5641563 
    5641484 
    5302382 
    4975190 
    4898303 
    4894175 
    4231436 
    4231432 
    4177355 
    6072265 
    6049143 
    6024429 
    6022591 
    5633946 
    5622646 
    5612716 
    5612714 
    5604450 
    5602607 
    5599924 
    5229780 
    6012937 
    5975943 
    5966437 
    5954409 
    5953235 
    5944748 
    5944734 
    5929130 
    5911691 
    5903801 
    5222703 
    14310075 
    14292889 
    14279702 
    14270383 
    14259947 
    14233324 
    5872011 
    5846362 
    5294510 
    14269898 
    14248129 
    14233720 
    14192574 
    14183468 
    14181211 
    14177827 
    14169055 
    14158032 
    14156443 
    14156337 
    14148950 
    14139296 
    14134417 
    14134414 
    14133877 
    14133399 
    14119503 
    5227434 
    14272205 
    14142357 
    14122181 
    14122169 
    14100512 
    14088667 
    14081347 
    14061389 
    14046586 
    13992769 
    14021282 
    13905883 
    13873873 
    13875346 
    13755049 
    13735778 
    14445374 
    14400765 
    13662343 
    13662101 
    13304181 
    13293493 
    13260162 
    13258471 
    12996615 
