Topic: CD007394 

Title: Galactomannan detection for invasive aspergillosis in immunocompromised patients 

Query: 
“Aspergillus"[MeSH]
"Aspergillosis"[MeSH]
"Pulmonary Aspergillosis"[MeSH]
aspergill*[tiab]
fungal infection[tw]
(invasive[tiab] AND fungal[tiab])
#1 OR #2 OR #3 OR #4 OR #5 OR 6
"Serology"[MeSH]
Serology"[MeSH]
(serology[tiab] OR serodiagnosis[tiab] OR serologic[tiab])
#8 OR #9 OR #10
"Immunoassay"[MeSH]
(immunoassay[tiab] OR immunoassays[tiab])
(immuno assay[tiab] OR immuno assays[tiab])
(ELISA[tiab] OR ELISAs[tiab] OR EIA[tiab] OR EIAs[tiab])
immunosorbent[tiab]
#12 OR #13 OR #14 OR #15 OR #16
Platelia[tw]
"Mannans"[MeSH]
galactomannan[tw]
#18 OR #19 OR #20
#11 OR #17 OR #21
#7 AND #22 

Pids: 
    24514094 
    24505528 
    24495193 
    24493565 
    24489964 
    24471296 
    24462563 
    24454924 
    24439251 
    24431907 
    24418881 
    24392156 
    24384419 
    24376868 
    24372664 
    24360996 
    24309908 
    24306184 
    24305637 
    24304188 
    24299758 
    24299522 
    24299422 
    24292133 
    24291176 
    24283975 
    24280094 
    24280091 
    24278780 
    24257745 
    24248318 
    24236239 
    24230474 
    24229059 
    24218286 
    24198097 
    24164706 
    24155142 
    24163416 
    24157898 
    24152161 
    24150958 
    24138328 
    24137222 
    24128348 
    24127697 
    24124328 
    24121553 
    24118544 
    24111801 
    24069658 
    24055548 
    24050675 
    24049291 
    24046297 
    24046295 
    24037906 
    24023936 
    24021641 
    24011331 
    24010950 
    23971211 
    23948964 
    23946173 
    23943403 
    23933765 
    23931836 
    23928558 
    23923361 
    23918575 
    23911656 
    23899746 
    23897301 
    23886693 
    23884844 
    23884469 
    23870253 
    23863643 
    23853434 
    23852902 
    23850953 
    23844980 
    23827645 
    23827105 
    23817660 
    23815153 
    23813092 
    23810257 
    23805875 
    23799871 
    23799048 
    23797658 
    23785683 
    23778597 
    23774978 
    23772450 
    23760074 
    23759343 
    23759303 
    23749104 
    23740016 
    23729666 
    23726262 
    23725337 
    23719654 
    23716655 
    23716483 
    23716054 
    23708751 
    23700559 
    23692800 
    23687575 
    23674292 
    23664649 
    23661288 
    23644832 
    23644098 
    23639613 
    23639612 
    23636252 
    23621588 
    23633661 
    23632100 
    23625788 
    23621736 
    23614624 
    23606122 
    23598209 
    23598187 
    23598147 
    23557364 
    23529249 
    23527739 
    23518185 
    23513028 
    23508427 
    23499525 
    23496321 
    23494403 
    23486712 
    23478377 
    23463213 
    23463185 
    23451071 
    23448824 
    23439763 
    23432536 
    23426930 
    23420637 
    23409527 
    23391935 
    23389933 
    23382985 
    23375860 
    23369047 
    23363828 
    23360173 
    23331929 
    23325065 
    23313100 
    23311627 
    23295929 
    23295918 
    23290971 
    23279327 
    23278540 
    23242851 
    23241189 
    23231708 
    23226822 
    23221842 
    23216596 
    23209763 
    23200547 
    23188584 
    23178421 
    23177817 
    23175252 
    23158487 
    23154617 
    23140447 
    23139423 
    23114153 
    23111539 
    23095151 
    23084969 
    23078908 
    23068152 
    23063954 
    23063795 
    23053563 
    23042761 
    23031342 
    23026204 
    23016564 
    23006752 
    22999208 
    22994572 
    22983699 
    22964947 
    22956475 
    22952268 
    22949309 
    22944679 
    22942923 
    22937496 
    22931723 
    22918893 
    22905261 
    22904183 
    22903978 
    22903167 
    22900046 
    22884651 
    22869563 
    22863901 
    22855762 
    22851524 
    22837317 
    22835335 
    22834482 
    22826981 
    22825124 
    22824534 
    22824184 
    22823937 
    22808087 
    22783116 
    22782438 
    22752366 
    22740590 
    22732810 
    22731696 
    22723171 
    22697032 
    22696051 
    22669560 
    22650156 
    22645440 
    22640845 
    22634880 
    22631066 
    22615280 
    22610929 
    22608703 
    22608571 
    22606375 
    22605848 
    22589326 
    22587733 
    22579768 
    22571643 
    22568603 
    22566119 
    22563023 
    22553747 
    22553232 
    22545542 
    22519626 
    22524639 
    22523906 
    22519720 
    22509389 
    22505446 
    22499998 
    22487375 
    22473419 
    22455941 
    22455645 
    22452622 
    22445696 
    22432007 
    22428072 
    22423136 
    22417376 
    22409871 
    22387450 
    22385270 
    22384201 
    22382738 
    22371150 
    22366166 
    22365181 
    22362957 
    22362884 
    22344519 
    22341751 
    22338180 
    22327070 
    22319619 
    22312285 
    22305135 
    22301025 
    22298527 
    22280997 
    22258646 
    22251604 
    22246861 
    22240402 
    22239342 
    22227384 
    22225939 
    22223932 
    22196205 
    24371756 
    24312781 
    23569520 
    22206948 
    22205818 
    22205661 
    22202471 
    22189110 
    22188592 
    22170932 
    22170907 
    22170901 
    22169093 
    22163961 
    22160911 
    22160315 
    22154334 
    22153703 
    22142041 
    22139415 
    22135885 
    22118804 
    22114731 
    22106867 
    22106285 
    22103346 
    22093368 
    22092749 
    22082890 
    22081286 
    22080203 
    22072934 
    22069725 
    22064546 
    22056792 
    22049217 
    22045955 
    22040924 
    22040530 
    22036518 
    22033289 
    22012015 
    22005062 
    21976757 
    21971701 
    21956704 
    21948189 
    21948145 
    21939544 
    21939346 
    21931981 
    21927034 
    21912300 
    21905944 
    21899968 
    21892786 
    21888978 
    21880896 
    21867993 
    21860713 
    21854805 
    21846834 
    21844759 
    21840384 
    21826199 
    21824751 
    21817883 
    21811868 
    23556092 
    21781209 
    21767711 
    21763696 
    21750627 
    21749250 
    21745765 
    21741477 
    21734068 
    21733049 
    21729194 
    21708265 
    21707364 
    21700234 
    21698483 
    21695388 
    21685325 
    21681738 
    21672046 
    21670524 
    21668573 
    21666457 
    21658879 
    21642594 
    21640974 
    21637862 
    21632114 
    21627739 
    21623937 
    21623884 
    21619496 
    21611646 
    21605195 
    21601522 
    21592044 
    21572462 
    21554421 
    21535846 
    21535474 
    21527474 
    21518521 
    21518025 
    21507918 
    21504422 
    21493263 
    21492228 
    21482335 
    21455060 
    21450965 
    21449768 
    21441461 
    21436369 
    21429401 
    21427387 
    21417868 
    21397541 
    21388550 
    21381282 
    21357943 
    21356003 
    21331589 
    21325485 
    21320573 
    21316941 
    21311331 
    21310913 
    21299637 
    21295723 
    21281234 
    21277307 
    21254964 
    21252677 
    21227993 
    21219976 
    21191800 
    21191054 
    21179536 
    21176508 
    21176021 
    21149624 
    21139716 
    21129984 
    21129281 
    21124817 
    21117988 
    21115792 
    21111187 
    21108575 
    21108574 
    21107627 
    21102391 
    21099401 
    21092632 
    21092562 
    21092457 
    21070286 
    21087680 
    21069999 
    21063994 
    21056109 
    21046712 
    21042306 
    21038326 
    21034201 
    21034199 
    21033476 
    20974273 
    20971208 
    20970530 
    20965392 
    20952804 
    20942058 
    20936913 
    20921987 
    20875086 
    20865172 
    20854652 
    20847696 
    20846585 
    20833201 
    20827189 
    20826719 
    20825441 
    20823702 
    20807031 
    22069682 
    20736083 
    20724511 
    20720494 
    20718613 
    20713673 
    20703324 
    20696996 
    20696239 
    20673530 
    20668818 
    20667623 
    20667621 
    20653153 
    20649055 
    20646338 
    20637053 
    20636423 
    20631331 
    20626099 
    20616763 
    20608783 
    20608781 
    20587390 
    20586114 
    20564691 
    20554823 
    20549960 
    20548265 
    20535639 
    20534956 
    20513209 
    20513124 
    20488937 
    20433653 
    20453070 
    20439615 
    20432074 
    23605311 
    20428909 
    20428634 
    20427934 
    20420162 
    20392146 
    20374275 
    20370368 
    20367932 
    20367931 
    20367042 
    20364562 
    20359458 
    20357693 
    20357214 
    22069613 
    20336378 
    20237947 
    21691458 
    20222384 
    20209317 
    20201672 
    20201671 
    20199673 
    20192889 
    20174463 
    20157606 
    20156215 
    20152169 
    20148857 
    20147646 
    20145078 
    20107167 
    20095147 
    20091935 
    20082061 
    20061243 
    20058189 
    20055739 
    20047485 
    20041995 
    21686223 
    20035025 
    20008537 
    20002791 
    20002683 
    19998385 
    19954616 
    19949059 
    19948732 
    19945807 
    19935781 
    19932132 
    19924119 
    19912637 
    19909460 
    19906892 
    19906275 
    19895220 
    19892488 
    19890556 
    19889082 
    19886801 
    19879507 
    19879504 
    19857727 
    19855303 
    19841328 
    19840949 
    19838867 
    19836185 
    19827955 
    19824853 
    19820818 
    19801584 
    19799638 
    19793899 
    19793067 
    19784931 
    19744505 
    19730788 
    19703985 
    19698256 
    19675673 
    19673973 
    19673459 
    19672781 
    19663516 
    19659648 
    19649636 
    19635497 
    19621078 
    19617902 
    19592397 
    19590756 
    19580016 
    19576092 
    19575001 
    19573449 
    19572428 
    23485213 
    19557502 
    19551989 
    19549404 
    19530405 
    19514808 
    19506476 
    19491674 
    19488961 
    19470024 
    19467584 
    19465436 
    19464066 
    19416144 
    19415022 
    19399183 
    19393501 
    19389777 
    19375641 
    19368241 
    19343960 
    19341426 
    19337880 
    19321690 
    19307368 
    19305348 
    19302274 
    19299730 
    19299700 
    19281327 
    19276884 
    19267655 
    19255904 
    19253145 
    19253143 
    19247870 
    19238113 
    19237647 
    19236839 
    19217941 
    19210691 
    19208266 
    19201896 
    19198228 
    19190977 
    19180751 
    19167450 
    19155981 
    19154482 
    19139728 
    19134308 
    19132980 
    19117118 
    19117035 
    19109479 
    19086432 
    19082205 
    19080569 
    19071895 
    19069098 
    19069096 
    19068757 
    19013339 
    19054035 
    19041608 
    19032234 
    19031120 
    19028301 
    19027178 
    19020109 
    19005145 
    18990068 
    18971303 
    18947811 
    18945571 
    18945385 
    18945209 
    18854937 
    18846967 
    18845830 
    18845828 
    18843747 
    18837909 
    18832929 
    18824106 
    18823263 
    18819720 
    18817625 
    18800649 
    18800604 
    18800599 
    18794866 
    18778118 
    18768268 
    18763591 
    18763000 
    18752432 
    18720216 
    18709731 
    18703991 
    18700828 
    18691156 
    18687497 
    18686165 
    18672389 
    18671724 
    18668419 
    18667632 
    18664990 
    18654916 
    18647743 
    18545231 
    18644959 
    18628154 
    18627580 
    18623894 
    18622719 
    18615277 
    18594296 
    18588521 
    23495815 
    18568882 
    18552284 
    18521930 
    18503569 
    18499076 
    18484169 
    18477954 
    18474582 
    18473530 
    18473518 
    18469501 
    18468830 
    18463224 
    18463222 
    18459322 
    18459309 
    18453606 
    18451721 
    18447204 
    18444565 
    18430128 
    18427244 
    18424720 
    18419446 
    18419445 
    18414002 
    18401744 
    18401743 
    18390117 
    18364120 
    18362473 
    18338920 
    18331444 
    18319050 
    18318232 
    18317823 
    18315733 
    18294827 
    18287324 
    18286405 
    18269845 
    18266785 
    18257606 
    18254749 
    18242638 
    23687707 
    18227109 
    18222721 
    18195059 
    18193305 
    18187079 
    18184406 
    18173075 
    21892273 
    19736385 
    18160456 
    18096711 
    18072744 
    18063396 
    18062219 
    18055488 
    18036643 
    18032858 
    18032591 
    18023298 
    18022925 
    18005347 
    17999882 
    17987566 
    17983658 
    17976121 
    17967194 
    17967129 
    17965344 
    17941598 
    17932782 
    17919289 
    17913863 
    17893168 
    17889483 
    17885264 
    17878876 
    17874855 
    17874253 
    17854403 
    17806041 
    17729243 
    17728508 
    17725387 
    17721116 
    17715986 
    17707328 
    17703972 
    17671803 
    17670932 
    17666789 
    17664833 
    17662550 
    17661528 
    17657053 
    17654018 
    17651155 
    17650666 
    17646966 
    17646221 
    17644719 
    17643064 
    17637510 
    17628869 
    17623114 
    17621825 
    17617057 
    17607669 
    17605727 
    17604438 
    17604427 
    17602232 
    17600362 
    17596809 
    17596794 
    17596367 
    17596363 
    17580268 
    17578780 
    17577331 
    17574786 
    17562322 
    17554438 
    17547802 
    17544346 
    17525971 
    17521405 
    17519782 
    17505255 
    17496533 
    17494639 
    17472556 
    17461858 
    17447480 
    17446963 
    17443470 
    17441394 
    17428933 
    17425662 
    17424885 
    17419183 
    17410480 
    17406560 
    17400661 
    17395727 
    17394605 
    17380086 
    17371405 
    17370614 
    17360857 
    17359454 
    17354292 
    17347596 
    17344352 
    17336260 
    17335008 
    17326997 
    17321603 
    17319994 
    17312715 
    17303251 
    17287325 
    17287156 
    17285246 
    17278073 
    17275325 
    17266747 
    17257853 
    17251398 
    17250896 
    17230581 
    17223052 
    17222046 
    17215858 
    17215334 
    17205865 
    17205697 
    17205662 
    17205486 
    17205448 
    17202930 
    17189883 
    17187481 
    17181127 
    17178797 
    17177674 
    17172527 
    17166959 
    17161513 
    17151856 
    17149640 
    17127630 
    17126042 
    17110981 
    17090621 
    17081423 
    17080414 
    17077511 
    17075620 
    17075330 
    17075249 
    17072284 
    17042133 
    17035619 
    17032425 
    17030235 
    17008047 
    16983484 
    16982904 
    16982522 
    16982117 
    16963233 
    16959918 
    16954294 
    16944291 
    16940953 
    16940951 
    16940946 
    16923068 
    16913971 
    16901025 
    16899843 
    16876374 
    16872530 
    16864641 
    16859543 
    16858079 
    16857151 
    16830186 
    16825367 
    16820744 
    16803950 
    16797366 
    16787496 
    16758737 
    16758192 
    16753069 
    16734141 
    16708193 
    16698676 
    16698299 
    16697346 
    16690904 
    16672397 
    16645519 
    16643956 
    16636830 
    16626916 
    16622067 
    16619155 
    16619154 
    16611651 
    16611039 
    16597909 
    16585640 
    16581995 
    16569871 
    16552065 
    16545578 
    16543550 
    16524415 
    16519019 
    16518765 
    16494509 
    16466440 
    16464895 
    16455889 
    16453271 
    16451404 
    16450836 
    16436692 
    16436150 
    16424881 
    16422374 
    16422300 
    16421792 
    16421791 
    16412706 
    16411921 
    16402554 
    16396248 
    16395687 
    16386634 
    16386623 
    20445761 
    16360214 
    16352735 
    16351036 
    16335802 
    16333082 
    16321822 
    16321812 
    16321648 
    16317911 
    16312174 
    16307363 
    16283758 
    16280129 
    16275948 
    16275542 
    16272983 
    16269780 
    16258626 
    16243008 
    16239514 
    16220101 
    16214947 
    16207986 
    16207969 
    16206097 
    16204227 
    16201672 
    16197477 
    16196381 
    16190352 
    16183515 
    16181685 
    16179015 
    16175901 
    16169108 
    16163633 
    16160820 
    16159635 
    16145143 
    16129506 
    16127090 
    16111246 
    16110815 
    16110813 
    16110811 
    16110805 
    16110803 
    16110787 
    16110779 
    16108003 
    16099830 
    16097797 
    16094842 
    16088917 
    16088462 
    16088456 
    16085122 
    16081932 
    16079478 
    16040983 
    16040966 
    16008046 
    16006446 
    16002656 
    16000507 
    15995924 
    15985827 
    15983733 
    15956422 
    15947435 
    15947204 
    15943562 
    15937754 
    15911182 
    15910525 
    15909264 
    15904973 
    15893986 
    15880126 
    15879906 
    15872239 
    15868875 
    15867868 
    15866341 
    15853950 
    15821202 
    15818187 
    15813678 
    15808943 
    15805867 
    15800973 
    15799638 
    15793118 
    15773571 
    15762932 
    15762794 
    15762786 
    15762777 
    15762775 
    15715862 
    15686470 
    15668862 
    15667367 
    15667366 
    15667365 
    15667364 
    15667361 
    15655766 
    15639087 
    15634986 
    15626220 
    19617022 
    15620663 
    15616619 
    15597671 
    15583275 
    15565998 
    15556859 
    15553652 
    15550917 
    15546083 
    15528743 
    15518353 
    15504871 
    15494928 
    15494925 
    15494514 
    15487910 
    15472368 
    15472335 
    15472308 
    15470106 
    15467371 
    15456368 
    15456367 
    15456366 
    15456365 
    15456364 
    15456362 
    15385513 
    15370674 
    15364099 
    15359888 
    15352990 
    15312557 
    15310329 
    15307045 
    15297489 
    15264705 
    15254808 
    15249448 
    15244045 
    15243943 
    15236509 
    15218972 
    15212821 
    15199748 
    15184460 
    15178679 
    15172343 
    15166279 
    15160907 
    15159626 
    15155189 
    15155094 
    15150330 
    15146196 
    15143855 
    15138181 
    15131215 
    15123642 
    15115908 
    15114095 
    15113658 
    15105886 
    15105129 
    15105113 
    15084177 
    15080046 
    15059142 
    15047994 
    15047519 
    15046277 
    15039315 
    15025326 
    15022785 
    15019993 
    15013986 
    15013973 
    14999641 
    14999640 
    14998396 
    14992307 
    14987199 
    14978040 
    14976389 
    14970241 
    14769736 
    14766869 
    14763934 
    14751710 
    14750074 
    14744451 
    14738777 
    14730445 
    14722624 
    14715799 
    14713910 
    14707712 
    14674938 
    14668472 
    14666380 
    14659915 
    14641617 
    14641607 
    14626574 
    14624100 
    14618508 
    14604308 
    14600424 
    14587535 
    14582909 
    14577589 
    14571970 
    14532181 
    14506867 
    13680172 
    13677464 
    12974759 
    12971335 
    12970013 
    12965914 
    12962164 
    12957831 
    12934484 
    12930363 
    12926185 
    12917249 
    12910764 
    12904419 
    12854088 
    12853613 
    12851285 
    12834277 
    12821470 
    12792859 
    12791068 
    12762339 
    12757604 
    12736806 
    12734275 
    12729022 
    12716367 
    12713184 
    12702721 
    12690965 
    12688025 
    12679896 
    12677406 
    12657442 
    12653793 
    12635573 
    12628896 
    12627806 
    12626404 
    12617498 
    12598920 
    12589346 
    12588984 
    12577594 
    12576477 
    12574298 
    12535268 
    12534552 
    12534547 
    12527512 
    12523968 
    12515684 
    12495016 
    12486790 
    12476286 
    12456371 
    12456336 
    12456280 
    12454790 
    12437651 
    12424579 
    12421281 
    12414750 
    12409437 
    12406770 
    12402199 
    12402023 
    12386167 
    12297232 
    12269943 
    12207016 
    12230214 
    12228271 
    12227939 
    12221897 
    12220241 
    12202550 
    12200108 
    12197578 
    12188638 
    12173308 
    12135575 
    12127966 
    12127859 
    12114592 
    12111097 
    12100029 
    12089037 
    12084578 
    12081148 
    12069913 
    12037092 
    12037061 
    12029531 
    12024935 
    12019101 
    12017526 
    12020804 
    12010653 
    12009972 
    12009400 
    12003976 
    11999369 
    11994105 
    11991303 
    11971996 
    11968054 
    11964778 
    11955571 
    11939394 
    11934714 
    11930335 
    11928373 
    11922101 
    11922081 
    11922080 
    11923380 
    11920178 
    11919250 
    11899028 
    11894732 
    11893850 
    11888960 
    11886384 
    11881322 
    11880959 
    11876740 
    11874881 
    11856435 
    11856319 
    11850239 
    11846019 
    11824538 
    11823122 
    11819919 
    11815751 
    11813843 
    11809826 
    11801576 
    11800273 
    11798263 
    11797610 
    11797607 
    11770995 
    11766380 
    11766098 
    11759255 
    11753999 
    11751105 
    11750162 
    11740824 
    11714066 
    11714060 
    11710212 
    11710199 
    11710023 
    11704746 
    11704742 
    11693382 
    11683266 
    11682494 
    11673876 
    11669622 
    11641548 
    11607782 
    11603793 
    11601711 
    11598061 
    11588697 
    11560305 
    11525219 
    11525216 
    11521501 
    11505386 
    11503293 
    11502060 
    11498744 
    11488905 
    11483612 
    11480723 
    11473348 
    11472974 
    11470361 
    11464977 
    11453253 
    11447710 
    11445520 
    11445162 
    11444778 
    11435728 
    11429479 
    11429025 
    11429016 
    11428997 
    11422136 
    11419706 
    11413925 
    11409261 
    11412696 
    11393772 
    11392574 
    11391953 
    11388451 
    11383899 
    11381326 
    11379802 
    11331716 
    11358516 
    11346899 
    11342778 
    11325981 
    11322698 
    11295859 
    11295652 
    11292712 
    11292706 
    11272851 
    11269502 
    11251631 
    11247273 
    11238906 
    11238098 
    11231056 
    11219546 
    11215485 
    11211181 
    11204778 
    11204148 
    11204140 
    11181372 
    11180076 
    11153588 
    11137006 
    11131094 
    11128589 
    11127497 
    11124364 
    11123449 
    11105537 
    11087443 
    11075373 
    11069576 
    11055651 
    11053793 
    11035584 
    11033020 
    11026827 
    11015433 
    11003449 
    11000429 
    10959663 
    10951964 
    10947969 
    10947962 
    10938515 
    10936658 
    10921970 
    23105266 
    10913753 
    10908023 
    10889818 
    10889235 
    10877800 
    10869365 
    10865899 
    10860545 
    10858878 
    10848921 
    10841117 
    10833405 
    10828720 
    10821171 
    10807050 
    10799807 
    10799464 
    10787047 
    10781748 
    10769178 
    10767433 
    10765040 
    10749460 
    10749445 
    10747121 
    10732844 
    10677362 
    10719306 
    10718854 
    10713338 
    10708380 
    10678438 
    10684373 
    10674565 
    10655350 
    10631858 
    10629598 
    10629485 
    10628932 
    10618137 
    10618249 
    10598069 
    10598068 
    10553664 
    10594355 
    10591499 
    10589011 
    10580272 
    10574543 
    10574505 
    10572490 
    10564840 
    10562808 
    10550751 
    10548587 
    10542073 
    10541422 
    10531650 
    10530885 
    10517927 
    10488181 
    10482834 
    10480308 
    10474033 
    10472316 
    10469297 
    10461089 
    10460619 
    10458527 
    10453741 
    10452949 
    10452338 
    10448329 
    10441484 
    10435760 
    10434564 
    10423047 
    10421263 
    10420595 
    10412684 
    23105210 
    10378036 
    10375182 
    10367640 
    10361723 
    10353584 
    10348035 
    10343631 
    10333395 
    10231324 
    10225850 
    10223970 
    10217191 
    10212875 
    10203536 
    10099354 
    10096130 
    10092944 
    10088929 
    10087168 
    10084736 
    10076909 
    10075501 
    10075496 
    10074559 
    10074549 
    10069885 
    10065855 
    10049878 
    10028811 
    10027433 
    9988514 
    9988503 
    9986830 
    9933913 
    9930067 
    9916459 
    9894250 
    9880102 
    9866696 
    9854802 
    9854096 
    9834982 
    9830095 
    9828462 
    9827989 
    9825524 
    9818356 
    9817884 
    9803534 
    9802214 
    9801343 
    9801342 
    9787330 
    9779353 
    9773954 
    9775652 
    9774870 
    9768579 
    9758790 
    9756952 
    9754008 
    9738075 
    9727800 
    9723708 
    9723670 
    9720820 
    9720206 
    9717392 
    9717388 
    9697338 
    9692519 
    9688180 
    9687432 
    9684966 
    9681123 
    9670764 
    9658953 
    9658388 
    9657566 
    9649840 
    9638619 
    9636871 
    9623506 
    9620387 
    9615480 
    9615479 
    9613784 
    9609605 
    9542914 
    9542605 
    9567092 
    9534923 
    9532788 
    9530507 
    9523846 
    9523629 
    9502588 
    9501294 
    9477552 
    9494720 
    9493392 
    9476481 
    9470421 
    9466262 
    9465863 
    9463945 
    9421924 
    9412580 
    9402374 
    9401681 
    23100916 
    23100915 
    9369821 
    9367462 
    9350029 
    9325167 
    9316781 
    9316918 
    9276391 
    9388611 
    9289038 
    9279718 
    9246742 
    9228393 
    16854172 
    9379561 
    9248745 
    9248266 
    9215251 
    9200768 
    9208052 
    9204292 
    9188920 
    9173896 
    9145515 
    9109150 
    9193861 
    9108182 
    9090064 
    9066519 
    9055421 
    9055416 
    9036799 
    9123140 
    9120237 
    9102350 
    9059985 
    9023927 
    8995367 
    18472860 
    9691499 
    9406054 
    9333708 
    9299754 
    9187854 
    9112068 
    9072010 
    9058244 
    9034733 
    8968919 
    9048873 
    9027650 
    9027442 
    8960907 
    8953717 
    9144998 
    8990530 
    8957199 
    8950114 
    8939163 
    8929397 
    8912764 
    8906220 
    20882457 
    8943743 
    8884370 
    8880501 
    8938890 
    8913648 
    8911065 
    9116880 
    8818881 
    8686977 
    8987467 
    8894766 
    8837377 
    8765818 
    8699115 
    8691508 
    8680668 
    8679226 
    8685949 
    8809544 
    8809426 
    8766373 
    8752728 
    8665060 
    8645995 
    8836337 
    8732243 
    9273358 
    8975615 
    8852911 
    8801711 
    18611704 
    8835132 
    8801087 
    8801086 
    8657718 
    9095230 
    9026084 
    8981783 
    8976030 
    8966370 
    8908281 
    8789599 
    8786752 
    8744115 
    8554317 
    8543032 
    8747778 
    8588743 
    8586691 
    8586684 
    8539288 
    8537546 
    7591135 
    8521952 
    7499689 
    7576539 
    7568239 
    8647384 
    8607563 
    8592389 
    8560740 
    7583851 
    7582030 
    7551398 
    8587585 
    7647590 
    7552925 
    8532052 
    7633719 
    7648582 
    8553991 
    8531017 
    7665670 
    7628696 
    7788514 
    7772020 
    7769291 
    7605978 
    7496151 
    8531928 
    7666302 
    7629297 
    7585696 
    7790472 
    7787181 
    7592546 
    7888788 
    7753772 
    7855032 
    7748536 
    7745300 
    7714217 
    7828463 
    9805081 
    8926621 
    8724248 
    8612007 
    8554284 
    8548126 
    8540378 
    8531015 
    7812553 
    7765866 
    7714664 
    7650587 
    7960122 
    7957259 
    8000004 
    7993094 
    7973517 
    7944001 
    7927220 
    7925444 
    7829139 
    7774963 
    23605971 
    7877862 
    7843181 
    7814575 
    7746288 
    8038618 
    7928678 
    7813502 
    8556474 
    8083067 
    7805687 
    7518969 
    8006306 
    7898510 
    8209207 
    8195680 
    8182235 
    8087658 
    8070315 
    8070314 
    7810274 
    8163786 
    8037357 
    8194071 
    23605921 
    8195392 
    8193421 
    8112866 
    8011808 
    7845416 
    8150974 
    8106769 
    8306981 
    8283139 
    8277946 
    8276189 
    8168555 
    8114372 
    8079074 
    7965494 
    7609746 
    7536840 
    7508461 
    7496924 
    8294015 
    8277389 
    8022463 
    8214995 
    8406876 
    8285610 
    8277259 
    8246885 
    8246256 
    8227861 
    7935565 
    7764387 
    7764343 
    7764298 
    10780892 
    10780890 
    8291200 
    24420213 
    8408572 
    8368653 
    8352373 
    8351356 
    8368845 
    8284952 
    8235942 
    8213847 
    8212681 
    8398091 
    8360523 
    8341095 
    8320488 
    8257396 
    8114802 
    8513878 
    8413500 
    8131197 
    8508749 
    8406634 
    8354480 
    7618240 
    8355644 
    8326995 
    8319120 
    8445291 
    8383593 
    8507937 
    8469086 
    8468494 
    8461406 
    8456571 
    8432735 
    8430958 
    8455182 
    8439816 
    8397916 
    8368157 
    8324389 
    8309310 
    8296152 
    8265852 
    8242803 
    8214814 
    1452033 
    1363631 
    1281180 
    1431110 
    1480209 
    1401642 
    1485863 
    1383191 
    1459118 
    1404540 
    1644844 
    1508158 
    1402105 
    1624793 
    1612736 
    1512575 
    1512574 
    1495474 
    1421313 
    1417585 
    1405104 
    1596022 
    1402236 
    1607551 
    1512093 
    1375195 
    1322186 
    1599871 
    1497336 
    1397200 
    1373339 
    1583388 
    1563634 
    1562266 
    1377093 
    1562594 
    1541546 
    1562691 
    1562681 
    1537906 
    1372432 
    1371045 
    1368777 
    9768220 
    1731061 
    1633294 
    1612654 
    1593492 
    1584066 
    1568029 
    1539145 
    1485005 
    1818547 
    1682800 
    1774238 
    1940388 
    1913824 
    1939562 
    1772354 
    1759818 
    1747861 
    1934135 
    1934134 
    1890268 
    1877535 
    1776466 
    1761400 
    1855978 
    1839517 
    2037796 
    1923595 
    1855375 
    1897689 
    2070134 
    1367012 
    1878881 
    1998483 
    1997436 
    1749392 
    1706370 
    16348418 
    2039083 
    2039078 
    1994786 
    1993855 
    1995716 
    1991145 
    2071555 
    1987045 
    1987044 
    1954837 
    1916435 
    1820360 
    1820356 
    1814275 
    1809694 
    2177074 
    1979418 
    2258912 
    2099362 
    2076554 
    2076553 
    1978070 
    2288495 
    2230656 
    2230542 
    2258049 
    2229814 
    2178052 
    2144896 
    2253084 
    2250647 
    2229387 
    2204899 
    2225145 
    2175766 
    2229227 
    2199519 
    2194959 
    2165878 
    2163668 
    2120181 
    2194669 
    2203361 
    2183637 
    1366537 
    2115487 
    2360327 
    2331322 
    2327613 
    2198374 
    2326614 
    2312993 
    2188321 
    2179434 
    1690004 
    2182390 
    2367456 
    2367358 
    2192129 
    2191220 
    2405341 
    2386604 
    2352056 
    2284583 
    2210557 
    2187818 
    2185869 
    2183644 
    2128104 
    2109199 
    2107178 
    2101864 
    2093121 
    2687424 
    2596762 
    2589397 
    2692798 
    2690287 
    2532389 
    2511230 
    2693947 
    2685598 
    2684845 
    2811014 
    2778243 
    2693965 
    2686148 
    2674194 
    2671215 
    2764017 
    2680477 
    2698122 
    2677714 
    2666440 
    2656883 
    2473507 
    2730149 
    2783035 
    2670365 
    2654008 
    2651510 
    2525438 
    2522977 
    2502527 
    2497015 
    2466902 
    2917790 
    2500384 
    2499786 
    2493390 
    2670140 
    2741129 
    2709653 
    2707882 
    2659757 
    2658023 
    2651315 
    2643370 
    2613343 
    2585333 
    2490088 
    3204251 
    3071196 
    3062092 
    3244923 
    3171354 
    3139729 
    3151663 
    3076189 
    3045451 
    2848632 
    3046514 
    3042878 
    3042837 
    3392373 
    3152275 
    3140016 
    3137153 
    2457159 
    3286316 
    3281999 
    3288457 
    3281728 
    3279096 
    3131949 
    3123541 
    3276138 
    3152082 
    3150691 
    3147375 
    3123399 
    3077714 
    3045013 
    2454152 
    2452531 
    3693760 
    3325629 
    3329002 
    3126020 
    3319301 
    3318540 
    3308679 
    3121779 
    3330331 
    3136529 
    3312558 
    3113304 
    3312024 
    3117779 
    3556066 
    3302198 
    3549914 
    3299100 
    3294887 
    3549841 
    3110398 
    2957876 
    3552386 
    3296104 
    2438068 
    3819216 
    3545659 
    3541723 
    3805546 
    3600944 
    3566045 
    3540137 
    3539998 
    3323853 
    3321416 
    3112026 
    3098861 
    2823667 
    3774662 
    3490949 
    3102382 
    3779941 
    3490933 
    3765953 
    3532635 
    3532634 
    3532633 
    3532632 
    3527473 
    3522709 
    3094289 
    3516103 
    2426444 
    3958392 
    3516034 
    3521548 
    3512843 
    2420821 
    3700367 
    3484920 
    3085531 
    3013242 
    3789703 
    3765706 
    3764353 
    3522437 
    2419255 
    3910599 
    3833108 
    3911818 
    3910731 
    3905872 
    3900240 
    3877475 
    4048060 
    3900143 
    2411467 
    3901333 
    4008814 
    3924983 
    3925546 
    3986142 
    3898993 
    3891592 
    3980087 
    3925571 
    3884714 
    3899058 
    3889593 
    3847303 
    3993865 
    3930574 
    3930408 
    3926825 
    3904255 
    3892239 
    3891635 
    2409726 
    6392421 
    6397961 
    6334111 
    6436783 
    6390082 
    6389649 
    6392888 
    6392881 
    6237100 
    6488512 
    6208828 
    6493314 
    6384773 
    6378811 
    6373891 
    6372479 
    6425387 
    6377438 
    6331399 
    6379582 
    6376702 
    6367457 
    6363547 
    6443202 
    6422293 
    6421747 
    6397481 
    6394433 
    6379918 
    6373622 
    6365791 
    6363306 
    6319306 
    6209813 
    6605984 
    6359996 
    6229467 
    6614602 
    6411795 
    6356408 
    6363780 
    6347893 
    6347877 
    6192954 
    6859719 
    6358537 
    6351661 
    6880743 
    6407419 
    6348977 
    6854194 
    6406541 
    6340490 
    6342173 
    6337264 
    6402546 
    6855621 
    6600385 
    6401419 
    6364900 
    6337106 
    6754984 
    7148753 
    6759936 
    6293753 
    6296961 
    7116961 
    6813358 
    6763647 
    6183785 
    7124764 
    6982789 
    6813743 
    7103150 
    7050165 
    6812448 
    6281592 
    6805156 
    6801788 
    7038011 
    6956241 
    6948978 
    6818482 
    6281607 
    6190218 
    6801921 
    6176152 
    7333002 
    7026647 
    7296808 
    7020504 
    6168556 
    7011404 
    7027777 
    6161952 
    6971763 
    6781385 
    7031134 
    7024298 
    7008988 
    7437073 
    7417529 
    7008641 
    7001651 
    7406254 
    7449074 
    7192501 
    7004662 
    7387020 
    7381300 
    7396594 
    6989934 
    6995833 
    6776945 
    6988011 
    7361807 
    6993041 
    6967864 
    6990268 
    7390639 
    6997211 
    6779440 
    6766286 
    94341 
    118999 
    117951 
    495632 
    383620 
    113131 
    384254 
    429715 
    571652 
    376756 
    87284 
    761550 
    469266 
    370030 
    366048 
    121207 
    102184 
    738437 
    366295 
    364887 
    101104 
    697183 
    350109 
    116327 
    639694 
    662625 
    564918 
    416063 
    75900 
    389368 
    369730 
    348345 
    348344 
    756761 
    414857 
    367625 
    342606 
    107579 
    100400 
    329764 
    201010 
    856795 
    326434 
    321971 
    792812 
    795563 
    788951 
    828358 
    932340 
    946540 
    816237 
    772255 
    1100007 
    1104918 
    804991 
    1097279 
    4155904 
    4842723 
    4283487 
    4205309 
    4132122 
    4202251 
    4201015 
    4217903 
    4591325 
    4634122 
    5044224 
    4622826 
    5550348 
    4990946 
    4991316 
    4987534 
    5653748 
    5302655 
    14339012 
    14312961 
    14232097 
    13702521 
    13209369 
